1.1764048729641878   2.239353863715039   1.3462203571885687
3.479871555247697   9.583463479670637   0.3743977409374818
4.952884598973992   9.920846724006932   5.998422879716454
6.894752031241716   5.066105719436666   0.5158627235511085
0.9739526610504076   7.025780379415044   5.178317876076989
5.89738530883462   4.738670438848884   3.2499327063356054
9.457139109888702   1.3741093675691094   3.431869642719925
9.40424388906559   3.6018960271340417   1.6766837081942747
4.607879220488906   5.351956472518649   5.287901685787997
8.505556006911075   0.42432023809408775   0.03806558185630925
9.378461254791294   2.207040810585856   4.429305819761773
2.8951166592411206   3.912973520337611   3.985387795680386
3.604943149759352   1.077054890134021   2.826678901996819
4.3800364139439365   2.6496296586004915   4.642416445076297
1.2144934726942596   9.146438291594578   3.0101587683458884
5.141897994243204   4.216963950699816   1.671042326006233
5.344814514595957   9.091062853449975   0.6705526183514642
6.701058426806492   6.32538232277121   2.914013339737732
6.558848888147367   0.43094085151059897   5.2990579229987524
6.009835205016008   5.762185218552949   3.0347132614543564
7.3240530840848335   2.7779316442356587   2.0490918047516367
9.945145046521857   7.343131680272497   6.219157709391234
0.5294998463688424   1.5289864782759137   2.250910406152046
4.902741990803103   1.7728982619842413   5.290775910256665
0.28501838680151687   2.326564151996117   2.3281948247633486
7.941963405192979   8.338796235849411   2.9398996314784993
5.8170965616389445   1.425055819206309   3.744975023032009
8.004406991113745   3.171808210969852   0.29705255559027854
3.5148230861233247   7.6941874556284775   4.83140332801155
2.3327199724704983   6.285289323266507   2.7646589397157926
2.098780916793313   1.885074624293233   1.2377106810509981
2.0349975672341993   0.632409890678578   4.275021574078233
6.081020009746947   3.9116309254367363   3.5853381984069874
3.408647722974935   6.361695283932796   1.0275787121003461
0.7154566394458921   8.003354725212988   3.1270462021467242
9.175723445911315   7.7092636766612666   3.7850539305649376
3.0609387057113815   2.928387303322369   4.81245172486467
9.079564461420203   6.437329085639075   5.866859748862119
9.070366794526509   9.607309531302826   0.22967904677876028
7.284215353605394   3.9565466819912203   5.039567466212012
9.922454886473162   5.116901401562069   1.7917352200015295
6.694837619964182   8.87581216020316   5.87023538452218
8.071933325569319   4.490670387611051   3.695307598073953
1.812502857504185   7.640101662529397   2.9579015832975077
0.5514831821420711   3.7663502244494884   3.72534116503092
2.357943157954594   9.482250818566023   5.768091787715947
0.12241144924274766   6.015550358342483   2.7414534789826113
7.054708467294251   9.648642593124455   1.8585598341289737
0.10044354700128266   9.712494605811257   1.4148485116981782
8.99206189490833   5.534314822904028   2.977064545662832
7.76502574072235   0.9248797161812702   5.730592802917755
4.592156764382248   7.831073070566884   3.981527227263997
4.2230118365477844   7.01939581541313   5.676314542030568
8.10601801725029   1.895912458522355   3.1865897280177635
7.4954584979133845   5.802878197857692   2.657893232455779
4.445925608255639   8.797194920510952   6.172947166931715
2.2389386523626267   3.3305210684786872   4.2303395802487085
6.401821622114269   7.40832963645269   1.392933630296133
2.0141433899599193   4.911543195681123   4.259746692818156
0.8095608635597175   0.7120232834975107   3.964056847955258
3.8124105967244653   4.337382699262765   3.562337779902649
7.859416921155681   6.783828932697517   1.6544690083956275
3.7370330571361383   5.276055423668929   3.636629399025416
0.8978207969660943   5.5070427993298   6.172700407082256
