4.743407386408673   0.5935289197623251   2.8469251490878613
0.23009602082080038   2.421120722425275   5.225547489086061
4.0344646980099546   9.6622471078028   4.934707690934498
4.666740384904687   3.731015915161365   1.8292260166431134
2.733348953194094   6.5281369759978745   5.072024585600881
6.679316934494606   4.637846162148816   3.2362471754344675
6.7350203251370955   8.460214044607953   3.6789428186697735
2.457666033835281   0.5384149201192657   2.5926137863339025
4.676133465045265   9.032540441798806   3.3895994608371938
2.5631715588147963   1.831815332369525   0.9531470387062837
1.4753447615385324   1.5642679883872899   5.13560454060711
5.586808010809779   4.102873547033556   3.1067581673146205
3.8423898320749883   2.817373899797626   3.4398639722601567
4.688520871811079   1.915993689214649   4.2653527592606775
0.9638420967081123   0.5311250583366182   2.5668578976328025
2.845529613435798   4.199375534381989   2.2820673198055763
8.119590572986416   5.379829397407784   0.6436097121954908
6.043619854729556   5.842588664594551   2.333641224509821
6.663102364943553   1.1237869591337026   4.839834908261968
8.390510814847222   7.3935398032235   4.305839703709822
5.169861144049665   2.93297369231586   2.2586630091647253
1.8355528889913442   7.16387782125122   4.326501945431656
3.572262078719958   1.3728282024389582   2.693518695789273
2.564195607785398   8.879567657302514   4.940334658492667
0.3332540707375042   1.5231169013847834   2.6937662582275776
3.7434387191011393   5.229097229150346   2.075220633746317
5.727202672120085   2.193149526785884   2.5390222226124766
8.098314547179307   3.59264391954097   1.6821804253133035
6.359961877723428   9.264257468400933   5.762203952996865
1.0932874676971926   5.481492666611253   3.5937665639306835
2.094579745003171   2.5263597063861036   5.334656932802828
8.471371548868367   9.92968149698714   5.945451622561362
6.484662593865692   2.677407343337026   3.0262668324079502
4.522698841102866   4.823129882698428   6.021510900982788
8.586707157403614   8.801356088700055   3.744376455603722
7.276222670710856   3.959238548646827   2.9520843349572448
5.3027302382919315   5.157889611702916   4.778911491230407
9.459281776016184   4.336527802062315   4.812610482921067
7.545204442344813   1.980389468752242   0.32613433248654405
7.1988145235128   3.044319123135053   3.6357139258395352
0.8074780101635499   4.57252562780499   1.9301058685086603
9.727160016559894   9.4194788482668   5.462073838532924
9.60554322699108   6.34376106425691   2.8973546860706847
3.598250094439828   8.656081388705298   4.2434420633289225
6.498341689905332   3.7832620168687767   5.206327319085658
4.540944510863427   7.999861976764642   5.683541184034833
9.536750022723893   5.50206872679094   3.0553234319728664
8.406923158599477   1.4269285785693797   2.473346590702863
2.1635441581680084   8.112530174942124   2.6310411591243783
1.8772313185018632   4.031044053377309   3.151502294761115
7.752113022886438   0.46995986332671474   4.1752683097042125
5.479555834633076   9.881566843701771   4.713478773614867
5.095191906945678   6.6924481358196335   5.132463987701644
8.648125918875879   4.375543958655691   2.5659479630420625
0.3491629249221695   7.154911650964843   3.7539597104518845
5.514820588614663   7.859582557121979   0.20333805945235184
0.9998864375311418   3.349573158379135   0.3100699966459983
6.430626073892261   6.671894407577557   0.05684891941637282
9.26939262379786   2.094989982509825   5.8282440663601
9.85427522488339   0.3486839477894321   4.407328937045537
4.467611609581736   5.972641933430436   1.9056882121517278
7.590631056940779   9.386362274867256   0.6843138268367596
2.1369058231527958   5.578714121378299   3.080353729114576
3.4000155053763157   7.182470893413054   4.874776967053884
