7.464653163894381   4.007500890698267   6.279060047136709
2.483498038136197   3.391850266522371   0.6807476513135436
4.351757493494791   8.975429293266894   0.27283306614597647
7.047537568439174   5.593071183996546   5.76010502061119
7.095189012097226   8.379817457042508   4.538116940713373
8.000186240390097   9.388420957060475   4.3902642059833035
0.9166912537633551   3.358051809200824   1.3569193608280568
0.2467845445860224   7.680582702734037   2.7603663453596283
4.209194074866043   5.114645996800701   0.29692317138753865
8.190857299206321   2.8691765937116265   2.3058909459148285
2.3797056007438453   4.28546184047733   6.0600173773550745
4.459249799730651   1.9762743024167784   4.0105439871648825
3.363120273832477   3.6974484814794684   0.9401847731963862
4.202077203665188   6.170444450398872   3.8212662780885247
9.947606719317593   5.121197252187327   3.677654274415385
5.672499558188937   6.931994848171535   2.019819478649204
6.099023817193684   8.2369176994453   1.786653851308434
8.790446489157667   8.69773607904714   0.4731163577922732
1.1623161687789816   1.1266616133488156   5.618004311183439
4.132046193112501   1.146608602456602   2.6235907718627796
4.424780846667194   9.960614445935912   0.9903687934274855
3.0011542913668716   9.291557105428124   2.0897306007709506
9.052646763176968   2.788699256589604   2.2651656810843264
3.404731554971137   0.0903880045394988   5.36116186116629
5.939825728371969   4.169186095799988   3.872836933386596
5.484347115136981   4.879853040348781   0.11099961809526543
7.277184266919198   2.8738307884304057   1.9652067708680787
9.095245655369656   4.456967804065566   1.0281191519415829
2.6512980666763997   5.932200651860683   4.738395991989609
4.0965611125830055   8.033975187955104   4.177281335945609
0.6610521943467098   4.166089645798597   3.6778326653719824
9.899145259213844   1.2195913058105148   4.4735544613137606
4.617877099677216   3.938406581138642   5.311068648631178
1.0038202323590162   8.459809273838257   1.103003797565532
7.925469202473791   8.360705451958761   3.954945331599856
8.229338688767404   7.32580735031326   4.002332522867469
5.442209571815199   1.1990979539898887   3.668319727475028
1.969481087067703   6.53764221407572   0.3173638054615112
9.466789168181585   5.948903975655865   5.296939446840658
8.09571031171627   5.493302326265064   4.211916959307762
3.0468488877972564   7.375392990636128   1.1770970464972674
4.812064501342769   6.947648081804449   1.1728091098113511
7.721388589928347   6.349366555244934   3.4067834812106383
2.3726374249317534   0.16012856785267504   3.155723377482995
0.5732168257981984   1.9631169102728478   2.6787501483021514
9.284705052406922   0.018055446035290856   0.2856541877972224
6.45196732484679   2.8262518958848752   4.0338803956254266
2.5883498574303654   2.577842711760687   3.3590699508746287
7.114199360616299   7.034100126306555   1.438363216938384
2.8103238530218335   5.012199137053401   3.636550493638342
2.019854437203228   1.2552085641986652   5.155214409791545
6.849364269749566   9.389380386680552   3.534743905806067
3.313482166211957   6.567698093474499   3.9691676791004205
6.42198558226271   1.0815294638794704   0.7399890200813686
8.783901323077435   3.669520097625183   1.1616418757576086
5.242770448474438   9.705388158854143   0.7072397210563357
7.994076231534082   1.22017056475554   3.327075641408075
6.484164545154084   0.19442269554531055   1.987492515850958
2.7963655800029823   8.365054592398126   1.429448770854438
8.540614456312493   6.300372823522448   3.641152882804735
6.613881656645687   4.8365953610588965   5.8241575890060036
1.0541140338395865   5.757847087723092   1.2619947557761517
2.2498839043758996   7.675943481621397   2.4378159128796058
3.5615100605570325   2.9078820968663477   4.607642658259945
