3.407627421943678   7.11980679775839   4.480457950313796
0.9243992375604513   2.0004973611268295   4.136474515787731
2.791751271751733   0.2118678517191075   4.536461571928897
3.792717842716154   3.323233053950087   2.397045644432686
1.095936466955336   5.7999128322776325   3.8886795208032385
5.629295404506743   7.66937101394894   3.4669644164445446
7.901074795790123   7.38452500732871   3.2133482618165172
0.22926259573999042   0.6175216113042512   3.953772086578296
4.051331072108257   2.230976458467901   2.7244322211884024
4.982253524198558   3.8160007893360532   2.623385120231919
9.814649417230806   3.5717294685613137   0.4587254896062726
4.25668590863951   6.77119902699001   4.026379656148435
2.1821239619849555   4.147816983658759   4.367489169531866
7.68606997823677   2.0533913586654755   4.828030326547856
1.9643134536298552   0.9888636754924355   3.5479853469079474
2.917393834689522   4.835665704081327   2.263479688210891
7.65245222316331   0.8441264683390466   1.5027827881498614
7.693178932771858   8.212363707591509   2.34287964174479
6.752014073566834   9.213656502261417   4.143375399231743
6.895661182335782   5.688116838402321   0.5444347003403175
6.704354546616076   0.600113669246316   5.581152812782082
9.562879898726813   9.806468484578062   4.677527822503018
3.4193894355611327   1.4235103641951405   2.7465602637041924
0.7551549390420758   9.229030514683998   0.8678601697672288
2.3623241661986145   2.174162999689531   0.05481472360896919
2.451112028423728   6.723593273599431   1.8013384562677597
5.039153068854552   2.7528915130719565   2.659383655181732
0.03551360863368408   4.932090279184392   0.00027820800459649186
6.509046187101813   1.8675009691497253   5.1005504138858635
7.457435175734265   2.871808332034074   3.4685725508024565
4.756673395043731   1.411720225228492   4.17742332402661
2.5490972463960695   8.255868362806316   2.315527232963062
6.871239342564678   3.8453353917282302   3.5395199734077503
1.8970636547784723   3.093541088475904   5.894571447564564
6.878836418936989   8.232580924870703   3.3270464085800437
5.903334858250484   4.61868546195274   3.0907761063953503
5.798945289911499   3.5528223354423236   4.968815405635504
8.30146710631545   4.174117056586509   4.766391703880286
8.832550700717684   0.6290394083484483   5.47147822477669
8.826941106470976   2.546100962771461   3.450088455124589
6.155712881108241   6.583158642898013   3.5539200190331246
9.797554845949596   2.0392149415318044   4.421714306219718
9.873949310203084   5.778794854982902   2.0836170353634613
3.0316958372418483   6.08297689970106   3.1364333698650944
8.070303141284565   5.336036874189276   3.438915581684752
4.935921437241507   5.826775833518871   0.568233847705431
9.124889688075516   4.739479011070901   3.2985432228345517
1.9084189242853666   5.808702475775595   1.855275490800949
4.512285327183879   7.770264712652592   1.5189059600867891
0.5640156044135992   6.945390541724801   2.4892145614463312
5.253856147902185   0.09098428694283833   3.197613269454435
4.314917601281406   0.5099905900509303   5.297911427721834
4.389580763501501   5.2135670404838095   5.518660227317853
8.74497932951826   5.9554897615457865   1.9032995092813951
9.150535095580272   8.054204561428122   2.0833068196977433
7.0657489169516134   7.3016914132240895   1.822822920496813
0.6888776466115748   3.3404390626022415   4.936003593865725
4.2830574906867485   4.251128404154361   5.474050501313092
1.9706127555822084   9.530371251826462   3.2962285094947243
1.7719182765792603   8.01016864042569   4.673752943608057
9.893829110117043   7.536577219061957   1.9573392250192483
8.778929554300044   9.477189021042175   5.878981017107197
1.1319231348295276   4.858960407861093   4.5521527547561655
1.519739255950813   6.984006316036359   4.014657116734045
