2.8998780029717492   9.74903960599445   3.226166710045869
1.3615367578697009   3.3439969691621942   5.151093729243484
4.62567623088918   9.317393559073063   4.735716203129853
4.435418513137779   4.072808679270821   2.454209025382599
2.41483305701403   6.908590778370736   4.63979686115071
6.220507465265742   5.556214770548018   3.7442268826332215
6.574946307553206   7.727998356304383   3.8982157687263115
1.5876767880696152   0.2249854201517425   2.127250830805817
5.838172683724217   9.409803780458715   3.253880424035621
2.732021676595949   1.2633680918179226   0.8436743397209515
1.9474535720356532   2.6791683235482857   5.511692236782188
5.950341586642215   4.581831847970325   2.163079892585808
3.784844868495541   2.593967041681038   3.4399483611145767
6.226254326341215   1.9562216282246827   4.230071863665152
0.39220351887565424   0.1685344377811952   2.831783402937168
2.7213948229868206   5.069240190347748   2.295164190481452
7.971337506795847   5.662537090918524   0.5992944532409324
6.660758124995501   6.683242678143624   2.91370149314666
6.60688320408031   0.24222489246066203   4.579509608247068
7.765510945102896   7.051104510531662   5.268367745099026
4.863025764987155   2.664142598375209   1.4698716543899208
0.37634740730402094   8.257484855745755   4.504468484699479
4.344506869024107   1.5630643694716548   2.2500346361620114
2.3040500151743846   8.813544341416819   5.30895839135961
9.818860388734814   1.406090288791741   1.6479015351185973
2.6579283711680963   5.977139230087514   2.290267278832429
5.305460193184506   1.6325754333636704   2.3706202461655224
7.989602540167352   3.7875423763303226   1.4121588367839941
6.594623641408706   8.834259247988436   5.9256825737067755
1.4111668622220142   5.932871935002791   3.4138206889662825
2.7877213048429805   3.388929163236283   5.136916912715442
9.57695052962987   0.40982465493773224   6.180984051584858
7.418279034192269   1.1898585368189933   2.6373259447041946
4.004681729450928   5.5847856899102934   6.197040424958826
8.002857909906101   8.923529243180921   3.988396378189259
7.509774669690449   4.613178244084973   2.811634104188319
5.099402138802075   5.010812902082148   4.159009856553788
8.880097773506712   4.3233436310281   4.682128805537763
7.887251780405723   1.8748168010567006   6.054245230108552
7.304199388082973   2.568173525518679   3.6392633882128447
9.120000086632292   5.374877231758635   2.3119645678875473
9.092394529503936   9.276756919683185   5.875414165560173
9.666911570677158   6.445985292525091   2.6478112298229552
3.5909626626698863   8.592632836537774   3.727352520270575
6.1038829347602706   3.695203667633614   5.208224979415442
4.60781119718147   8.220367719092485   5.995500644329308
8.736737639559342   6.162702219185486   3.600407818681913
8.68925308659886   2.304393331180195   3.1698201561423067
1.3257768990856673   7.1725186612693435   2.237019462645168
1.7246882939480552   5.145842196299027   3.5279276946332767
8.774642387352825   1.424305713017593   3.995473955732643
4.737134404513185   0.17807896140678525   4.4999500713726475
5.401679387168658   5.977135807537447   4.560968327584834
8.83930431548022   3.1426543090804717   2.001636409094833
8.974844171070142   8.277609472498792   3.5871346142940363
5.599703404157972   7.634278980874962   0.6145197834203524
0.48021931474343205   3.5583843750828095   6.015293675673247
7.041885282259765   5.5338820190365015   5.242726380285982
0.8783047383716425   2.3304825591454774   5.269703368848221
0.7276080285352271   9.17288398745602   4.159842499538043
4.655232763991268   6.3439272860683715   1.1441197412119133
8.109411252602133   0.4814401225674871   6.147138285574551
0.8220549577826249   4.5118293234106925   3.277737812923972
3.5209826831442   7.191641624294317   4.851818887097993
