3.957441623889828   4.165512994982248   0.6932372464401205
6.654450524867912   5.045788685894429   6.1075276871075825
9.803407808436848   9.115540380844333   3.205648768612374
3.930808632208617   1.9691557999486113   3.0115394973194336
9.412099147701321   3.072830112974365   3.1497611897740754
1.8240342505770109   0.25322067243145097   0.3428096292868039
8.662172736937741   4.935914467294781   3.9171933170162694
3.160332451285107   9.455859540125115   3.2130329334109713
3.5766477273240556   0.2891406544816326   4.144742190978576
2.044395847479339   2.4452664841691774   3.224187013451888
7.0866501931647266   8.53017432823861   5.1621618343284705
2.4467929766663774   8.263178060659282   2.9625801046187505
3.1786037891035646   5.200545623927889   5.197867597313446
3.493683056730174   8.063804493684817   0.11549041799797977
4.7667763792405475   2.1570794603344345   3.323837025930228
4.235190884129763   0.7107246446306336   1.1640494196240296
6.117669496874183   0.6818520608234201   1.046687375029132
9.575032223371522   5.3242607873621255   3.8137430838380717
2.7028636613707375   6.707184572988156   5.281880992148155
3.848640861508428   8.896956608141574   2.0798611377604304
6.30808133163504   2.818770189409412   4.3868801179178645
6.605668311921476   2.050005553118644   5.793451286354332
2.1171626710555396   3.9862198809545157   3.2290190476536402
1.4875038067333262   9.287509299686311   5.163637742770427
0.19203548970014717   1.934319570436386   0.7529382445420776
1.5953159552420773   8.018452166405666   0.6186684587533148
7.261521150076094   0.29640777328851003   3.4117755603006272
1.298540411805917   1.5081343785647068   0.0007628667535071187
5.624634055664499   9.654810106670823   2.5444816458726214
7.532729616639169   2.7358612426516937   3.0825871610533833
3.743249638243862   6.838144955188567   4.061240108473619
0.6636101076362796   8.999253052453703   0.9029103746599296
7.386140194393077   3.583533867844034   1.736801320398824
8.108574580737917   6.874089249478603   1.853984042248988
8.944330810925562   7.349472778887639   1.230047143424193
5.570476639445685   5.988705006318198   3.0655111277679823
6.587617152484641   6.388127186292838   3.0602943653438306
6.491768222992157   3.690722950033334   5.358799265779587
9.137699759757748   4.045716204703158   1.058835548260791
6.453059241514884   9.080740090371446   5.104752929785176
7.549137916421191   4.498253337943295   4.473111735347078
4.7003614602825605   7.734260461444418   4.838846768771222
1.124476692129159   2.417330075565955   2.5469846308220645
3.91336604981474   6.022522461299807   2.4952303097781936
1.0928469267258671   7.055578670285324   1.5134160119970161
8.812178953367132   5.922980030309218   0.4677431011241151
7.4802383477492285   1.5724010488220617   1.2978156545635136
6.463403508898615   7.744121232220293   1.5750338750482649
4.61380678292113   6.50606904309106   1.2528600147797826
8.949048302402888   2.085923698737922   1.3136743275241882
4.659212528103748   9.520912672508558   1.7652283742872357
2.9477268335924576   4.176868808116932   5.0372013550944414
2.737377579494846   0.6106976467134831   4.7809019212365245
1.4113960198816617   4.517453440930681   1.204561500976875
0.3170578043399733   7.924714656815383   0.8470022493056986
5.067281048941947   8.594017310357648   0.14271122782724216
7.317873549464808   7.4621858391879545   0.7211394891285937
2.741383326727499   3.01705173346835   0.29510821269609383
4.924967514060771   4.617126964981848   6.1864264836204175
2.197162248225312   5.098622692026705   3.359866426370895
8.167389497403883   8.74088849261951   4.315884038766587
7.526545234130245   9.404502048149375   5.179633534359776
1.1860566282301417   3.4035645121411626   3.0958386472774264
4.4169349760048044   3.2034364514723532   3.996011170319105
