3.4029989115642287   1.6233141483281464   2.7121835154221805
0.08145012057508261   1.19960208198246   4.865660137443815
4.3409840909891875   0.3920606455232501   3.853318688671753
4.701342004734862   3.4724302591049194   0.8427479319868063
2.255260916028256   8.049279494151692   4.681191559176113
6.256947325334874   5.364497307396696   3.9018940740104444
6.968524665189165   0.124438788474043   3.270015145689008
0.5673026742507303   2.410876001474585   2.2934897229422466
5.318640069181633   7.848996642417063   5.135994960099386
1.7287959583802004   1.193531709987965   0.6833988403401856
2.201282701461575   3.163630941511612   5.893463140020686
4.092729314695953   2.278510245019291   3.2756893033926926
2.5848018482414696   1.6559410554890341   3.9343682937075544
5.545095457683162   0.7387334374128351   4.2041067591972014
2.856775659440003   9.545592665571485   2.317514642854545
3.738726104995822   4.713349509366151   1.9777571396179197
9.891689171223407   7.42570913083178   1.3765126262130727
7.389318396152113   5.127751792225317   3.433164491655893
6.38682689088266   0.7568969812612927   5.8085440886786275
7.198130119503453   7.018959601692898   4.554291045741622
5.515598320898015   3.3066769811562917   2.1335270941587106
0.8236963607871245   6.218310124276366   5.397378062461389
4.873688929695018   1.8211184371183025   2.5166153508268154
2.00801847937929   0.4385008279496119   5.212978226326456
7.88316677087945   0.1806542474541752   3.0381190703791288
4.274181872401113   7.195462338530811   1.9009572682630171
5.9276103700500045   1.5723561312351872   2.9344031745774566
8.475458107679847   2.5957898775964026   1.203578833814458
4.964911914766642   8.672106865182108   4.818377687634768
2.6017263196466773   6.52455042619237   2.7440604796441814
3.4649626234479465   3.508210777547915   6.087199975762075
7.9882412013493775   1.0396509703515466   4.956819525422321
6.671646576696778   3.8709707339424266   3.5650904113264326
2.828422469238405   5.152371667905182   0.5557043311771865
0.08247420176741826   8.234979392153939   3.217599684979926
9.01990077173108   5.391776639634674   3.1251780404717517
5.609838415559542   4.7312242292289985   5.145091004202243
9.853055976434664   3.9581777582727216   5.847750870027565
9.221316816446606   1.6338596748803773   5.957338984627725
7.4076528274479045   2.8095872205037713   4.202887978752438
1.8049872280296049   4.560080150432297   1.5800771568248766
8.631141219394529   8.345552640544613   6.077811948989338
0.03249339025798115   5.23515995433548   3.7735181210672364
3.0984371342219834   7.392342111853637   4.043465762004379
7.811061670791335   4.3128248193735   4.789863093515426
2.969320144304451   8.579007188936131   4.5650530587375435
1.053030967396285   5.155642982004882   2.072111344234848
7.293488832037686   1.899417049827679   1.9854145783386894
1.2780986683326216   9.47674192984101   1.7240721298061326
2.7309867525290485   3.946068087132063   2.6918672861790025
7.907001239853473   9.31114250291568   4.426534804864308
6.1002226320213   9.535455940374534   4.873473276801826
3.812182472221942   8.04252753086649   4.732366864023763
9.05454002581084   4.080563497628813   2.9443102486261137
0.7104192919064146   7.64089411223288   3.6985130357275566
3.766508858505972   9.335109676269639   6.213648095269036
0.7859874294245605   3.842321453103472   0.021953249741484174
5.24897597876621   6.193047237332537   5.518046084403047
9.500335187256297   2.828140726154649   5.123776115197442
0.4054723824552913   9.619368169068395   3.469400464450811
4.519509308145109   5.466357298167745   2.0631397065556483
6.969914345767695   8.051225583316734   0.4906749993671118
1.8784616972668626   5.8094972131073   3.3652546170528024
1.6156592328762192   7.011602768327325   5.300577954080327
