4.671830645880875   4.314173031304785   4.122051540336576
8.492784667224354   4.2692148487912975   1.813072236168083
5.747518073592075   0.4142588393995553   1.0589607234035496
2.4093794133831308   7.475329415818003   2.8783423745760275
1.482466687299762   1.7451982262403238   4.2448629146094286
6.350275966376261   9.77067255388642   4.253653740075435
4.767342835441213   9.83103096882391   4.063148721748191
6.608809682552833   8.608780247672968   4.8180270727709935
3.5487551061259186   9.388232606069488   2.469808337408663
9.015303887017081   8.593682702310513   4.709711641379517
8.587407427322043   3.2065445328874227   0.31180020799378017
0.9898918001722576   8.24029572301258   0.7489261994191075
9.565917758114582   6.294294454464338   0.5713333524706605
5.918000120807101   5.147539518693323   1.4271687791976844
1.2015156495026884   6.333186762942664   5.028921873399107
7.361255149766994   1.9373091366869435   3.9846855745385494
0.5186519619615537   4.294309597525362   3.108112949706051
7.82373631108333   9.343673598679716   2.006034272295501
1.6683553261068382   4.7977077896139315   1.3065534755111743
7.806648098069753   6.733578030094319   3.4869568946468354
6.2674384747386425   4.404509411522955   4.368907570725032
0.6048418756926729   1.2904306337959073   2.1823764756677715
1.5142165077820207   3.4739471333847587   4.905596250393935
9.008648055398764   5.547028262286884   1.9788327677477828
7.350392027362539   2.768442806172619   3.1188071345853188
9.37069346521545   2.699796948714689   2.092612545041109
5.318359430031657   3.8338165752379973   0.23491267302507904
6.968141232701403   7.221462584761456   1.5692295875744433
4.699161415641808   8.663586778720079   2.898145097091427
0.9534569027456751   0.6349529346852547   5.430224657504007
0.010126314483104165   2.120104109294966   6.248909300413013
6.499115491069584   5.967458162900647   2.4285483020358005
5.483210081699624   9.184928174907048   3.3059792619296355
0.05617909598520526   9.796320868122274   4.609118875114368
2.3408315384504528   6.510502679973817   5.007849759017635
0.27982627141640837   8.91055401143552   2.0662042577476143
2.9624586913890116   5.047126945505246   1.0193303827929723
6.610544988783442   0.9151079676058768   3.8708393307953823
2.4899385377495   1.9567004389840985   2.5905714521067655
8.33528445103636   0.15326109723612613   4.173405549718974
4.853193936237249   5.942119363663808   1.386219126783112
5.898150008323945   6.5745270140865335   2.263650300089822
7.644449520306094   5.115431303488692   5.1443934458528044
2.266512911511819   0.0076801900528611355   3.800985552390098
1.8163164071845879   2.4480581396686976   3.196084185794558
3.301318959108684   0.9213067925389025   2.5952762570569567
4.813440853356447   7.654624405045682   5.710622615732737
3.6470740555949877   8.56608652015087   1.4211620008295514
0.7536360522528093   9.726572390337118   3.279040730719513
0.38673640879314153   5.567173050420864   2.054981562301943
5.853257162282409   7.475773745402275   5.076446637938841
4.204816390881379   0.4992532122893394   3.064645658846409
6.560082023072461   3.3340059289825303   4.687476588827639
3.7928774774784997   2.033692171799622   3.901125845024569
3.2685919466584368   7.403258627841212   1.7796685207158938
4.1755114167415694   3.6676890868004213   3.7579234438553097
3.447015125809121   5.615502840356675   3.8914377350037594
4.799902059251414   2.9614502372162024   5.752099393632472
8.79238299481306   6.4779097035908695   2.806786204531254
9.560320953782082   7.629087131007931   2.919127041088578
3.977095667989533   6.509910449410289   6.140042846417792
4.969030046424157   1.8859235547954096   5.463877367500626
7.863617542764686   8.31158119110963   4.541067931025724
5.973528159690225   1.801687023294721   2.2381795975268095
