2.6347817362536126   6.09765327241404   5.205344067106841
8.887077798052   3.189485581868315   0.8805853023145571
6.566409291543316   8.56849154939748   6.153685580402819
1.58592962732373   6.305115397469806   2.5603672303918588
2.016221264927678   0.44597533633594916   3.0192419229655543
7.977442319158794   2.157575191348827   4.049788984178708
3.8068623826745   9.502523070041407   3.7202093750586593
6.374647837643119   1.0908389416360937   4.094147015820064
0.7515924402971201   0.862534744389651   2.083480127911468
0.45348215528114966   8.74058505437663   4.869367890618747
9.928768232875013   2.6340068337854943   1.1740280577280755
9.76019855113739   8.86440584131109   1.7227238349813916
2.5981633267607425   4.247288282329972   0.3283737878547115
3.730505722104487   3.8738460481656207   1.3768047518471311
0.5874589114553406   5.9904462024265825   5.428647650223579
6.616966302902573   0.02678189555658711   3.8164587846432614
9.742415762339729   5.931638813088441   3.8112496281564376
6.397396126739372   1.6977546794725313   0.9743950200388714
9.391831166090256   4.92486460376048   0.536939789138118
6.797901936014838   7.471950989090609   3.374660658628898
7.229786536781427   4.230333673669552   3.9852371422572355
0.7788025284603021   9.73335596634483   2.223142828174065
1.0158842437635038   4.477947822153308   4.27064071684814
7.020529022886578   5.028175098410456   1.4025580118857568
4.551260944962152   1.0229035391545702   3.9767330591038923
8.853061611073208   1.263322721216459   0.5462394210057505
5.752422397085484   4.900493366090751   5.673461019117886
8.452393143594852   7.601057445084148   2.8734150142990065
4.641276026083307   9.435780484149985   3.98981265099124
9.626244969225013   1.8242785293851316   6.031766759407126
1.6586663089939866   2.7866019760552785   0.1571120686147485
4.252965905975659   5.685458859590726   2.9227883017476133
7.636198403887212   8.191086272625755   2.7274949513367486
1.80421984358302   7.324878355799431   0.8723365380157424
0.15668474993396142   8.032074074252328   0.8847146831310544
8.605354018791285   0.5557261389906821   1.1179577924092492
5.154034520768687   5.693884287401911   6.149899261267014
5.549654081129745   3.793868939934002   4.564000039486054
0.5868689853646223   2.0776081466163467   1.5515201190954333
9.307373720746062   8.093301858002397   2.9566239597403876
6.4877188971464514   5.822761071023811   2.09724741053662
4.629241530618979   4.505489414353046   2.7164041004189126
5.331953196546292   6.993523289047912   3.91218401917048
3.247614696011593   7.8780223650732655   3.0103540559782385
9.84109575759613   4.033694469330038   3.9585953947152936
2.8345359006277198   0.371667871518488   1.9984222978448045
4.325704297354753   8.024246141433384   4.858227497416666
7.81469075168924   6.5168719548526335   0.9115448601963889
1.3507257749010306   9.032142142929363   2.6756509578345304
1.899148571738197   5.222278654054758   2.0587420921397763
6.101233448584052   7.848012493914874   5.7632400728288005
5.473729772021763   9.598580699520099   3.2707744777552485
7.279438613145059   3.0984691806211977   5.56476913952797
3.0208976769216056   1.589093139987166   3.254102644051262
4.36492039471001   6.8824283169465215   2.6950194380563883
4.659046316589277   1.8244069898275455   3.6726281795603293
5.2079392062934975   8.198336186587438   3.8525208041032157
3.7079515132033296   2.7880186829926825   4.8736433066232605
1.171081282178394   7.943680088318071   2.8688670535010057
9.923085915446748   6.675615774226915   2.5530987375724705
3.3386815920358166   5.418122705658456   0.5311955501649348
5.171786247655319   2.364084917303574   4.585825496382599
8.448665326987289   9.11949883807661   5.128031983547055
5.441796096951119   0.9535094530124277   2.3708402714578742
