0.5515781338640314   1.0619371033036171   4.517742224885974
4.681992079677393   0.9175673349861408   5.0371258633039835
4.787512148485909   5.3070143153591705   2.981120786196193
6.867313995386891   7.395332908532084   6.220888900686488
4.128651574141928   1.50430881567514   5.537347573785399
7.153867855200933   5.351604883541237   4.14569671408544
5.483658164364161   9.459659753095075   2.118166431719839
3.835325584248108   9.615221797504198   6.273414136571934
5.738577878588807   1.86627825677393   3.4090746549120223
5.514906431475704   3.2031532477160907   1.8992853205093774
8.337318144550297   0.5921983412216871   6.175638439499745
9.846974749210215   6.421515160460721   1.0650029018016878
0.16160449641073138   5.037374989250022   4.581269553521345
3.0005099052972524   3.2541685988367504   2.0077292915950555
0.39545327440861844   4.370162499367363   2.3854896143012247
7.6391588927058605   8.131214539709843   5.163836620631139
3.07424039555356   4.371586082930478   3.832381564654343
8.681782824085683   3.4925506164683595   0.8530464338034409
6.206854314424534   3.732370942999795   2.4789950417393722
3.7276780086978363   7.95080322954702   3.3011526995995735
0.29118731383156765   2.9448672209595546   6.263459312914722
8.232002575039342   4.4394690442500195   3.494275004304554
1.3053067161010112   2.647501367972109   4.135663971608069
0.47244686048400647   7.666422685766791   5.099929792917986
7.442611662163333   3.087169155903208   3.691007433251476
7.527108157048087   3.977950643422537   0.5058866073708452
2.877547916121604   5.268270705493487   0.32281856092014233
7.981026767430349   5.616216089925726   2.362158476329358
4.608692853323136   4.013405029200015   2.953538791681348
2.7315500502589125   0.9244800942096969   1.5275713214226658
7.93373498591012   2.012386078492028   0.24284798202555916
7.6884599030190905   6.5484881742211325   3.7407783667251158
6.727847341915335   0.510632457556419   4.170073507538391
3.833819776074131   5.871627898337273   5.32778986756672
2.912894369114405   7.582105471766416   2.6959272313801512
9.890382204590974   2.0183949370202923   1.4685130277322427
7.2334397688298075   9.623963472316927   2.4844466487624826
8.039828383618138   9.409975527446894   3.7374383805169837
1.8701409552940889   9.846289650510123   2.96150526783161
2.3092177061226855   3.403978427434953   0.7758363585428825
9.239947207943661   9.575435931898255   2.2343816128924456
6.224065220721195   4.639629328368917   4.2072890033418915
3.3017458221248215   6.737852412695657   5.072326998344001
2.34448109135742   5.7502438471653345   5.7135502791651
9.334538120188315   5.7151426190404795   6.2505576028355065
4.1911158526634225   7.153651569074925   3.9813367629949483
1.6700717726328436   6.2462971163050245   6.139825907050912
9.940772935447036   8.46455822713256   3.168898136690281
8.593787152260125   8.112971465714145   0.3186881210557556
1.9313857866526147   6.910143041576161   3.2066111761531038
9.56344050294632   7.67403075165418   0.7530247248886094
6.4645135823772595   9.30746747226435   1.2754896496820067
9.314638824646888   1.226067022565734   5.113384855061667
4.806068551613621   2.149730498876424   2.0980369604333333
4.614651518012912   0.055724654138709084   0.565568274356457
3.4401331308487446   1.8869170706952818   5.294842591609271
0.6704548509956348   9.111287287557788   5.5114583997242255
5.214141008176701   7.525773538032087   4.809893193744472
3.115267832171833   9.232615176376694   3.2166019911752275
2.31316571005824   4.482313251050293   0.7282839661045413
6.058829322602363   5.8400363656005485   1.769154886968838
8.346247718888076   7.29713671602371   5.228447658262432
3.7595554094762265   3.0020640064206   1.367153828956587
9.099611113227027   2.690112153139991   1.4798319812799012
