8.386867111393569   0.4680154854926194   5.209406451197043
2.462114065402206   1.5121769144904875   4.3677614286852275
7.396867985227718   8.485085599430608   2.6214219445116362
8.611206698351834   6.82010811826804   5.955217316968
2.968581238551035   8.324223836904926   5.812258054546511
9.244345786647738   5.588170411960432   5.2900034916548115
6.41513962034286   8.528256944195062   2.0503521740922186
4.776898849769388   7.09494419648763   0.24799442458133364
2.6236753114365423   0.6816906314595934   2.4799822927118016
4.686429405556763   3.431219584614708   0.08838042125287421
0.22714094078773928   9.12636516616433   0.6737908658968421
6.903310494305358   6.593271948304799   0.09836850539719855
4.816072725156651   5.128573070023979   4.517332675864906
4.471770641644397   0.7002548830397884   3.271222088158884
8.863695821240698   1.6840178660975997   2.0293222047654886
7.668689420437833   7.019155648681178   4.701533648014096
3.935543906954162   2.4019597553834013   4.057422595368392
9.961206995960667   3.45110024587595   2.576542332212257
4.12503214078212   4.744194010701771   1.1754973868567884
5.109736942501409   8.191012673150022   1.5979682371490442
2.685451212707247   3.428299772974706   1.1564433136995713
1.4399770001559369   6.0168422229047405   3.081969876676912
8.772275114407144   8.550718531490853   4.368250022410644
1.6379356848868158   6.904512925144633   0.7553477438522557
6.275119293626226   2.617303895942576   4.1880970167655445
8.287811024671376   5.807179772925854   0.497634441918377
9.945165434525823   5.84330934664594   6.084249419323515
6.2813705358560545   4.330551732704286   1.8733622752092196
6.493957586336412   9.185681462301657   1.131704818797067
9.463512654804635   8.129322691283491   0.6712493397157004
0.32136408024351537   1.8746214697598056   6.131462700604756
4.28773399097153   7.790366959124106   4.415286868168349
0.042177246771872845   4.784433604976024   3.714871638367029
2.7913911125423185   2.2410567310285066   4.83126931656273
1.6723961376672847   7.711657142047146   4.693244818997553
0.7184741913022301   0.47464511387125913   5.715184643918716
8.674948389841905   2.4933862018968442   2.8407407547625017
9.432524996316822   9.392353062283336   1.9020170973695139
3.8229283526663265   6.487551147295613   1.048422972044928
1.4915631654848789   2.692155111231949   4.836169342664434
8.094388928311878   7.9880131771151675   3.3046999346423807
7.46786259516133   3.4361203213043465   4.963406294055836
5.35289291586726   5.695770203684508   4.390922177473519
2.4927249449283466   9.5489779141074   0.14753658448209933
0.052813581937551035   7.050787520435876   0.49147870103687075
3.0793150402188902   5.722014086018753   5.69890177628233
0.8391938282459446   7.531260819658541   1.2897078190046276
0.8368678612251393   6.406442764680629   1.7612868339780159
9.378673133500994   7.348757853825392   1.660677148831122
3.0208541279439656   7.165605546572644   4.650960125548383
8.329071571262247   3.3879221558936647   1.0606751311276952
7.0457995354698735   9.877393454366448   3.670540059095193
1.711979712955633   4.1466495735502455   0.5823412135686119
6.206048882899307   7.295850649872547   1.0206202457679994
5.290456211943044   1.783160469717108   0.6485702678959142
3.7444865824670934   9.371336140047294   3.930423625941206
0.9998524219193492   9.100807689862593   4.192996415943319
4.792044686116811   9.110199830626032   5.399764118420397
1.727179856197488   0.2722380728269974   4.04947805408573
1.025905604292828   4.8726121872071895   1.126727020922188
3.78404036325712   3.8852649201744063   2.090879964998102
9.110737062044448   6.4353615731432665   4.929785734283658
4.079054188425852   1.4869959533219528   1.4700625908985077
7.797882883375849   5.109990982835843   3.3867253416517773
