9.21933613699336   1.4240745521273168   5.375959411153486
3.644440043729973   2.17883446996565   4.908213112324714
7.3615833305000065   5.828201073872505   2.5712946047436316
6.610054859998444   8.55989190473878   0.12993322552293218
2.0422732064804334   9.72709939687317   6.006974573748751
9.199128509848347   5.0457925337249625   3.820921964144946
7.0173162025622675   0.7404922402662759   2.4847378116508696
3.7351605001622867   6.039051480691203   0.538549451058381
3.7573297016363303   0.9676063634870803   2.7925498107416526
6.094471934542191   3.6233650452865964   1.0965005017364142
0.779008927802822   0.5829563398035078   5.9754289235835945
9.397003555799314   6.119412510179716   0.5028553160422528
1.4583931038762372   5.357766161578883   6.091274819274011
2.7809494532094945   1.4632947344879583   1.7508122598460356
0.12533119595994013   0.9835111909883221   2.2753587828066797
7.425634351487679   8.557392764414356   5.678019509238674
2.3413018620298933   5.346745362310437   3.705452840319101
7.884013370440005   4.008639856479528   1.1784863373201164
5.420460042528296   5.364574137637718   2.075932205569804
4.6165652937478   9.952640421986546   3.5959617822546237
2.0708782257840768   3.351885344912558   0.17215341533227752
9.797496966104688   2.47242134025124   3.7060152545875975
9.253626528268338   0.3299870271744094   4.530522167726343
1.7641573633054648   7.7006706106881495   0.16827823459258964
7.1273229953535635   2.418183978076573   3.2377511997429154
7.202243025725605   3.2489119852703263   0.3581974326245823
1.1273985178237997   6.298865145084758   0.8622515464175851
8.176097148179414   4.920138906634891   2.4462306564796314
6.349027520428147   5.35507714505699   3.6685691259995408
1.6693683198638607   0.7164330313749143   1.3650849373782994
6.7379769945517465   1.568349462815322   0.34247493285343134
5.795103001585813   8.255253918978973   3.9996613752659638
8.277946463326238   2.2046463779816214   3.4557189930983405
5.2231304791302815   3.7314854435709703   4.87969342646009
2.619321081163763   7.936370816606696   3.9940055639329612
1.354049690193671   3.2388932686074376   0.8409616532787576
7.598669113575785   0.1815170066183116   1.283392170441329
8.513587136598208   9.672614356909664   2.4208524793079684
3.412744489719949   8.278020186118676   1.4826652677091294
0.8712879545816454   1.8111934931345686   6.133906263520031
9.441590038035292   9.390544176355151   2.1938245782057413
7.206383244445082   4.578013119138157   3.353521344308804
3.267088256609067   5.214279373571001   5.19294855023809
3.1864533122425875   2.940129778250188   6.27157935257817
0.5037658539473009   4.788509404922837   0.26795366612159727
4.39988206781265   7.3094669550917075   5.7121514675882645
0.8890832405692646   8.216868363110303   0.0984323346216413
0.6495075094322215   9.12757709824289   1.616712288633002
8.895077735188643   7.694092140322151   2.194399708571408
2.842158549044572   7.290107635447088   4.95130021513905
9.66930737395538   7.35994093999778   0.7200553553648599
6.225261164381414   0.09996481214007386   1.5109013835382206
8.36350406927601   3.111656462539266   4.938225643745578
4.480686943162753   3.2234282094235325   1.6930909051770504
4.823549931584407   1.8972874509356799   0.22120246297692797
5.176411412502442   0.8811314472418064   3.86708519933243
1.768968571914515   8.665223708556894   4.553761407394117
6.703702905441952   9.417981920377656   5.184236563165145
3.1749707296242518   9.381707337155806   3.2850578482397013
0.0008770661853430006   3.785794668041987   0.8346177512449432
4.677938707715583   4.654106150647338   2.3293884097113726
7.788023091854195   7.901139666664806   4.665506224149451
3.6521863884715553   4.133397826038782   0.6787865197596471
8.928365044194315   2.524073954529764   2.336175786312005
