0.5816469274675933   0.701119645229066   5.642664827123706
4.637050844752664   1.6491362075953022   4.96490421213992
5.28997604103325   4.647111532144662   2.594946595092445
6.7643707242720605   8.802559053003568   6.130975765590341
4.231228477351575   0.41197062081586605   5.390993841933416
7.774776377807024   4.9180264788358015   3.935702102262267
6.378661783229951   0.6656924630265755   2.5218520484060085
3.9676036994316197   7.964654502518609   0.3223156442810259
6.018748702337508   1.3640154726977576   3.826552239716473
6.1075289918513285   3.146713615972351   1.5013831704506337
9.942454241377161   9.93455243771854   5.9024833845832125
9.597107684660644   6.746456588979187   0.6811261633880923
0.19029201456399103   3.923928376547694   5.447767617843621
2.9212331933997273   3.68998312420002   2.3421824740040815
9.694511214103512   3.1967172489338282   2.0222804359099342
7.391765578857483   8.279144380490163   5.259218059921965
3.382435165596691   4.661335011220127   3.928373220554652
8.074146376907393   3.411292519740684   1.029623429109654
6.305320454737932   4.466827994638226   2.0697019152985745
3.945700927255718   9.228703421769447   3.129988840970817
1.0176278817336157   3.260905228209164   0.0061646701961939054
8.76751181727743   4.133678034104923   3.4479264292562437
1.8888310608450398   2.964695127101566   4.381150439814195
0.9692012896490512   8.32386863766941   5.003304521091307
7.141824315912241   2.6738311781560835   3.399769052488431
7.265887933807862   3.6293014611199723   0.36081874255431345
2.614639340721107   5.829869634074196   0.35656135986496235
8.109821087512698   5.791355944607566   2.284423618864558
5.916421683140944   5.411168259417418   3.6193602044940403
1.4378620822403672   0.6006932893577628   1.6744582473696854
6.364231631664014   2.1569004167243926   0.01364106525581231
6.527772606610121   6.935666459242324   3.868912831138476
7.953778498244502   1.8437858691070828   4.240726811851775
4.857123968263958   5.365097555513511   5.307874542511432
2.274385387828716   7.651932759138146   3.3531276355839053
0.15395014407133267   1.7271329731950356   1.7372947745134908
7.527131775703521   0.981635122479243   2.2719776786686077
7.928036089701866   9.930878987623109   3.315746022387376
2.226918934046367   8.685277671774308   1.8269514929041193
1.8786115984906098   3.855635458044209   1.114912083100458
9.123694873530411   9.381614796629957   2.5931014541529214
6.950323599341711   5.2530684363089915   4.142027942664678
2.4868726395729084   6.5097150308350535   5.389603091642283
2.070252753721402   5.33979513163659   6.0444176536403615
9.096650925758405   5.93465436379931   0.5730713892750284
3.3156040236493762   8.501478401817797   4.265859671030438
0.9995854855161894   6.13852290116409   6.033995417523082
9.887232685935393   8.312964262336559   2.4345509573964095
8.629392694346926   8.178042109217442   1.018076318916658
1.7227722432221433   7.018499262794271   3.3813072501827706
0.4267391471096688   7.337142281606528   1.1566099305224595
5.554244395021001   9.289701753683607   0.801339536781762
9.552919350974772   1.286071364803165   4.567046217626037
5.1623784963185635   2.4713826260602203   2.1336452066600713
5.287545132154419   0.26149656545457006   0.6322532297317426
4.1750035832860695   2.730395069371408   5.336109352008414
1.0357630906561122   9.793261822575257   5.022782694386143
5.147441709478945   7.739350517125037   4.354143575894441
2.7889020376429126   9.20583347073217   3.014329879271008
1.3418412575086571   5.085189052817472   1.0585191803652292
3.671338264126418   6.373230563679304   2.199945057559839
8.692054559768172   6.660251093896706   5.033955856582652
4.6270686985553064   3.971795421240839   1.0443374402949361
8.731071319075022   0.250814988128687   1.2537691653349343
