8.39954690864164   0.315182965020705   5.803948554720158
1.3273458911659652   1.2835860509159416   4.612330470717718
6.590087881967376   6.043373119545767   3.062037707398076
7.088378654617313   6.7430683235163285   5.883852200674433
2.484177973592273   8.327592009590933   4.981111909575247
0.4078754141876752   3.9844121954996896   4.7453259768414435
5.865693529547264   9.902127887099587   2.249413753702811
5.681060888455511   7.009677909068094   0.3486103368791865
4.9242538833376015   1.4777865246492246   3.5460754442974687
5.229492657066198   2.942944436156441   0.43738414043314067
0.8995663808001204   0.5990968473377363   5.983007366689376
7.559074214124411   6.106789876581732   0.5119714240460518
3.3603376142731074   5.05199738947626   5.746546984380429
4.012779411637686   0.482076306560001   2.6320678839537455
9.942303237465364   0.4789756745459842   3.140933408000285
6.731148856258911   8.74242753017711   6.222250370189708
2.3456167329274997   2.5386061735278296   3.555864509447192
8.486917082822327   4.23338357273442   2.3488278545432335
3.6461539066054582   3.715760676651933   1.0834733524277105
5.234969509811809   9.165540215870704   3.4538127522503794
1.5664720938606602   3.3459423149209875   0.4420089343709941
2.2674060387158965   4.708369771042893   3.8880597051079246
9.388114694118356   9.716399820753344   4.503928052245162
2.849024731579344   6.04467403751547   5.7357287143366005
6.39227331470908   2.189467286273501   3.028251623800695
7.709141406045264   5.039965968812883   0.16509211861409373
1.0616962916689467   6.054708440704259   6.096667077921755
6.839817479038153   4.340863604220468   2.5634857922758374
7.487308684467653   7.693156130589054   2.2152169056913986
0.6644797132054037   9.633066108177664   1.1064117757929668
9.476191608090756   1.5675742963508437   5.901015959584693
3.290776036863953   8.101000013720157   5.014741473635678
9.177129439938058   3.2157668822400147   3.3010425871894693
3.430611529709449   1.5859396922986957   4.551332896889818
0.8521188296039945   8.994618526652783   4.36457981223182
0.3607456421692081   1.5095701260128143   4.910772321019644
8.062282541212246   1.323863255022767   1.9994070695849158
8.844582367379804   9.02156889396438   1.9349448171674861
3.4527879466941136   7.010338453676729   0.5717890080597515
1.3326115016623354   2.3401516610394775   5.4959691187126225
9.760561509643662   8.969572517987581   3.053277495677177
6.183900518176189   3.001451461017139   3.671792323557624
4.591091146017781   5.313605418644299   5.006514403534553
2.981706831633433   1.0361526429750998   0.37329222891937774
9.21972618663396   6.508113892049611   0.73468431466525
4.565934425552921   6.94879553307772   5.643023109373882
9.817746711760702   8.099563549383971   0.4288942173283943
1.400151399515466   7.605723192007911   1.7212301942343198
8.60094862862375   7.590788002708791   1.3161621375228418
2.2215899220061663   7.1678907366552895   5.567573781373587
8.682825099006507   5.741106061829905   0.990471606412057
7.260994623011909   0.10541710564142193   2.517749297179488
0.1542525887635563   2.7199125872377934   6.226037637888741
4.8666573997835805   6.220453950995152   1.235635624427841
5.674792186978199   1.780928890348993   1.0507462062728747
5.317797223234379   8.170953382461542   4.327178363711381
1.9782964071120772   9.676359021998179   4.725936397626564
3.7909209619227746   9.487691346247635   5.360323906228292
1.9374345469712897   0.3465558452372045   3.951021155684415
1.8736685657078944   5.579929566490445   1.4839328987967653
3.203053628760786   4.257748464468935   2.1657305520174024
8.122939819117754   6.723606891534151   4.751149402927046
3.395671810833406   2.223446821025802   1.4605979432707268
7.553000308603291   3.734262198306028   3.353593407504951
