5.477136123626387   1.6822873227996444   1.4232215569218467
6.281906558294145   7.53833210940034   4.386697203014455
3.32733513667034   8.272273319063519   0.6275825825366319
0.9651858003987901   0.7928584258752495   3.0342796208190768
2.080989761861647   2.121571816423641   6.1478316742734815
3.3970353386306558   3.47669652544523   1.861154608074919
0.6086745542737168   8.247161805573883   5.816114077110633
5.023903094959529   7.2351607042884085   3.389678426033745
6.939041321753408   2.1180704787913087   3.534809694839835
6.4122822430481765   5.463555696869475   2.9985353192403625
7.09847030784048   5.091819353925651   2.0755106896664324
1.2157400626167745   2.8208497970232216   2.2569612437020528
2.787147097083922   2.6772736851290935   3.136148545490622
5.1161937738534045   5.102080285574932   3.8550471889882902
8.044415324525591   3.9212603443584193   4.7515555111944705
7.129675528686451   8.651842750560684   3.589663217161036
0.8322732048630231   6.5056091773545655   1.1934798431864275
4.719176303201323   1.0316914672880477   2.605890592027003
8.232218867555428   5.150506942552176   0.3798774332575948
0.7204452461417845   9.62502875500153   0.804076226085115
8.613205784023464   6.4091478523120635   3.107665154530212
9.029345122644282   7.873487500253704   0.42143163528724203
4.026828375487206   0.17768681555524518   6.152258763531477
2.580355450986377   3.6607986033125233   3.069549021699845
8.431756870383134   8.564169019796047   3.760066182785738
0.5115609643271528   5.061775877275928   5.874824448393249
3.021384381392318   1.3339059447902595   2.015651156873199
1.4908084730178595   5.36460185466594   5.701276514316593
9.723119776239631   6.196424630940209   1.1522525925632499
6.974489305298067   9.594925409189603   5.780680785228107
5.450125139359457   7.863529276840748   1.906173678290939
5.917954752015766   6.505714610303084   0.7092570375462177
4.188951526449589   7.780682753238532   0.4865933927615058
6.751812680642837   6.944418747667852   0.801578362616472
7.182781777728209   3.2480335090884727   2.256719313666058
0.8348502621242435   3.7097005459861796   4.413928816523118
8.35993380457384   2.804687945410441   1.1272945469158144
9.616585860963232   1.1678524484330657   4.234355022417884
0.4047779752187664   2.2817639743880895   1.6505648715643189
8.074652456262045   9.520752759961526   0.8386614917598054
2.4199146560144658   8.396939695011818   2.4853863667318046
1.2635314431578317   1.8952204943928386   3.7765218704611114
4.75727819862301   4.254376445537999   0.6901591083979524
8.176613506134807   7.441912764095145   6.22918018627743
1.982011388463029   0.47325995181251806   4.4532281852665925
1.601798780295347   8.720604280564675   4.467055969095749
6.028695619442038   0.47100720454305917   6.247242359551046
9.648888337315807   3.4140116872029322   2.2715033258077866
9.139695010603031   0.2842814014221833   0.5488190992510349
8.340314273883992   1.0189883658122807   3.8050417142031177
3.6483247185263226   9.09278111585302   1.0445571300426362
4.105566142367467   2.1329387187802444   6.049148930696334
7.210634636954196   1.3604436600750922   5.558847374352094
3.876080684316009   4.748037885221218   4.976666241291708
4.128591038018554   6.752023066927857   4.905174360314334
3.277769523140098   6.908257747994514   3.795190232452409
2.7307160604477994   6.040083649609342   3.373423715164674
5.20062252263801   9.295736239745757   1.7083472827317687
9.305188179682668   4.393459666578445   2.042651551564296
2.4846816771723255   9.134135749763814   3.32126904560467
5.937029876847912   4.446057097071565   2.357347672400652
7.116032162486015   6.0726217471931445   0.8225334506037432
2.0864427179318654   6.621156286358755   5.939092665876464
1.0228393533208118   7.349915751681829   0.6284692506934244
