8.566962698766996   8.637828708119573   5.245429194350185
0.883064855710707   5.57682196814843   3.1284546069912507
7.165707898184859   6.411848511250764   3.248394767848241
8.97512846668339   9.666429471005808   3.500555492176486
7.234261542728062   8.479378748055147   2.273296662661432
4.136487361039768   2.4756261454154176   2.8883047354144633
9.270638184862017   7.026917694037145   2.1265642473863484
6.419503563778776   6.956330710759681   2.3093679998993704
4.426787631076537   1.398863518576514   3.2691472339783543
0.35889251965075075   2.4813110361032464   1.5802397034012725
9.038791734604137   2.611516632616547   2.6066257223321485
9.028727657917395   1.125156788466006   2.411260536926492
8.587382702608343   4.645063593463203   4.017212052447313
2.6822349691715375   8.634415987352135   3.0154512004530987
7.442626299157376   2.5451721025336678   5.568812995479563
4.32731775642291   7.944559670451183   2.447375096223735
2.3022991420253875   7.442697254558214   1.8690634398650305
7.882458248153195   3.871144476923233   5.286629638346692
8.64918020083076   6.356405341943466   1.3314737821689402
1.13558674776737   6.445163622101868   1.433643651498799
6.3483364709984995   5.193797159800056   5.314761941597956
1.1937607226437585   8.085611265985817   0.7455054614240016
4.420309534632773   9.676461247911318   0.9072647096370117
7.635691700969593   5.163453331032092   3.697405503846308
0.11455298258121438   5.469817076563079   3.8420435552583436
6.725189367519525   4.494705728964609   0.43265274866024417
3.6127430343542404   7.711361098278403   2.713392978778563
5.219844840898287   6.529774521196261   0.2846848264287393
8.365249181008933   2.21839142480205   3.939723033932103
6.46812416024532   8.035710602246736   4.664207417001771
7.155453825189384   7.447468826527343   5.917565706523465
8.012513596339781   9.473936166579726   2.3156535394966
5.261873458295305   9.042026590650412   5.426632099040723
6.2774036498172965   6.012732038977179   1.1063171590906211
2.9671411048605916   3.300483248713182   4.774731782209003
7.210777033535503   0.1998616188908   5.796525325527771
1.2905013330364579   3.113064492598968   5.760318164659058
5.686301485120389   4.039009913598737   0.8392064744885106
4.358242231212747   6.522637115498281   1.6040700598948643
5.38735266716653   0.6550538620962831   0.8088862462520485
3.522734604240872   0.17957769987685623   3.37438004134305
9.136674272532034   3.7488133456596318   4.345468795016229
3.2501915294289025   5.8353730022669605   0.7816287594156883
0.22184284622698236   4.68837057880831   0.28542954191603187
2.4995943547161743   0.7990361639198225   3.277988007431996
2.3048364535309354   9.288664524406087   4.342365246874159
9.79498110970637   7.8986064280360635   5.3236193603051465
1.6432227955709644   1.7984106916465095   2.162658577751896
7.3964709648316   1.2191454049177828   0.35509378402032554
8.584655934494297   7.730162426316639   3.8941399625176443
3.390605220973356   4.073206827756418   3.530516031148269
5.128827154258857   1.8668334953562515   3.477319881479103
6.708033113414579   3.549692358186112   3.5505433258727743
9.702079739744843   3.194905241655123   0.9635025894985251
1.0546273682113079   4.51143775402105   5.05834272608747
6.342463909678237   0.15253565786418194   1.1398472665815427
9.390994529468527   8.781534814220372   4.227945291087892
4.639750072509066   4.441533037264193   6.035673631905652
1.9874878056905327   4.497741667082217   1.0887304374762943
1.039687628248871   0.7075932900721147   3.0524115128057305
2.73332724544747   4.854459875680702   2.974519546022854
6.229097361388674   2.308330682105058   2.9766531292088536
2.4839130248159735   5.595960446811805   0.14460989241516262
3.196575217606304   1.739882549607935   1.8044236875105113
