5.617777771965059   4.373577708327003   1.520699663060246
2.5531857352511382   5.616665446972578   2.1841656839224353
1.7045051355688032   5.400975466302967   2.6722895754649985
0.4622937773111763   1.0397838177495036   3.053456707608907
1.0376590965407726   0.3068456053982178   0.30962519057112625
3.8934619214432598   2.6560583657647987   2.7974958190097476
0.003946417257858964   9.352337819875965   5.462266061107972
6.609444289664326   7.1631514682020665   2.0813384388747016
6.174139803415826   5.206776177050469   4.157941462773833
5.313903205709364   3.5076562423758766   3.289051397885202
8.874709277385985   5.542920413163406   2.089455879159816
3.034004362625588   1.866585689481398   1.5797146229893513
4.241733180412172   1.556746607200921   2.8380467924189205
7.671043661539372   2.1931780950101896   0.5454745730703592
0.05082052955886773   2.2024769708265106   4.986327282347327
3.8101415139995884   8.478836075966857   1.577004717546094
8.662747124316024   0.09554459425926964   2.9125697852214087
6.573764871700535   9.681101939917435   5.612578392228295
7.872308042423692   5.111699440860737   1.8568296238244408
9.324759887689359   7.293540466173117   1.486793833028419
2.706180757748973   6.924070364157493   0.6786575654094029
1.2124188619598066   7.7598247166148315   0.17032726136133128
4.96163208812295   0.11918030037587979   5.041071960264335
5.669060229098495   0.9772739224257943   4.122516668952763
5.5705246167717375   7.811935962704406   3.144327550684072
3.164872880281779   2.9458894350787546   6.037804165410546
2.984319961461314   0.8773194942401666   2.632547308638663
3.1075059844668482   6.191744629382198   5.137538621033926
0.3380555203616946   6.3366374919419295   0.909462023764149
8.28613303488078   6.5761179926651305   5.489031620942056
8.040132127553493   0.916785186736139   4.297462101247382
3.0902805613280107   9.436910000325144   2.2340264314152196
8.085591365543115   7.481630216694953   1.1012505660630205
9.197630581995416   6.494409637204977   0.7204555081514101
6.43119622396832   4.385651425936735   5.251489354401401
0.8274879559885566   4.868694905519532   4.853904888327509
4.604225567864164   4.2749637736726385   0.25161588531283907
8.60247951858836   1.6279603331285641   1.9926964606547646
1.3363263755448953   2.6488933517365143   3.569149997928827
3.9926400585971398   9.62396414853469   4.879254136980315
2.2621316195727026   8.61393144984744   3.0055469836235265
4.467053489380718   7.562133148303217   3.7301344990734413
4.04900535611694   5.085313756952583   1.2642961802247252
9.401529247352746   0.5739044074707544   5.410992362655574
6.890137509274517   8.3683176850886   3.7323676430835686
2.227157808598525   3.351142768659287   4.421973775835724
4.8306963111181425   2.6583318654416015   1.8675377515858447
0.7898710479621698   2.0344026976720393   2.684268161252078
9.362497476301057   8.38826981950557   1.7841458603627993
7.708473218454566   8.576001414680036   3.9462580758893933
5.924396805231029   8.620784048305163   1.9387712671576443
6.749709741521292   2.840323247990849   4.258124839136937
6.518034183838437   1.1862677514090585   4.232487954778169
3.806012713567673   3.497324913430406   4.61424737033698
4.480712897486493   8.904695579786674   5.367327145630396
3.1347010972096214   4.611702390705306   3.9640195431312946
5.682095348538779   1.9843729554700995   1.650909153102883
2.9881105149257983   7.924914424423863   2.822553476316653
7.0240605638255795   5.907010687576955   2.332784863412187
5.779316543491255   6.589443784934529   4.679758019981164
9.72075054534808   5.391854457232588   2.886655335153707
9.405825706445684   3.861005528478244   1.4214277401007345
1.649930884210168   6.872806275600506   5.116987926607604
4.357170911681112   6.507974520713707   4.613146004758875
