7.411217233147895   2.80252195305196   0.8673742307211797
5.314110388892782   6.950556063348262   4.6648432427884945
1.3802134976871976   0.1137558464669556   5.369902016587997
0.28886241756736464   7.552534863058744   3.027478793513403
9.507827065326486   0.07442146608433489   5.913273918829697
4.3826926449380945   3.6072322020910326   2.7356212305403242
1.3290785748132854   7.39073391290626   6.275650762632863
5.190769876901862   5.632602689045432   2.5654215309771824
2.1246214938244794   0.7242825249891364   3.370582704548038
2.5312618450405   2.73575918692416   3.0980461345372903
7.131100446213901   3.976658256992113   2.6154313386971473
0.329659995093989   2.0137646721359563   1.7956024908364743
1.00648161450223   4.8920343943100715   3.249852618043913
3.361400329059219   6.40507010835099   2.818729032269042
6.316788020180914   4.231738659180984   4.942690061915444
7.078737267101866   7.6852068780733624   2.158354774322552
4.073595071694937   7.246704819467182   2.783075185223334
5.203733480455757   3.568039417033118   2.8113002573957813
8.13585191734706   6.11591267812113   2.092103944058191
1.4840336367006275   6.490654654231027   0.5813527553599129
7.6893622458423   5.240139002095634   3.9068389817309375
7.684082874336043   6.962313183003388   0.4058455827515629
3.235616520544952   0.7659133425910474   6.152978245792592
2.521678947552705   5.844684165499062   4.038110093793643
8.660074049581521   9.302606205206512   4.117797172802563
0.6853890081676395   6.310545660679568   5.669710622774053
2.2372204636780935   9.304475591620951   1.7421017310098525
1.8502625120493297   4.273234226731155   1.1037754889930869
8.747495410769405   6.948131513435462   5.658291456821369
0.49890898411230233   9.358844617670119   3.7335619476065602
6.500529232496374   7.09551695968448   2.918450282283887
6.279027348943193   8.01114958492892   1.8682069276482887
4.371091219652486   9.392374450348486   5.469728762274229
6.270397591671636   5.971884157448153   1.962937462739067
5.345555278592824   4.38788841187137   0.5199047475866465
9.135665742529659   2.2243015222764386   5.680914719334479
0.21421092753942916   3.236697914606288   5.936020540968823
1.0194736898153451   3.7183795497490824   4.570043384172802
4.328775154086077   4.7820799092045245   2.4155786878315166
5.453304420932256   8.488833086129636   0.7770783701906646
3.0605301398430145   9.77203503822054   1.9753025024507025
9.362685515559116   1.0219588186534245   3.2170614469048404
3.6358520991079764   2.6435962518097145   6.089670816588801
8.818512817385631   7.863756764042507   5.637277827064785
2.841134985769755   1.6069123939012828   2.2759759526179866
1.9148312785655224   8.23513411956267   4.695278554310722
7.814258282433973   8.527805965625312   6.1919999088220345
8.448330125885162   4.684193818805703   2.2200061197527696
8.207354888763755   1.203130294151659   5.52275797092114
5.057086295177125   0.07964821280338408   3.424406717008764
5.5981022483130545   2.167334889694605   2.024927165461306
4.354881092443391   0.9647881225317367   4.581341712870895
6.549837734006263   2.344546594624346   5.542213281601014
6.2123040558794065   5.100915067809406   0.6320296828801386
3.2042423005716905   4.984050133749847   4.94991210583116
3.513099609756776   8.461248072945022   2.835398048583481
2.290377255643039   7.084350012958758   5.212218468201735
6.698486787023234   1.3794355881396734   2.087778952008899
9.144838432709022   5.019596242556604   1.8219175828680643
7.715941863064105   9.673738573603138   3.9952071383644268
0.1923940814929968   4.102274542227695   2.728527588161593
6.11553022914379   9.218677045172452   1.652862429235051
1.4454763140529765   5.607354483723032   6.146437261747779
1.0376802258531348   1.2517836227313321   1.0709649608614489
