5.8031015185064385   1.9267061916127177   1.512428067005327
5.895993500678216   7.342572161181273   3.8984069213181547
4.373963604898112   7.8683129806998595   1.01939741783574
1.8922292042046094   0.33106876099754523   3.4913237516229727
1.7498844299283414   2.0998281022955396   0.2252504980608982
3.285056699952705   2.848182388771899   1.8021198505900156
9.044120153924649   8.311312334176755   5.768067584794209
4.654102421854666   7.147421337676617   3.566438269132793
5.513141495111215   3.089054168812037   4.330884338975263
5.996429146706563   6.309793174629291   2.868250721098882
8.063889014400896   4.748149442637947   2.1868927496674346
0.9612000384059041   3.157143860682801   2.2405959891953584
2.491383061313029   2.510999618346582   3.4953028473985226
5.6375236037469225   5.051108801800587   3.025400535566866
8.963637209238277   3.3858747542962826   5.117350474871924
6.322058620376864   8.984845336298894   3.6476417327605906
1.4845066959927171   7.394990597031037   1.2202142341841664
4.617045507557253   1.5699121691113314   2.190193509034426
9.41848779745463   5.181685617502969   0.6121806676376547
0.5663224088094556   9.689703474989617   0.5515578044019906
8.61393268190378   5.757368581939822   3.034455380595404
9.652031508780306   7.006417521202487   0.43812106260504763
2.8732685034720444   1.4607300448209157   5.780711744751092
4.421572058066624   3.855370217058882   2.6694594209522706
7.236655755732903   8.662270875666964   3.6220290070644303
0.5958719345422108   4.792482809924791   5.58784614969088
3.8533823255001103   1.4548742063421833   2.2692580062464502
2.144062193350695   4.663938285934068   5.967199157546986
9.751851893588968   5.848785814191903   1.2479774998074085
7.69222967827383   9.499641835628031   5.444786241257884
5.319706730620505   9.615121468184839   2.3893335261378073
4.373384826417551   6.374590420620189   0.5593225701221797
5.42770256398209   8.157372490490411   1.0614106192232455
7.42463308245757   6.836267112199309   1.317762938280952
6.997304702055172   3.2993967242680924   3.6872876975079336
2.3379336496143686   3.702591030876617   4.401732585383793
7.328853398392928   2.5093669739315825   1.0980020258857117
8.902964995791267   1.9912392281103684   4.163678039096921
0.004800575977563393   2.981454756289597   2.338962403702227
8.251182700959557   0.6186054182592278   0.892784406698556
2.4128967860310353   7.515752816351041   2.80513090329119
0.4841005376763583   0.9655775309754708   4.611774362211476
5.261836570016566   4.105804159513764   0.2182168385341798
8.6034284573401   6.921001863205121   5.4751608012472
3.2419298307347804   9.003497669429148   3.8413507929216606
0.5497912875808253   8.637546873666523   4.062025016483916
5.321503725428271   0.9546525664808553   0.835951023257883
9.656856709952157   1.6931877323749767   2.250639348845113
9.347612566908465   0.054790588204848445   0.7557837454080332
7.5403835164451865   1.322282684956054   2.9433476206504494
4.523100198379215   9.2557889270585   1.096224113932021
4.821007294290885   2.5137942361247614   5.517757115070852
6.48699314743797   0.6303639211123321   6.057485828999114
4.592360617390466   5.00300041691404   5.171101857451691
3.377233888804303   7.894075865243286   5.454679819287534
1.632002510565981   6.205602770728171   4.333840399866659
2.994977267820308   5.451899824743024   2.706128838451331
4.215801340503396   0.4959855423556416   1.6437854523716144
8.29857481508855   2.705049777359934   1.2371611813639005
2.5295076661847014   8.63677678502532   2.9425512915263456
6.937634831334551   4.1606425755697085   2.4743983070931352
6.926552321560711   5.698456613670144   0.4182283911751934
0.8139115805667816   6.015448451543374   0.1090873626890172
0.6863542932125754   6.959228084974378   0.3730895965378328
