5.421645930000742   5.120657116149488   1.5219520651917673
7.697802242360956   3.9313742792906106   1.039783982411524
6.838235174292229   7.864391541458081   1.234611564526537
9.863104448434495   8.533099221685477   3.8091391918703
1.776776906674548   7.106898518804617   3.3051881847795674
0.24968362469693872   0.5692424894859485   5.8046011006981235
2.0295967231813576   4.310499677247942   2.541803460942507
4.028584102076357   2.7730381110354845   3.1448766830066854
8.323665333246197   8.382209175350178   4.4211042914008045
8.647881884507672   5.623129015386326   5.860646792699619
0.6696185311884468   4.325292379258794   1.4360009229366586
8.62946776438423   0.6686742039806914   2.4360729252255853
9.85256771693885   4.896072616946148   5.118806564858486
3.5513772802453434   2.059235890152996   0.9247390979391469
2.726325244256301   6.091220459820683   5.094903611784171
6.106550124913964   0.6410741452007814   5.258195870361224
8.962429763968379   4.944467266927014   2.779313419059746
2.61382272039342   3.801973030034234   0.7187765924690784
0.044691210364751655   2.535848028919737   4.755106104541623
7.3366347615241505   5.204984191255503   3.5189318942045253
7.8025489513251065   6.518422771426333   4.279130867229661
2.221179697422224   8.071701552648552   2.3627485638322656
3.1620755360960198   6.685245423779726   4.002756768380516
8.350456728424637   2.5848715478260997   2.4316630416028318
1.4085471298642387   9.96211591647831   2.621154918742573
8.70702649437988   9.916591532250136   1.77625317736175
0.3096567049409048   7.732425009160367   6.189657325437343
5.706066513156411   8.62032516104981   2.0300579589797407
3.992608289857014   6.989150673166834   3.7227439913915785
1.3110789612408467   7.769833944209806   4.033028323818344
4.844268117736291   3.688254051737403   5.883983995978873
2.7191436364940316   0.019686739473128156   2.9818765944953567
4.7748674824967035   7.307790704182916   2.2895715889380495
0.5502559720858453   6.8077711627651984   6.1973400403350105
3.663969244066535   5.853414280499343   5.694422261673821
5.015821672085441   1.6092657673469395   0.7923690429460211
4.521459562531828   5.504279559028665   0.9293398477444599
7.5361708140589805   1.2023772998212654   3.1963595333469756
1.3229869059499169   1.2861577557578965   1.502522363466961
2.6166195472158895   8.882589895887703   0.9468593627970402
5.47978525156107   2.956868064013843   1.9907353802510286
4.036697132039569   4.782343011351527   3.2698876011470954
4.038067612377149   8.265702101095496   2.730991682368131
5.196678591394477   9.791576301230794   1.7693448709274693
8.594122005316214   3.3893687163006487   3.5203098239478425
8.736602510764458   1.5623575605478883   2.8158813239237372
6.967567982592453   0.24905593309369   4.66418119489846
0.15403502914026745   9.688237316254899   5.426400179569389
7.474245435032581   8.938754838207865   2.6054883858607636
7.061816236175465   6.398963320029381   0.7559357479788413
9.437183906368002   4.186767199383715   0.3115804565850257
4.762264599636527   8.579795370378159   3.7408740353032344
9.575540241782827   1.5093458207429622   5.683484652505502
3.6183837969607384   3.60305007500941   2.8621100860970103
5.871657269186251   6.982937642177276   3.3871487102610107
5.604761473860983   5.782735123187446   4.634504014600122
7.128476133159348   4.380130466906317   5.678789215343613
7.741533204556762   3.173974320680503   4.583684638994527
0.8990609367630649   9.01234534168506   5.320280987675994
0.8656345663855785   5.939159385855631   2.5470443768685955
5.112859031758338   0.7992174792789039   0.5824660270026295
2.3487466273631   1.7151718776128058   5.823539196717341
7.831097622023377   0.2563600511396254   1.8903929934151142
6.174203995111951   1.432827806504355   3.0796492572780716
