8.01808750044492   1.6351370058874872   5.5135570536874505
2.3455746614539748   0.4079199517801436   3.885757307682
7.600300069449544   9.216697254533486   2.1670918700008146
8.534164561392588   7.378270441566535   5.89488519530214
3.0915407551847087   7.773634521307787   0.27710464309506533
9.270605472574331   5.616599856683335   5.198033315207718
5.470706157977587   7.857910362895379   2.045608445184546
6.1853017566695225   6.71786317622425   0.02718482825735613
3.6640134976306116   1.1914852542344518   2.8072569028706926
4.054673155008377   4.5170559220853335   0.7437605882999477
0.3926976658222841   8.973811995126558   0.225333664377771
7.078777062077508   5.134618226524545   5.946703602655076
5.6963640118302665   4.720740727543395   4.483917250388977
5.315917791837324   9.573275351425611   2.3244992814942225
9.36397077411535   1.4440115251424075   1.0479402384471685
7.389187934486133   6.896050817700476   4.746392192498895
4.636810539445767   1.8844032096588772   3.8985113393040476
0.02505709593889094   2.6445252540789976   2.3543483308661566
4.706719513612273   5.4698864375359   1.4094674578090647
4.891856149835144   7.230207550538371   1.763503450430483
2.362182938689529   2.870505560473975   1.682194998783535
1.8575154972185257   4.073546441041303   3.654597588741218
7.760426977179954   0.3250018080363598   3.8406491014488537
1.247760894617366   7.295094855123887   1.6846844632142537
8.573512003791333   2.1073999192871153   4.644901881453784
8.181501572051804   5.52928280051238   0.928015855504309
0.1218935715035937   4.562252456937607   0.49219282181287205
7.031524571561745   3.009030582063091   2.744132044982743
6.170099866329582   0.8730925468371532   0.030527019470230565
9.61230774755311   8.18340704252603   0.29451911351169946
1.1058976836713588   2.9911990097900025   5.992536514366264
5.471871156873286   6.6992354029207934   4.767452749039645
9.115415083977307   3.206186711586078   2.614632623375444
1.6995098738689176   1.8640295461465937   5.380130712957348
1.1435040161149113   8.72237732423988   5.792907139432293
9.85226790884058   0.48895894936751205   0.15342359046861026
7.150713289358881   2.0062223943937836   3.1804458876214716
9.531596112244385   9.308367655520623   2.473809035395576
4.084324183636373   6.455206719249921   1.276011706668756
1.0690296726543669   3.811288110283192   4.269484938006453
8.287782452090989   8.512090086562758   3.5003987496082885
5.303393384596661   2.572100111483671   5.572977976258187
7.064126855122719   6.027455816529122   3.8255719794156637
3.440074079084258   9.907696531162895   5.942738294085625
0.2083219029223712   7.24010549106624   0.46871266753856433
2.686063730757594   4.861625144863902   4.253252761380192
2.1792590277238233   7.751254165909419   1.4082110806741053
0.9993100871704947   6.2757949292458335   1.699294095737561
9.259113424480907   7.3019935332795916   1.1861629492837418
2.111879404945561   6.968064145579131   4.591374771283591
7.848696923687998   4.57056674734222   1.0663747536410475
5.683485640847648   8.631279482135094   3.3168262230167804
3.9990231867568538   5.376592349936599   0.5896329220813377
6.631515156216524   7.991349611255477   0.8236478983141065
5.3953552849807265   0.7790768321923307   1.2643734510060745
3.6761939494856266   8.839410758344108   4.210159486217045
1.133485183335142   0.8658975618409503   4.673578327867761
4.653933949820303   8.34467408524649   5.132086031618174
1.374152212740721   9.634149240284534   3.958295599394427
0.4847141417456196   5.37710404884415   0.8628161543902968
2.7058186081589835   3.805322590345475   1.8237621902456338
9.304496412855896   6.6030165756033306   5.09500313414126
2.524438034563812   1.2828538379035563   1.4150414043072568
9.24753995805994   4.503973382354197   3.6884484589053566
