5.0781613943054   5.0252783392438305   2.8404571509531014
8.225721382411283   3.1494398789354743   0.8487182192260805
7.4955479238240015   7.916353677846187   0.3688379072145218
0.20443190216506324   6.4106841170350615   3.75060330042995
0.889962907741196   7.771070990374663   1.3129117703297912
9.425895291845618   0.6710957071409562   5.360215451090705
2.001218434368   1.834047731079802   2.854997132047033
7.258103022603253   4.031598933257715   3.057723392790476
0.6851233680119053   8.768399292248917   3.9534078967485926
8.416418443216703   6.937248184833961   0.9285242877088883
2.156462428456472   4.029313139112911   0.8377857944521353
9.107688774351605   2.2943039342898506   2.9062967632565373
0.7846389348058298   4.401600779004041   5.587154329663182
5.438734592238459   3.2544606676769416   1.4028854935651944
3.027822341489152   4.654858576697306   5.456642844490922
6.87337171214094   1.6371110906629867   5.110446674339684
9.333367560331093   6.851173661672592   3.7237063330405937
1.8466788528596725   2.8558142079956705   6.209645763626771
0.8155633030007033   3.0312160453547734   5.673979211751412
8.666054248971061   4.27021656324554   2.962759024449976
7.415431073266435   5.133724828811658   4.243797199016239
1.9468631361460882   7.867617224730291   2.0328346479485977
3.6461122350037956   5.581593006005618   3.5819521660405464
9.809938184554348   4.086473316373605   2.0499753879257345
2.6490244824586284   1.3380203262077217   2.712369096570616
9.569289401737015   3.246790658275397   1.1842399942496722
9.829113958271718   5.692259332113135   0.4569887663290386
7.4943645631567355   0.7491995585538743   2.531104777639215
4.074816115538619   8.016300597591725   4.725378179607719
1.4467513881894365   0.6233794077255548   5.545953960317265
4.006682896805458   3.217234284503952   5.621284012182205
4.726411493486646   2.0558009501229297   3.2568314179573243
6.485872838628902   7.168870922271243   0.5459144218965523
1.7690541458121343   4.6674714902919465   5.683320115359244
3.578170127378196   7.286588360823407   5.806041600942606
3.9697998837399315   1.4018025829099814   0.4116747094972072
5.858067287736115   6.754453692631242   1.3974188161097105
6.350114127016006   1.9966568155765976   4.1238154794609745
0.759770527345891   1.9087892876882202   1.8635920528766063
2.69251495483027   7.468367141671193   1.5813429472497265
5.052940356736645   4.227961145479696   1.7337460661018866
4.278757565873127   4.855493462117392   2.390742892580734
2.793122746226931   6.556523741249172   3.125340229602126
1.9112643500089859   9.298334393988359   2.015181126334786
9.679427584527135   4.799202249664786   3.2576708476112604
9.747615764775997   1.9652335189062833   3.1448364096025743
6.547550406523298   9.502990429408381   5.166373736840266
9.828122582035505   9.54545684098293   5.995764087041611
5.426837975167399   0.04552805606290988   2.023905711919299
6.953880265715025   6.027913023242003   5.730810199183699
8.344874403422699   5.784357526368107   0.3726296858055482
3.739327450573642   9.716667702593346   2.593954268360045
8.216325018872862   8.951706102509466   5.931320964493807
3.575779193591849   4.171323056117092   2.4169557172982903
5.540899644174761   8.71627445370519   3.5000823756364383
3.9522050747680377   6.264214937617077   3.815705578707584
6.156403800921232   5.874254284925069   5.0279745230748345
7.777993585980933   1.8493546626295716   4.11038553921029
0.017580016298264167   8.116521261244111   4.450893288785642
1.4022017364810986   5.64311691442045   3.2488922127044324
3.1737950680454294   2.159351697106276   0.2972491813342376
2.9246281280500677   2.989157587186724   4.896356294871039
7.169218907736271   8.753346759853937   3.3147894595239134
6.3959960846229835   2.729382190684485   3.0896768594417363
