3.3919235377299044   4.532086075209689   4.828140957170396
8.425921668017274   4.419628974387002   1.832485295663886
4.669252986356472   9.639171927152026   0.4013417582510967
2.5558799169938844   7.537926246071427   2.0772686425493423
1.3462718294795435   1.5836634642423715   4.412188630754513
7.179362498884643   0.2956321824720563   4.24838795307976
4.149833888588705   0.15507590406973104   3.9408437454165473
6.998729095934697   9.30308631851711   4.527252916343805
2.9710437224547417   9.269481167368047   2.9684935679471467
9.824343843599156   9.72658306936991   4.61060182108397
8.34702707649842   1.8132310015137683   0.0003565212132068396
9.689196461817101   8.774819273978572   1.7080562476200996
1.1927784292190597   4.9528606398798525   0.23130276064780733
4.170364837746342   4.828652255899835   1.1276927318439784
1.239407140167183   5.924858982154445   5.269197108575182
8.088341359405932   0.6954212382706049   3.7368508323559184
8.997852538399437   3.7520471762758674   2.913635408655871
8.057665041238286   9.72074355463795   2.008263527265326
0.8607586189290372   4.070359641293729   0.8847229745140369
6.731839419320177   6.125755926321042   3.789979805193128
6.938043305296456   4.39732567555743   4.208675440619597
9.724104045656341   1.2774234490420096   2.370443436969336
2.706976343394039   3.323829261522113   4.9193505568605165
9.506620358262003   5.201078624105028   2.0138571646827126
4.581046130186884   2.357394234895504   3.7329335542407236
0.0891601690636108   2.844213572376675   1.7998541483081447
5.348148192319364   3.6243626034088843   0.7358736812837323
6.998593962018273   8.189587123188538   1.7200736470858842
3.820072076982024   9.270745913790282   3.0490700701010858
1.6833617674403498   0.6270527921442351   5.309790024021876
0.14744791262718415   2.078126680457888   6.211316277778573
5.849221931539593   6.332882758543734   2.865308204924811
6.045913571110417   0.23653797670767457   3.24815575987075
0.6619430072907563   9.124183484352255   5.531835090128462
0.7450538438884303   6.4920415629936095   5.819262126433075
8.831354928368741   0.10890073367610675   1.0832797388481248
2.438922426091914   4.901301570403627   1.043740088219244
6.838676743729447   1.7117633683793225   4.291728533236985
2.1491456722303113   2.084928360612063   2.3141905537933622
8.691322258264988   8.757361301483575   3.8581774365201573
5.532808687986103   4.66698017296442   1.987163609356403
5.104342302424131   6.156652427531238   2.4957416039412443
6.847939678357795   5.362406896978315   5.01406296169403
2.700131935132854   8.324334818299997   4.136407152847306
1.3036676261291416   3.0564661685766246   3.2188044747337514
3.5389855074164447   1.4343861045198576   2.147224886577769
4.800832593166146   7.891127803936744   5.455509228761608
4.965962816989234   6.801376551904853   1.3369659928278388
2.1123617751379538   9.23467872138297   3.286084562534129
0.2546696754649096   4.865438156570357   1.3187700358166083
5.842020002486789   8.302788571265017   5.220550567437953
4.455980276519231   1.1391962426777429   3.6018844646081805
6.50147640088994   3.566241785533472   4.811786068465114
3.6633827137881214   2.237891613759075   4.020336772077942
3.2031884093436274   6.867759400408981   2.1062667457479556
3.639283576055871   3.551117324061529   3.9751148593894863
4.212885641073486   6.650342198070478   4.23606024016703
4.474509570296877   3.2339901053624267   5.455744056336486
9.05818559196055   6.691048436228059   2.8485878623475362
8.15434245153396   7.230359519973315   2.638122235560966
2.1311510930901303   6.323182495108616   5.8619690279202565
5.311292308846089   1.1190959449633495   5.8722303739352215
7.826499692394333   8.746495356106486   4.801104731458597
6.241794122815655   1.0166579287200461   2.551570070223166
