0.105168651914747   1.1916534824199816   5.04651843172246
4.489565189117364   1.2212748096097046   4.904686853666471
5.457967230629509   4.741946586278291   2.4804934111060355
6.523769617230415   9.420686794649397   6.013642522137156
4.168990098860807   0.4808779138071255   5.577716367886172
8.057381933984043   4.4545090811928425   3.895745137432275
6.55659062035647   0.3847053758960953   2.5812946871800433
3.878269864809287   7.456225993297879   0.56013144290696
6.1662599118402595   0.9394852433672263   3.67208123466138
5.966797682016265   3.0173841260898056   1.6182329251679297
9.791197041126113   9.838966603052095   5.647069522173067
9.193736975362647   6.399909427772043   0.8280425592623182
9.728032898839047   4.107686195769491   5.287895042334569
3.39230420095146   3.3293739177799635   2.350008677197197
0.5349194517448035   3.169590165886743   1.925625274419436
7.853370865136629   8.199294916302852   5.328542398518187
3.3402767467544123   4.084207050954359   3.7512584125369974
8.434313787278636   3.8154406679044204   1.1623126805746995
6.504197907583208   3.6173786807373114   2.230801877576647
4.634847649941902   9.272991737304215   3.5196875888079195
1.4551373297522558   3.9127451105187445   6.239643989452779
8.930015385255293   4.298265197104734   3.7586910406782743
1.3252083879494467   2.068231583820382   4.418354664239935
1.3406338374005982   8.387898172732626   5.132450091721262
7.5452602040247205   2.5670920944226334   3.010150657437792
7.5717362326748425   3.5213044745026   0.53549493421183
1.8848401599738454   5.787426190023698   0.29126035618529844
8.739519259801641   5.47680443194782   2.321586723018069
6.156044563149775   5.630459137204276   3.919815976332095
1.8622794379746306   0.9417387750596006   1.4844289090985499
6.23141788518651   2.024026085337201   0.10694138852569166
6.750269582145734   7.675038667317763   4.1178732104049205
7.881337726351904   1.7494703894455834   4.3907412255691485
3.5284598156164453   5.065928544117519   5.49328482090525
1.883878145901757   7.459652610385199   3.5798202027520896
0.16068028237915732   2.1281352208043054   1.5990821086611575
6.924162113013608   1.5040704829653768   1.5311083447055678
7.327065683321722   8.809933629950576   2.747677867388497
2.964041347303506   7.582290685236655   1.927593237003202
2.349397966500848   3.282067019026412   1.3086245985794571
8.463853785121122   9.536420610658752   3.093224651324478
6.653195962556546   4.884559079884116   4.437913647076147
3.167055893197387   6.423330049702929   5.428711018039922
1.029347919273751   5.031032627772282   6.165635074161467
9.748359285971611   5.681443689034381   0.6607042162455152
4.181972483868488   8.326105550893306   4.4828022169120905
0.40265574177040275   6.676879873689396   0.21332105754585362
0.8903148342237951   8.875666185853945   2.2726813021931824
8.845253058704722   8.072944056738134   1.4372896720697985
2.5067641634129143   6.701480967413506   3.9959052793894134
9.912219933766314   8.159012061016542   1.1021859570126598
5.8546861904085254   8.816186633836548   0.9459565070371341
8.961241780743432   1.7583229342026399   4.394000336282928
5.09209812707785   1.7309726555534146   1.7731904286820133
5.293231360323136   0.38036674510024177   0.05820509470906465
3.621189680271176   1.611906126324211   5.36496816250832
2.3215868062651643   9.775785542653303   4.988023779655011
5.05562009539038   8.076696353626826   4.504569506095521
2.792651697186868   8.42170452051269   3.044529071984429
9.708412721359586   4.950594595630493   1.1974799724041691
4.291143274232819   5.936201591478685   2.08541014542957
7.905554172703975   7.017714971650073   4.766922834019754
4.323738688474005   3.366618536264588   0.8876021264959042
8.682141792010032   0.4904819722570721   1.111655746884419
