3.216930361824078   9.299631790240609   3.985172081932622
6.489016561303561   2.499773166998876   0.7389349428899447
5.068296268409441   9.698834388321197   1.399652644107147
1.4993708184921581   7.863004510718003   0.7013641950528946
2.5151512732034473   2.786462031059582   5.406373901166359
5.022732681297023   1.9213406869005927   3.912548642930889
3.0201568452521528   1.131018650744033   3.848096030004668
6.379106023351579   1.8546098325560831   5.768273224245729
4.755478738300677   1.019279689321615   0.9112360819431896
6.011583621520514   9.944789946643706   2.7911060725370196
0.44685710622952113   8.859563271616837   6.112629749670995
8.869192424084885   7.851961834457246   0.7728630656000361
0.3130028425749123   7.409976494408735   6.260927738744328
1.007182347519004   4.14357162416392   2.6364869656815606
8.32526934028717   5.2244301493495415   3.2062127590718266
0.159052906627128   0.5673654892529243   2.640665530267358
9.235687569945338   3.497099558121348   3.817183537908475
2.0266224293177566   0.1441279820290755   0.9776997792103594
7.154048312993657   7.6825999757363475   2.669367664262627
5.58171648613103   5.098291810325048   4.07187866921886
9.76371223262474   2.2805243650913636   0.23346195056189972
1.9888453195559543   5.240694171180824   2.6840792639131776
3.9337653354724242   3.905079603797973   5.192766263506383
8.11976933803734   3.815358121993172   1.8587481795342884
7.039331589047462   1.0293116751702396   4.336453481862684
2.951788465548234   1.8231878113907882   0.892464744354648
6.4971845974367035   5.181951563343412   2.590953494037747
8.394564663074114   9.212041842867322   1.6439030893170954
2.864929621339413   3.809129036142305   2.9767631774686834
4.147741494498913   1.664723955893193   0.6233760278544548
8.925088991357306   1.9116302568839738   6.122190784861415
8.10442417387771   6.890896532014226   1.5111169887996045
5.828404582802033   3.032727251520085   3.678655747576021
8.8874553629705   0.6519002425008406   5.615783141552134
3.9793530615595847   7.445582681982019   4.386822385293009
1.6035108263228937   2.5181511045125884   2.3309352661933933
5.258835562880758   7.339198507589936   1.1622923700042698
0.7398635104961653   9.832051174107626   4.7261806625456595
1.1854200616338648   1.188346976711018   2.659267783299482
7.799098051486697   0.6414261214967604   5.131588150882514
2.285629546498507   8.421569048737158   1.1437209558511683
6.144256943179649   3.754112109105563   1.906510208634862
0.9456184910912722   5.483915818480873   3.8898777899067576
4.543231518958395   4.402298619566938   4.051290357906507
9.925359406132515   4.298276319136303   5.922018045997863
4.185235813792952   9.876093289271672   0.9202148513084805
6.286431766804625   7.046087923925491   6.1205292773160025
7.669551102988612   9.639397939916266   3.7749285777137462
1.067451570590538   6.319905811429878   1.8653226762000636
2.038689907442553   6.706593988026351   3.3283426656416655
6.0929223895607345   8.233199767101299   5.623588880092534
3.4295261614831074   0.3710567443958904   1.0354163813655621
8.239404367755988   1.4477416693402918   4.989866082977803
3.978716747972641   2.45989652198354   1.906829188536013
2.8071038985253884   5.003686252400657   1.0236257489094296
5.639813556342426   5.821745023558616   3.2989085099523976
3.357571681442408   5.935180067782318   5.452760801872409
4.983975302499995   3.4552830709774787   4.7988005814386625
9.767808343076089   8.182396341211035   4.033304210275523
6.341431606552012   5.983408756575203   1.7474464454100451
5.180260797672991   8.890974770257563   0.7957947963779611
1.5946844519223435   9.37580476538842   4.025467024083485
7.15191801512691   6.24937800203945   3.702269411850365
7.937498199186464   2.1964202202273233   2.367219412767744
