1.7082824896902415   0.4711080241341681   4.215241317765273
4.8693441053055375   1.6591766467608289   1.0014162535655058
3.741263602840241   1.3820183889824396   3.6185570324906697
0.20079474639420347   3.7796192786341263   0.8586423283080576
4.216675540533399   5.151790191074375   4.508573384517161
2.7610787735755142   0.4404033174777446   5.416081992227365
0.5145920485128835   3.2190435182264308   0.6825450248835891
2.189967732479106   2.1683263443933667   3.140865353619091
0.4942825163484865   0.669918656941459   4.067427905452389
2.8965209292627034   2.8091493902811777   1.8908176811470454
3.009651150111305   2.3197854841365966   6.015245422822864
2.6886950249504773   0.6804297700309474   2.4340696931288774
4.727259236114869   3.770142778731219   1.8108764050805544
4.753684593456233   2.5768473960288354   1.7841787917488272
5.1157261121411315   0.5200546772661463   4.437995881136816
1.194074796558758   4.978492459227833   3.1881578117328866
4.158611663356916   0.7019246018502994   4.295548245030746
3.3130211998165264   2.241564415102541   2.5145568562752523
4.422207239222585   4.744206688778414   4.610451974108017
4.045323773777247   3.5117388558518523   3.3428460592481417
2.738785978123447   5.150191933350594   1.7514497755701925
1.5188807990787523   1.9455336012425941   3.891633245025206
1.87702687582762   1.4152986409386015   0.8746742916877626
0.5594726917865984   5.006958649813424   3.130256538480521
0.886986424551595   3.8961168666938994   1.1295108009779506
3.89451301065297   1.5269898494671108   0.3475632444785648
4.717197192213981   2.322065072199881   1.492772803928692
5.07398209266539   1.0446515797701608   5.358680383581898
1.9701002822775835   3.820666293983384   4.963422476489183
2.0273321043077352   4.67151731523543   0.49660740103576606
3.57175906714111   3.7024038196643914   3.0404300166861646
0.6252792766186455   1.385248668480907   4.520265356447615
0.6734182252584224   3.6975191621999612   3.9048089161509165
3.367927220457907   0.006613259611138067   1.727086723100303
0.2697017540590192   4.6250733534891655   2.85968711509561
4.027523331850068   4.271762941185148   0.9661768411189032
3.093497515057117   4.457136294258246   5.6542616301020345
1.6799865710445738   4.416162786830643   0.7570291398683134
5.2576452406191905   5.283617399583642   4.2929204924049715
2.062997134843111   2.676026256999605   3.198880276589712
4.429804223157886   4.600385747382404   1.4454301943015972
0.07771704337758045   2.4103024336286154   3.9155102294992683
4.930097910640474   3.2290050433387205   5.270894678572867
2.6619169966134772   4.104363273421779   5.927799384841648
1.7796766966700228   3.2488560620617406   2.184954954945326
2.962976955730144   1.2492877812187286   4.479305729924571
2.2813017010302126   2.7263682039511528   3.326529670569407
1.0379014862447697   0.1863378660904313   0.16914356253795826
1.5463441968832516   2.8997142192684437   2.3005502363018193
1.9162475139435826   3.6169117742795094   1.9120662089793357
3.6059805971754764   0.6348361036614387   0.05811502189708051
0.8691214859765719   4.643622429113633   6.246476984368161
4.494530880170521   0.29150066459281165   1.3786354945298227
4.028690009914656   2.090899581583902   0.007299131770771461
4.51475327647208   3.955722951269493   2.0678022208884146
0.9385107999960538   2.350054452356119   2.9397553544916515
4.32378781036593   0.1494389599963979   4.472321363865973
0.2886130433644313   2.7148309820090635   3.441584456356143
1.8745353880773583   0.03379434234274248   1.2220344752417949
1.1070000597243888   3.51385002374919   3.9644677897904477
1.5333719255398401   0.8619948484407083   1.685449626429803
3.0002900666288097   4.898264066413833   1.8239038754780976
2.832201630724478   3.3745093864484677   4.710637568208223
2.6048100271845565   1.8759085297321794   2.6462133005150106
