1.1890587956834309   1.2291683659218766   4.808048472195931
4.644445861196286   2.733878355220937   0.6105617005532498
4.143375971830055   3.8314918861124903   3.558211411676872
0.17713950560969022   2.61560677272244   6.226122415577992
1.0398332464494222   4.435880817753785   3.7246486308166746
3.9492445461097274   0.531599347703816   4.937502093014029
5.205001773049643   2.913461591641757   6.048415567539292
1.8666644778750423   1.6087691190505178   2.8039607630246914
1.5131639482422894   4.891600299161083   3.4659055290924083
2.9525399245615787   3.10276164038973   2.085923345401387
0.6798924555820849   1.8667138207929692   5.448540160183497
3.1362312115699296   1.502457603312655   2.473575254886268
4.669599396515432   4.039013858906173   2.6809508666072825
4.691462980823015   2.0161432363905396   0.26749690155680667
4.6638089202458675   0.24452537032468305   4.251583578549423
1.6608780634122675   0.32376996233306776   2.7477551682551966
1.3302086076609871   2.1062345741011828   3.746869222663475
2.1386495816363937   1.212065576502815   3.0795949194027745
3.604970720122029   4.004507783754191   0.5564393883194789
4.485569530779885   2.273745287162494   3.3267868538670378
3.246965037571975   1.1580901000797768   2.0776205782943364
1.9460598551055188   0.9569803284022507   3.140429599779609
2.560286834585603   1.9133742677315546   1.2932290173392789
0.2944030980804724   5.109953558915425   3.7696190045532485
1.405562793269544   2.7350515282398034   0.5046897908525034
5.074069283566207   0.8919004108201721   0.9576447902940869
4.200595305604772   2.746599963564133   0.3349856039771428
0.5172590099152338   1.5539653402735079   5.344870632768254
1.9136530967924013   4.335786628538596   4.728566271451405
2.7475446791531546   3.9395461206816207   5.533953339879398
2.743708975140291   4.602661489207129   1.758041852964267
2.351908058319097   1.12203007194028   3.1468371143528278
0.26130613646499523   4.3079062881516395   4.44465135959027
4.350672826491058   4.806216344536548   1.7508408351011007
4.954200607864446   3.8665627976792902   3.1526340096748138
3.7442237508797294   4.439881254394931   1.201961286478983
2.760594380270156   0.3174997331277014   4.130105702523102
3.104804196440736   3.7373139506607824   6.053883867053862
0.0910890587981138   0.49842794249990974   3.629313796753618
1.184239445985261   2.6538284411474993   3.571798701626011
4.469955976719408   4.626213093578752   1.605148695929153
0.8812181299042638   0.9339450787770338   4.212607241391517
0.27338177271090214   0.436614489791469   0.43204743940549695
3.464968212377019   2.7436111367325533   5.939011354487271
1.1233922954851978   1.4040502428908237   1.7083948018805686
2.1580248436522087   2.783018283999194   4.259609059301762
0.3404822165877059   4.6546850881810276   4.2897188584782535
0.8745467702718794   5.08404194641962   0.8639002248311003
0.6198111198998977   3.474103176651806   3.253735999828595
2.2951554270173165   4.917929251079759   1.4498432905130265
4.340717041602834   1.298810090933654   0.761818300858218
0.22632841597965453   0.8652157664771283   0.6143099317850426
0.8544494387583228   0.5993849846671925   0.8569749776617981
3.7963711572659937   1.3806453931798492   5.958840727914889
5.038865249410281   3.290820557951377   2.8531104208249283
0.8580032024887889   1.6346415424790015   2.268443962542006
3.3872536946974314   0.7358667247096679   4.46701546974614
4.8012556538184   2.7774416120115584   3.668778559795918
3.776262996949093   0.0009728687917041623   2.0351508327857197
1.3048744836047934   3.476878222655239   4.517212777754724
2.2642936252564407   0.09612526237511537   1.3757813117381628
4.375276242956972   0.9163576123503451   0.6717073952187866
1.9547210545599114   3.404463925609919   5.583734142398271
2.6429896643793875   2.287731492836085   1.8275072222316964
