0.8278647210987848   4.543780456931602   3.177133760945939
1.647072121241154   1.618554746101634   1.2280388540969382
4.687497927457231   3.506603108153988   4.003356544676694
4.39077781746655   4.691554130190224   0.7647839158689814
4.874225663838016   0.6663922935532007   5.404634419585486
1.765879443376651   0.6209259612985323   4.137253287595014
4.8896773590983305   4.144888073421289   3.386335230684712
4.071514224086512   1.036413589128431   4.56970964388024
2.711776085865308   1.9979492362112588   5.99171982469762
5.1809221905143215   3.348935006634223   0.8523258386212048
2.913918153782945   2.9120258108149244   0.45444728596872885
2.147721100359731   1.1716285199983532   1.9944419173837211
0.13353987701159764   0.7455010866472365   2.2572178952262756
0.4531317484822115   3.6945034960985224   0.51341823288097
0.17515380273310388   1.777340428879481   3.8322392228910274
2.487090676098302   0.858679825125797   4.4231854037242915
3.139487931578533   1.9535318175972047   3.269091775816633
1.5947432099184886   1.9344360567803989   4.448848986075714
4.893292925909331   5.1016094386329645   5.8538445461034705
3.4873056916140004   3.736145913865474   3.338689788439239
0.9702387828143859   0.6815443865598629   1.5170311334218136
2.871747982441294   4.061775034929487   3.04318324715425
3.052591832927256   4.179742436629799   0.0562322625493145
3.926396563543465   1.9918889909932487   3.830148450659405
0.16077461939635995   5.210157655737646   5.533794023370684
3.9304244857428587   1.399210860540961   1.4492480543992583
1.057626390119827   2.0986806712164046   5.8152670174356
2.261008381465956   4.21090829848149   4.942694640517755
0.7214325328753485   2.5884179554094753   3.846334038431563
1.825856155262001   2.4272554519630996   1.4792039933522787
3.4122591897119086   3.1264470202833077   4.138046556577432
2.4458617744490354   3.154064298072966   6.141746616653473
0.4385227610167113   4.702659654061473   3.5962007609469864
3.6797979071004545   0.4997609984154079   0.8985973226044847
1.1718667537181333   3.0117678676536896   2.0431945560479545
2.1861755597971513   2.1652219775949066   1.841164099751805
5.105250342272746   3.9979433594001024   0.28669473009727064
2.019077687421834   5.1837366197247   1.375888890248255
2.110180314837814   3.460968244953058   3.626414450026325
4.192703256028391   3.7652076394093004   2.9770489296082907
3.469782443725424   5.024336526404386   1.4421738535329212
5.110254420030039   0.4632453879346037   5.387294902084302
3.1811167615386284   0.8033433550493614   5.87606877411802
1.6409678091820843   4.83572495712681   5.097493190540181
0.5896779988031569   1.5247321349072804   3.900664584909688
2.0482724081691557   4.447667519629052   4.914057084943158
5.187114179164162   2.0874448534963004   1.4336687897395501
1.3590096979857023   0.08559287857001152   4.859908767631528
4.274257008099798   0.111366542276644   2.916846161527368
0.22117180093320032   4.293924205781378   0.6540892646170604
3.178443107499703   4.782588742098578   4.860000941641734
4.560701433782677   2.4593221917257386   6.272313483915683
5.120732794761595   2.5717690599971865   3.6851886872691617
4.441959480823102   4.3604654117853014   0.699894736310893
1.3971195469257636   3.5944501133624267   4.840526481356025
1.8150767886751418   0.8033513600450556   4.062781743826645
3.6224530184433035   4.480057629899148   4.738432571732219
1.9054545552513877   0.21846257221219834   4.163534481111263
0.3719992005497945   3.426429584860359   0.624953477602191
1.239619292265493   4.44874337456004   3.9041104224057497
2.89346762773527   0.3205089917243534   1.004286403233492
3.3049832226463556   2.568936612338919   0.4314966145455692
1.7741583092804836   4.595158121028053   4.8338065607279965
4.259048587239067   2.7590728689516353   3.0099014905167985
