1.2406394394852154   0.9979889634504961   4.724738482435776
0.10446318081005673   2.1225541779987225   0.9246574452922138
4.1639791173710465   1.8610382223735933   3.56639306629235
0.6192989905095844   3.3717716710941708   0.9702848120394035
4.4678558388614675   5.1669559092439   4.068882657130279
2.717641091775211   0.8078707030774438   5.474385099749183
0.5252672140072128   3.077963926590239   0.6032329372604993
2.2458762469710125   1.7954045462327115   3.020018688540971
0.5755505405644209   0.6079428830122446   3.933418057982183
3.3624926428583755   3.21467383189876   1.6735210580074347
2.6170869755004187   2.28630925559085   6.006509430489775
3.3522491254362903   1.2036806349818625   2.367773579350451
5.01125488245451   3.6214054267394324   1.825674718956492
4.749608281182312   3.029588932172291   1.5177352170119451
5.030978467389831   0.9959777906049501   4.594436379317517
1.5711430001098234   4.5762400288323875   3.3263819977653353
4.477572680432564   0.9120585546027947   4.3874847119868825
3.4767640204817223   2.7004645039065247   2.5482007615751017
4.378935154126994   4.6830636937430725   4.830399699080931
4.046487598460226   3.607324211168794   3.2662668336332685
2.9652953147757164   0.4320523133537393   1.5981080115533444
1.8731948484404115   2.374374239856172   3.4434214560325374
2.601472756602946   1.4408245573768148   0.5817661406826753
0.9194999916977098   4.965655264238445   2.9803368548188423
0.7991798781321962   4.168905502893135   0.954376465337072
4.088908097141407   1.476574010454942   0.6036752947820143
5.2793357746186285   1.6726869804096827   1.188478750010666
0.2870432739129338   1.2192181696502682   5.373239009646192
1.8765393262891505   3.977488421809393   4.8711230159183385
2.443617216224617   4.271031172521944   0.5802887575709551
3.6256651806757594   3.878764221975894   3.1209137665929876
2.006705491712594   0.27485858787002315   4.103052453324845
0.6221698209548298   3.7077463763371252   4.0169339401862505
3.5804038102200746   5.238002529412365   1.5916065888168947
0.23327340331765978   4.77161171158609   2.682794783489409
3.929088760153504   4.399190500932719   0.864315327642063
3.354749824930082   4.914757112809213   5.138894114870553
1.7558044510142063   4.817515713233681   0.382492602359336
0.09929900109399686   0.42028185854259936   3.924558236502247
1.982039146711541   2.768922911002852   3.252266760715846
5.059919625835655   4.491973859279955   1.6272602635835716
0.18402780906193072   2.363222541822857   3.9864713869094746
4.691607979423256   3.408909759474966   4.993230422669088
3.3482214841951623   4.161248688320464   0.3420798778486725
1.232761820861472   2.518111149264832   2.468899784855911
3.1162826535523678   1.7468292622697303   4.538207820841776
2.2069372646353758   3.1154048468785174   3.535618850789614
1.206929439507757   4.618566641197853   0.14919989160674368
1.436056532564817   1.7050647014751537   2.3652717852908576
2.697761495129971   3.7042470670491388   1.3804540463946946
3.7781604167616383   1.0463209322504277   6.2379458177220615
0.5789598037863581   5.102051309382886   0.24200634352063655
4.854773009252849   0.40064223865638277   1.3691810415029448
3.8767223034160776   2.5819658718185   6.1862058306778
4.6285312615561045   3.911876031832951   2.3311874951585927
0.9961123012297498   2.810146802113921   2.5071978234003405
4.079308754200513   0.2973459621147366   4.469687220974626
0.18933306597910066   3.2541395227568386   3.6410043894505395
2.1930219408409104   5.266232744102906   1.4680162726896273
1.1070000597243888   3.51385002374919   3.9644677897904477
2.7872294571532286   0.1905724905653146   1.4928326436835953
2.492600167443598   4.900952350426791   1.6907371518954173
2.76739298929453   3.3302648463196243   4.715813870360898
3.1230272945267448   2.7957979749359083   2.3006902812162666
