1.224241662277785   0.5835708082138575   5.244124949051846
3.658847404190872   2.9564028306418964   6.098829288382399
4.370881811543551   3.7816004326922625   3.3175136921294373
0.9233078317295902   2.090640949292187   5.119585443430991
1.7532150694544555   4.270542589116865   4.468473109816045
4.663704930220032   0.4703543294593689   5.187391904176718
1.7092852098190265   2.6720373078720914   5.844346771975609
2.9882839903061367   1.6152725005188575   3.0657417031657967
2.0151901954620373   4.931424757195605   2.337236369349807
1.7063412295810578   2.304328844146494   2.657529130635858
0.3983667866475972   2.0957511124000536   5.244334266664192
3.0961562831463447   1.0745021423078083   2.266533339419328
3.990362059609584   3.9394876534462875   3.194435031748702
3.8492508740990408   1.4539094999343245   6.029958180963879
0.24931272302155275   0.006991795925940458   4.631662822284697
2.9867154184193887   2.485443321591567   2.343572639407326
1.881784167140885   1.4011971701838144   3.108992671602887
2.480984427999148   1.4126180120822855   3.1420252501484205
0.5715454357850377   3.038193637774988   0.8277147490769007
3.4180943842961264   1.7786664070296991   3.4581214046234177
3.254572622692636   0.48870013172429383   2.4725211817212935
1.7100165553052522   0.4458107092963668   2.6015628182663977
3.154398926534191   3.384141142883046   1.8805386412092064
0.16525889151153667   4.813395745984863   4.3482905040577515
1.4874964109092148   1.5603955299227368   0.6724326189048178
4.298169946222346   0.7399527642946239   1.3789460905539468
4.521336707941173   2.7267374427521105   6.002670087364759
0.4702258505471628   1.6260909995412405   5.448011430042261
2.5167306596467647   0.45020846594040026   4.189635926989711
2.3955935606172076   2.56913629330653   5.079551040088027
3.0401176714548575   4.248230075776569   1.0302093571402715
2.0947955228743935   1.6121144321737853   3.437908799137334
0.6367635972816621   3.9539856351414833   4.795364418980748
4.280446559139355   5.083631331555006   1.603641656200576
0.6673293472143247   2.568832021316386   4.26229238283444
0.06616049559130638   4.3818661078097545   0.9932230311906081
2.3901267413473573   4.367397901059526   3.623011346083795
3.764534837076501   3.7784555387335255   0.30227267298335375
4.996918093125307   3.236561041772075   3.4100067193415016
1.0994436006791561   1.5035415289970737   4.370902311120569
4.277465034026898   4.815069091777977   1.5435507994766475
0.7747286406868545   1.3110823903831867   4.750202117112204
0.6486630417778614   4.984741351329218   0.49933746658163336
3.8319192376012694   2.6125376160887477   5.840654133785597
5.230932553428042   1.03111858022816   1.155707660254167
2.6349928435862195   3.417083674038711   5.4025448845931425
0.1568358083325923   4.990602246947685   4.410335080375063
0.9671272876092207   5.13292242783215   0.9593884743772211
1.0990540380712877   3.2241517287355426   3.3128187683287864
2.353844934668959   0.3443221256159311   0.9838111579788921
4.641760709225527   1.54557227243223   1.8420359773334651
1.2385156695947346   4.036148906816085   0.7026284158536831
0.724702170806895   0.8555632758343519   1.0850166702699422
3.8504789467594   1.9910366156379364   5.851308452930645
0.15691594721333252   2.1286022072303785   2.0435404195592755
4.697823462923425   1.846184465999637   1.912541421654876
4.098105300187262   0.5863978170978825   4.610644468000411
4.310143364905077   2.527825255783107   2.8810428050214227
3.419172375942217   5.193595458907478   1.9847508700869951
0.3141451869515999   3.626222827184807   4.1823067617314935
2.7926677900698937   4.718311221279843   1.142014152599622
5.241769469136256   4.5174533346508055   0.9946141727059443
1.953128435158909   3.583727075987199   4.765954797184932
2.2394167986843203   2.2843194843227854   1.9009899527687337
