0.8261732470790932   5.160994219940558   4.098330424379705
1.5435532038099111   1.221313880868871   1.165899521473918
1.0744090984419084   4.141014477316355   3.80102366896611
2.8292846009452886   2.3780709081620506   0.36876891936501843
4.700872939674919   1.2730615725739773   6.082251899431885
0.8785382075635988   1.4312084911520064   3.9385612069559652
0.6218769596566267   3.802559432823719   2.5941523144045147
3.4468745349614767   1.276162860964939   4.987665714011379
2.514336902150666   0.7570601616136629   5.792035029949484
4.424289332604761   0.8951590660025032   0.5738552710846071
2.948623340260802   4.255921133512581   6.101698842008165
2.9234983374505146   0.5026921473576   2.8227060139947846
0.29218003496478895   3.5007830335942387   3.0145530439535544
2.6803050611698525   3.028207322926686   0.5180515261862355
0.6156710302055368   0.4774435237371284   2.7078016606005133
1.608791289736122   0.36014457164586333   3.324776605582043
3.9008355230210117   2.156117076121349   4.284209263385457
3.7612742847398573   1.6552385826471805   4.133483118436171
5.18522614192896   3.657163759923601   6.13846007466949
2.69452837551746   3.5826662815663575   3.381203548048011
0.10348600283488807   4.9782744258445994   2.1028996999866156
2.2365055630524004   2.3889723466069475   3.0424203956186187
4.97931750545411   3.2326619826679455   0.45059818518926276
0.37213629587020824   1.1733668920321036   2.688600202229521
5.131412757822115   0.23527314460564547   5.314475656626739
3.9319912888249062   1.830773191616501   0.8558113210059046
3.109370894775722   2.0230599028980554   0.21561349799413515
2.1980073883416864   5.246156005050783   5.755709881643739
0.9892290661157704   3.2103169018176776   3.934248779143428
1.3196127666352049   1.7339323981278252   0.745823337473051
3.607258040091308   3.525641573046584   3.118842872007045
2.650413149142657   1.4062658522599485   5.856742259724407
0.3551707938242695   4.537558352671754   4.191133580061313
3.539632855963596   0.5120446180725777   0.9756615472112778
5.115979616783675   2.2268179141239126   2.472490427949771
1.2457228295154532   2.466741773869165   1.0979713020429844
4.6329975976365185   3.7948286459106786   5.0792592745274865
3.558787771308426   4.78219180238014   1.4978472238359466
1.6932822213444736   2.0982473930532892   4.243999162946574
4.1660269407512205   2.4325170579178783   3.770463785357031
3.4819776591053935   0.047966695949922866   1.3680499384991407
4.704620575268728   0.2777122249105717   5.039484040379845
2.2075618763700944   1.4546529906428907   5.287631834068698
2.7213680162693565   0.748102995701744   6.033031263620424
5.21635065212564   1.3228756791250464   2.855005293009966
1.8769041627490848   3.9223913905671015   4.3827219658234355
0.16896879905443257   2.6819039040208286   1.97826895740066
5.127420845235037   4.8839856960738794   5.364436869780045
3.7298620859012375   2.991337943898806   2.405891764340762
2.3347531629097733   3.310676297602122   0.5474690559223635
1.3081029859089064   3.566490438429034   4.897241624194997
4.90964786529139   2.278202442166583   5.790145616922241
4.06329395934195   3.987915805506697   2.734449411345043
4.589334787822458   4.858758664347475   0.16458905922631864
1.7768233030979887   4.691514746137145   4.057061557024372
2.2262072168738833   0.9623061975551337   2.8610039497562356
2.758550187871757   5.225744247758703   5.059970720031804
0.7633969595998749   1.9872870067281925   4.112353667196802
0.9804523657047455   4.576374044931018   1.1299722251654851
1.856025988802548   3.055341518929328   3.725282879198303
3.6817324883632505   0.6519351647621147   1.0152163535712972
4.11725207954953   0.6763035229440867   0.7900489299240506
2.3711808151202147   4.2258573732100295   4.716654409422844
3.3107607975717848   2.679414977158361   3.2136574779154583
