1.5606053241418778   0.5865509806018699   4.216340716907194
0.12738997982501227   2.0277461757818305   0.863677460668198
3.94551203509605   1.9331655299199508   3.6396974742617183
0.5482676801172758   3.4460602911338154   0.8929238932402589
4.4678558388614675   5.1669559092439   4.068882657130279
3.061609709660451   1.0998745254123226   5.625599522730474
0.46494431330519465   3.1618843276613986   0.7283798345742044
2.189967732479106   2.1683263443933667   3.140865353619091
0.5621755881395194   0.673201740535914   3.999782619073105
3.2393821116281565   2.975390867960836   1.9245125040925202
3.035767215865531   2.1915182268171924   5.941971761662755
3.1072939023296464   0.8431703921428954   2.3277786195666086
4.70521070930357   3.7250095703177615   1.9111463872757162
5.005295129617473   3.1126677003231618   1.8039946851539044
4.85006541727811   0.842067045957598   4.5182162327035815
1.2725991541822168   5.032711722279606   3.3391240759427676
4.373725117745625   0.6243464682602295   4.473162993615232
3.4583382157698987   2.560621090631398   2.6053372167212796
4.444648750520012   4.78806442237223   4.652401653524262
4.045323773777247   3.5117388558518523   3.3428460592481417
2.814055171962311   0.427087506481325   1.6025271063944766
1.7322726899243523   1.920509583064923   3.497129101949182
2.548163693570526   1.37483960066873   0.5188811121447271
0.26147643707409224   4.674916222885541   2.9713808914273367
0.9632892009494434   3.906163280601996   1.1747023510804961
3.9812933803366843   1.4612094401855074   0.44531111481799523
5.000552396643003   1.5299094428002502   1.4405358314980414
0.1218184092499186   1.0997393844840369   5.30838936443733
1.9701002822775835   3.820666293983384   4.963422476489183
2.2237073413837356   4.914452887661764   0.7864912143631594
3.681255350755054   3.7274645841967358   3.202782824202332
1.5135475547960362   1.123232421462628   4.497374294506938
0.7043875001968247   3.5597280370057716   4.05762760717693
3.6075742283958867   0.010149215719563232   1.7142740525889424
0.018776834885622873   4.709181453173989   2.6980342925351377
3.8240890296753056   4.285368551747648   0.9041968126442019
3.4458434365515913   4.8738563839044495   5.251084783533778
1.833751791409182   4.3550670078859754   0.7495747655796422
0.2315958477521623   0.4104221398756424   3.8221515922280647
2.062997134843111   2.676026256999605   3.198880276589712
4.397376873989808   4.599203715864638   1.3743438838592716
0.034256117105820716   2.5709310401438366   3.7631799980891323
4.799815126599244   3.2889339567948457   5.112634526717963
3.1702887322683098   3.8003611965660977   6.131141120398053
1.398510792427672   2.8445016533013225   2.2751329085004817
3.264557077433062   1.605200045595871   4.624417442118939
2.2813017010302126   2.7263682039511528   3.326529670569407
1.0039698492820412   0.6056161472969577   0.13640016421649337
1.5329978384175176   2.600200459339508   2.0695083175905364
2.3752847760354796   3.7015512089791107   1.6757401045008888
3.6059805971754764   0.6348361036614387   0.05811502189708051
0.7064100384476513   4.598036388398292   0.02468116542621246
4.330642671794169   0.3428067103363381   1.3834462708124433
3.61560964533072   2.4258240854225495   5.969199629034226
4.812880050537471   3.967570155502215   2.0951207461964327
0.822216872218438   2.4784356746663976   2.584393501390824
4.347535680443434   0.17146640156803317   4.467876957875132
0.34540709981810713   2.7232247846636537   3.408971653554319
1.8745353880773583   0.03379434234274248   1.2220344752417949
1.1070000597243888   3.51385002374919   3.9644677897904477
2.5332840078706838   0.2713452740946453   1.5399273958588167
3.104226035605678   5.004297490750611   1.7347748033677197
2.5225479721471253   3.4161295731854007   4.699755033474106
2.707384054899949   2.4069836276263583   2.3849676045721173
