0.48773552644610346   4.9122050404432445   3.4795652432555
1.976648915284922   1.916426639435906   1.0919407462788686
4.708178080709566   3.569190542616005   3.873325884918821
3.79910216475571   4.441055193918111   0.5327913391471284
0.7021980821602696   1.2317489553274341   0.5662812622155267
0.9623719933467814   0.5646017215546033   4.309203887565281
4.266910720931625   4.893484813562742   2.817279260419279
4.113891216974079   1.9704137083586521   4.638323699624256
3.275756770988643   2.5768909592121494   0.656747981717662
0.2649926038794007   3.3590059835432347   1.2101507946562238
2.9731152012719857   3.642738402043774   0.8713736197442314
1.6773194131698261   1.3940770030528133   2.534666930641955
4.211953831474426   1.4175566469822014   2.5019269418849364
0.11031993653567174   2.2281978063395314   0.753400497129138
0.9578074102731332   2.1304210199955085   4.288533378934245
2.2167386010629717   0.5029948487225668   4.188350944635545
2.6057482144294433   1.392775015387787   3.1148656655849263
1.0133282802092172   1.8501627321871987   4.176547210853341
4.860895546132546   0.8984194984585059   6.143358235918456
3.5183333303174456   2.785823249363312   3.8143675245372552
1.0027668817680908   5.2321992442076475   1.791938374364673
2.6496913567947034   4.578922438747094   3.1462916995611643
2.9314126009625827   4.267774454789413   0.28487169645022226
3.991682715756513   2.729957307670248   3.7774926630537364
0.11269701685641564   1.0516479641720409   5.58594369808058
3.0590399066111584   2.0452304019971317   1.0003771758819502
0.9897448366153052   3.3170277572858917   0.03254855395005335
2.011001191397937   4.418823420298684   4.979927225267508
0.15252054771984636   2.6805198515198945   3.6588377955939007
1.9640743909375344   2.6790727116702024   1.2878501147587602
3.4369120913254445   4.1142053436610215   4.199100120243227
2.929677459571123   2.635844381922338   0.5036264514148321
4.899314970540961   4.226090078437877   3.1894689131269347
3.7452996189940277   0.8699357339904535   1.1387797220377327
2.114144328214276   3.5870586071838444   2.2891863877196
1.8117125968413346   2.294427986740834   1.6456411832321478
0.11544346168435915   4.743102090043274   0.042222960239032034
1.7922597759937973   4.838458298223067   1.5122050082801777
2.334046080480933   2.8123945366152845   3.792459455047342
4.163229778686343   3.541435883041674   3.152719178427885
3.148872418695241   5.274941017042548   1.385987479133199
4.9569002299657505   0.43509084990272706   5.907908240336552
2.901445685291836   0.9745984133999912   5.449328745770771
0.19048682398736966   0.5454781179371382   4.656549795709766
1.6928824787709922   0.6670906853431531   4.188358837441549
1.8333658893232185   4.096008689116431   4.869685658682546
4.742721458707022   1.8253211496948096   2.353820053844752
0.37410672283573376   0.3381829316491769   4.801987310408393
4.536077477720001   1.0048176349331812   3.0819649334894663
5.015709867559942   4.926320944708507   0.6088963878348329
3.5392916297339   0.7138638838803479   4.361324955042758
4.681808109861567   2.8143988260322303   0.4062225269096873
4.830240859314905   3.7095804579373715   3.992299873468578
3.718643913926382   4.1473393101537654   0.8194029368349037
0.8730434923633434   2.5964874919181544   4.995702098944616
2.338790247863335   5.085396400402358   3.5996399682855653
3.724302196263456   5.062765552963507   4.658219399223417
1.4375883054912135   5.121364540711765   5.21458656197219
0.6558483126870258   4.0960441095485125   0.37648473281573325
1.2136823772731882   3.959787171322747   4.001287077047653
3.244379540592631   0.266120400173988   1.3086473912284773
3.854173735947982   2.5989819149381352   0.5456738246880245
1.3108530943074526   4.616094947651001   4.557205302857249
5.055002268676092   2.5365703377366633   3.6566755935208044
