0.3830144475185979   0.21618823716933985   4.552118199014911
4.835138926992441   1.8117699023443552   0.9645038830067005
3.3292404632192554   1.8378456127096485   3.0965078381193036
5.26009583211648   2.6691133115670245   0.7115687719374754
4.205594298291951   0.36415343627004404   4.615401872445976
3.197919371147724   1.0332831148004538   5.221267819494007
0.6938074964994443   2.816334116063736   0.6899651049465314
2.460761827731055   2.2994558705922703   3.418796156521537
0.527184500301291   1.198227613645038   4.832135141248103
4.564523497981035   2.3221872217258577   1.2784329440424402
3.554220069806111   2.107503916858777   6.157604609497545
2.842622977512628   2.4884987833994026   2.933750706673115
4.7874159896633035   3.5368297137251385   2.0332383530056677
5.233921696420443   1.9119637073394329   1.194107806639849
0.8817766482388266   0.6002752832902166   4.422641120919328
0.5594322821493625   4.766457411727649   3.351616977569503
4.9919179211819955   0.7061437878109048   4.176904973622977
2.73685302357401   2.7326813996293544   2.8507642034522442
4.243676189691393   4.077622605469593   4.4756934199288585
3.3307066828195686   3.2518879229755067   3.5132784968056687
2.8490542688935947   0.4286996206319087   1.79406311672151
1.2873049282133882   1.9771103598105082   3.843312795322193
1.0888412841815553   1.7191970121127769   1.108302769628583
5.272022366806071   4.607572605188481   3.445489936161794
2.0660849985200778   4.8041031735790645   1.432005435865375
3.8385104716008858   1.5536159518907395   0.29911618487838776
4.6143023056188355   1.0990038868867047   1.0956761797384185
4.10060120935915   0.822107162723497   5.185659020696188
0.9144451043224733   3.9282144808506714   5.394985305301542
1.8900484258682146   0.27245752452408645   0.3719140513156164
3.8689309756065993   2.592056818557749   3.2651751784014764
0.9208902373370775   1.0324534200221867   4.6247127876859855
0.30242836052391775   4.5466491324746485   3.8961042953497844
2.6342561072340143   0.6164115102407826   1.8025937329260973
4.969605191488752   4.543307864102736   3.3572385302499033
4.132196446451672   4.5913273742594125   0.9572270992415902
2.281941544408548   3.7255196248204796   5.728170759722547
2.4293426894425076   4.926460417137337   1.0086054542215344
5.138201174139111   0.41438578026758927   4.058049941581951
2.1074762397221347   2.1431919205206396   3.134180052103883
4.412536661412975   4.717517906973262   1.2948980434492723
0.055243460450878246   1.6361453534627235   4.238450623802869
4.433217212911808   2.8850579364376414   5.1107120887848465
3.1577691812737205   4.256046950629093   5.137168204823239
1.416642460907236   4.008843485784367   2.1252546435790425
2.5578121788153645   1.3954552778479727   4.834352657058943
2.4589539030622154   3.3290062039431043   3.0838019822229756
1.8489044681384477   1.560183341350332   0.045147559356928824
1.6735697825404243   2.5826920983930077   2.2725871249140996
1.7446912582297653   2.9607024008792435   2.2217969713845447
3.4353198740654727   0.4298254010089122   5.904768493076323
1.4810756677177395   4.843988260052082   5.864132036497502
4.181464027365487   0.11180942734736066   1.4155523478942917
4.125472678868833   1.8274483143401619   6.2508122372638875
4.824655814002244   3.267562187747634   2.109562645678703
0.560987119748485   2.2518587570815223   2.9594869614215322
4.03205249131163   5.005693014190013   4.847031680843233
5.0320661807165115   2.5195594387452083   3.551313817471369
1.5522390002343271   0.38535735368729196   0.11564801310357278
0.46577046069493633   3.4090695325716904   3.911412748365412
5.102461312758812   5.164677735012517   1.2461589254369299
2.771866492048842   5.150979003109077   1.484405812878166
3.013426662550197   3.971221743917938   5.181194213987694
3.1414631038215646   3.0570493334863875   3.360386189380771
