8.104197487873128   7.170416283162307   1.4942622589106467
7.448946231416975   3.6713947193965573   0.07285850523470652
7.478516161888698   6.4511868707691935   5.832558872958019
5.374564338530327   6.9829200861199725   1.7152106764730122
9.337193259554438   3.235177909520977   0.3950785376128636
6.189058018181897   5.18485390942663   0.5384654464889286
1.6490225932474656   6.013080403892444   4.83201545311661
6.8613854832377985   8.054696258284075   4.546934656453465
9.198206365864518   6.711209517417676   5.693942735490749
5.908852056887654   9.645970993794347   3.2796634360822106
3.793198148193359   5.879023896779615   3.8854889049814836
0.7033144875502073   6.5621100153709735   1.9497952810154455
7.969141649182686   8.083267906155756   3.9863792740772728
0.9097105173307076   3.222652855268481   2.4339655449817443
8.463875837233617   2.897259607728568   5.898997255627748
9.625089420616337   2.279138650002438   5.150581668765557
2.7548597811245576   4.290883212185209   0.6486707816271869
3.284452283877063   2.748873853784155   2.433896125215914
5.606016816393424   5.93484994449958   4.910509586765829
9.522187196421473   5.863820922976425   3.213761627935693
8.52902743276901   4.945044701207694   2.509641536979842
6.473494906160235   7.143807300444359   2.400843254682915
4.115946692537879   4.072815375444974   5.475943622429613
2.233071432808124   7.755521351390552   3.342798386480625
5.308581861360387   1.9489947364648619   4.296349068680837
3.8745996257009927   7.015108387111958   3.4019160600006093
0.9322192408868414   2.279567487409256   5.54983501394157
2.603910567507242   5.535654102158295   4.807281333168486
4.131340468973879   0.7378208306645561   2.434733840509129
0.6388522241615383   0.16448459692204803   5.5134758551274805
8.024619719896828   0.22845458965686416   3.696709351499282
7.340828636523463   0.8236293368100048   2.561000194900775
0.10039957580065828   7.3755896011113675   3.8011902284245065
5.506239447111965   1.109611651330463   1.8431867289369959
0.19348801589599357   1.0352505972133104   4.239509101837054
1.6691276208158996   5.143717939902727   0.6439512169371859
3.122743416344411   7.553890853494856   4.202478374936751
2.481951359735184   3.3117992404366134   2.701319091143719
5.354227010578455   3.821158939772521   3.0059858207587413
7.256767502692039   2.3672170088051807   5.467040362622302
8.539899048021871   1.4680781024853204   0.44509110138146446
5.041427648856122   8.772949821918981   5.732721749710973
7.499903129692591   8.975837061577064   4.7586405141656725
8.867281178422953   0.119539950806627   0.8323870810711729
2.1951049864498717   2.477153310233976   4.322560385592114
5.816057132588214   8.295754165559075   0.9785756083204789
3.289762236592971   0.6067295956130797   2.0541615773744586
6.939658125328119   4.592308363631248   6.150922341764166
0.0858946743578434   3.923324437863507   2.732246520532698
0.4230881913966668   5.218354442717496   5.316625459487586
9.543835377118025   9.080923730433957   0.1492719661081657
4.219037644580688   9.541407912198615   0.6302344882670655
2.20574635093777   0.6878656711911213   4.3908704997837065
0.5715434122591692   8.163895828560644   1.6313424882435166
6.136554510123751   2.1246373130751866   3.2321592989570576
4.38061102126569   7.937601735856025   1.9370978992967334
6.9347305852426855   9.68199555176276   2.464528241058208
6.507220459015859   3.049548813216488   3.305278515191348
5.276510080462229   4.931042059070481   6.128775180007798
1.6260724019013366   3.8142276565402597   3.615910226724678
4.194580922174844   4.9425567862431565   2.2849536991914614
2.766668279537068   8.574325478853103   1.5361066774009866
1.4050061247633443   7.440762702749552   2.1153941881807636
0.8197083667147897   4.448326475284796   5.048082032470815
