6.560392272348986   8.133625543044772   2.667044778835028
5.1245483114685815   4.256458106753761   0.19758394059943435
8.698112061905716   8.029375107357183   6.041095850167734
3.4143200893280135   3.370876769253708   2.443432400326934
8.683585858909455   4.16144904391246   1.516236134952916
5.540582936563866   3.419188352195439   6.20203848929417
0.7744184032337522   7.967856247568046   3.9356367704121222
7.85034586434279   4.637235201192045   4.9536608155129365
8.763790968589126   5.90827472725252   0.5561885741250232
6.532947344072855   0.6345559705427071   5.017793368286012
4.986590357710674   7.227155269483267   2.737768216436344
0.9051552824857274   0.5242468374748472   1.6791705397964813
7.094537483834077   8.843942290898392   4.475242762111787
0.16581757513195616   4.661537545821193   1.6281582595598878
7.286928113597997   3.176025741272369   5.299193455039163
9.42599085187448   0.09353468293992506   1.3897542549196416
2.7535530900823595   8.421073965377953   0.11790826785290026
2.328103806539426   9.263739566519229   5.442640198444515
5.581639148700274   2.0020353149721353   2.1841500518797217
1.4820853310695645   6.935718504633929   1.897365732050347
9.143722988448648   5.051443808397956   3.0275068047339024
6.60238792691278   7.1180586272276525   4.344565727550311
8.100064189455633   8.921289134184171   3.9686289595029645
1.8121566288726758   8.091150109756137   3.910836881970825
4.0118947639334515   8.35341600490195   1.200838684359121
4.973348688154688   6.338623396054946   5.064736401113113
3.5988871261934334   5.5376481274395815   5.67985026070337
4.466738947491947   5.385870511550632   4.627590040403999
5.6049227251600025   8.43614209932712   3.5680749346108507
8.874887080320233   2.8171700851173824   5.3679146120898285
9.196560632166822   1.1653927113079132   5.357461013806051
7.915636790625334   1.517919902539885   3.7484054640768583
8.559628034829712   7.113818016179419   2.509793544081524
6.374843589910394   1.5521351758711648   3.3405299462402525
0.06431875378165941   8.977133959661307   5.2325278195055045
0.6974369914001095   5.827684759621342   6.236245352160583
4.862567838468536   9.587771689135472   3.667753728267237
5.405546878601569   0.6716160696070528   2.468033985101124
5.722214417668534   5.190544919292625   3.1142088285883576
3.4431177142517697   0.6111100728988084   6.199117487863252
0.6082846715782728   2.1539310947125716   1.325187882436609
7.5437152826925935   6.830147593044389   0.02556934092561569
5.77767529750066   9.311827334645502   5.191155213013831
9.582354328753993   7.944944896159973   1.0052646458489467
2.281781952578938   3.6478440642416636   4.231062333981724
6.544200396135504   5.264651834107692   6.138978518265835
3.41947471941412   1.7154369929533595   0.8353691504428643
6.502849650920607   4.173645264728929   4.686668438271139
9.594346035842934   2.1239877542537235   2.94648531494641
0.01977067462017601   3.30082730430338   3.7401404517492347
2.732211401578947   2.4771262013277364   1.5404564683368123
1.1821304732197206   1.3715613541900133   2.578788239933279
4.738706070682148   1.8922783859807688   5.372862776181485
2.8274603051645304   6.365139465221839   1.686665375003702
1.84408457258976   2.6968297188091164   1.6225970756388093
3.3038525819621487   9.500942054290487   1.683722746675308
8.220849763401295   9.803709070315074   0.6896547013902627
6.371967026753667   2.3983404648657514   2.7839005911451284
3.795610549845544   4.682032987487949   1.2409590120752325
1.0130949389449322   4.772321844327089   2.9601522458055998
4.026631211319818   2.454387694654389   3.3410456980273735
1.0281946059200542   9.43488873819436   2.6307773998524553
2.357515896769882   0.3983657084798238   2.478242921348683
1.902220409338055   5.11477645245934   5.262586780771802
