2.4873091058573205   4.252957716795575   2.2410840246505996
4.223250600229872   2.7568096092382546   4.457473564811495
0.7667502778995008   0.10768459655430018   2.8674041527903906
3.142984108868186   5.1093922857769565   1.8581364028444967
2.064559732775225   0.07808639239775717   4.025628373505215
4.651406302287403   4.550109379059772   1.9130328708016417
1.5579321992487114   2.4417273283491063   6.154434706849731
0.15320790890480773   0.660154735347213   1.92369231881585
4.683657896584463   2.1652266024522087   1.5010098068516708
4.1064296847354855   1.4105964071960941   3.170935404180224
0.11184489335367948   2.7897952379164974   1.4703170627509912
2.321357533213873   0.5194122448807805   1.8056748783741023
4.4253128129184915   1.5104968397202436   0.4531505998238824
0.8851617984322419   0.7767390032592156   5.489622030318871
3.311261049245135   0.9006293674603612   0.3538552950122468
4.445267165899063   4.638828844465766   1.8680716113730464
4.436793049427995   4.143788658140488   2.0622149059366333
1.4593587228723317   0.9906589160642431   2.8146142559996745
2.968172140868579   0.3763766149698933   4.575684867865943
2.888218539345167   1.119783790661846   0.7853350077808547
4.603111502020138   5.041413733319318   1.2135306043650165
2.3059646790414376   3.50825728308537   0.5782524335417809
0.17551329675790314   3.433839700753471   3.2112887708220996
4.553134974693767   3.762073564299432   2.5332220940586607
5.20062358966884   3.5071009373799202   6.221521192439608
4.966889616714313   2.550595441739775   2.1083640684027762
0.018953154565659852   1.1355370112472771   4.837105802749787
4.693717724017005   1.0128762847693147   4.869814420600204
3.0284718866416354   3.12750990681411   5.795090736606196
0.7928055911155976   3.8512069418672503   5.825283855197393
4.768512211691142   3.6586511786070934   2.3178081480136163
0.240971556032645   4.449621947058342   3.9048760155970594
0.7291158368252011   2.1042904747122213   1.4558185851610377
0.45327272356124176   2.4308635719298857   1.9452168453603262
4.070123950387465   5.147887641395149   0.7557613188413485
1.0393918366115504   1.489750197376381   3.970076506519458
5.100788848531597   0.0939940187038168   5.299115071132559
1.9682767468788556   4.453943549811186   5.743606084700748
1.7295505365308421   3.5370554590455585   2.805473627091592
3.207799481601696   2.3287992238364836   5.7637461122925435
3.6115683828460536   3.7100227821320435   1.4661094970770587
3.539904899519847   3.06234206901061   3.1694148258696577
1.7039509996407358   4.78222782416836   5.123896123417484
1.1523702915601917   3.9748603882730107   6.108135817098539
3.8261041840186207   0.9501447894906165   0.17291335892629145
2.954364431044253   4.905370642895896   4.887276029647752
0.13647477677510533   1.760910015691711   5.059749695148551
3.6830481137380366   4.540703369116547   0.04794123650932536
3.0446632527955964   3.7762770077113474   2.619124836140026
0.35196948579994614   5.009937684263805   3.9310906709328406
1.1066216006046579   5.242421025100374   2.7601908562645994
3.158251234298313   1.703802247370299   5.540291687531293
1.7234282011066806   4.9673871255857875   5.134868142007476
1.0409088659572103   2.961283501646874   4.205720460874481
5.262025692982191   1.5065707219937536   5.41707184352317
5.148944195550437   1.7014837862271788   5.20470801567354
0.3906437654567154   4.62570919550621   3.7959264502311134
4.906356569865476   3.3082128667585082   2.761189037836644
3.9693032852656245   0.20094943057741155   0.8379472546427875
2.2659543996954987   2.674211677331991   2.922595222136134
1.3735610598080916   1.7630511034966436   1.4720608011663985
1.4853132549598809   4.069137822672701   5.757678823278493
2.4325062434187203   2.0059862073120165   2.4989105027668
4.516990719375837   1.6208752061866116   3.531654679795296
