3.1805676672583423   4.196457249180083   2.4085303500925743
4.118922303462216   2.757704008747588   4.5835740732912305
0.782921842882659   0.20988865278738772   2.5858678711268785
3.027120850119127   4.70738849357363   1.8865878231536444
2.431977220805135   1.3450705545157062   4.232130496504113
4.215126211282181   4.359389124609081   2.381788786226976
2.1768360946315375   3.3776455132726344   6.088455252221088
5.140462938337313   0.9859451287057195   1.7333788641485492
4.709730895136728   2.1446106439931585   1.5146048625189585
4.171370526612092   0.9708313048725705   3.4226306842867436
0.030372736840076853   2.6890460617538596   1.5843606386446916
2.2012594034287845   1.7510847747477232   1.9250114024805012
4.395135923421822   1.586874996293546   0.6140997867868865
0.9430651827625688   0.9001693979319394   5.974870513033124
3.4772981234629747   0.9202594906579082   0.574479796298831
4.8807933563129335   4.328339314319601   1.7796797782988873
4.106525674305087   3.873581963140413   1.9887113774035052
1.8982111097217613   0.6961965671154879   3.0472422484149586
2.9743856463781255   0.2803144521108857   4.252229455723207
3.093449096644042   0.5769722009591831   0.890589305271036
5.083498695100058   5.020116513293422   1.1052827923719177
2.6770874681340366   2.832051018836499   0.7945297650441688
0.3150849224357073   3.6091393744276674   3.252179543107542
4.2963723577175   3.6294035637657687   2.342734478342147
5.231189620931512   3.251352580117437   6.058641621887192
4.482865227700237   2.480890926447467   2.1246189176565
0.17700126112766096   0.412514220211958   5.056069108212008
5.2112251709741555   0.7699576076874158   5.079861381501146
3.2848199474713793   2.465940047684779   0.032870179234904096
1.4739439039651323   4.349748117197652   5.558586356919803
4.353628803292304   3.3751103126661497   2.6008567552411215
0.29064603590160587   4.2257551824361865   3.7127766062713423
0.38428610883364667   2.2994279818216468   1.8420713329718794
0.999526370346664   3.1554224199030014   1.8108803918182301
3.545973877547933   0.3786777720647699   0.7658228855844234
1.3651647422702653   1.522513381566498   4.276384648876758
5.098402465033512   0.3192421787387688   4.99427220667568
2.311309570806283   4.503634495935341   5.763181482383544
1.8492643710348582   3.342942933227558   2.4904330078284778
2.7196769196350266   1.8290709232322675   5.835807256123526
2.929554034965604   3.398183465174738   1.2937115393107033
3.522086041252515   2.740602186270554   3.3074756036808624
1.4865207945068672   0.020429443224445676   4.835747719705109
1.1062371307373602   4.452673094892339   5.767436945211266
3.7134068593721516   1.2959757700508936   0.45188425452084136
2.636812283745386   0.007401088905588604   4.763161141450105
5.277916300902086   2.0040825151579567   5.615122507502256
3.6860675664633114   4.922916908065653   6.1565204778424985
3.567585074891769   3.9715350610421125   2.8223941779661947
0.6362109474674333   4.716231717810345   3.5046795979657417
0.9192680086489065   0.07032973023340483   2.7447182014443485
3.3123003870184045   1.7719348428354182   5.314621246651285
1.9217229671342588   4.9433765598223465   4.978163265814036
1.2403757297448097   3.705573926102819   4.174926906642155
0.014743248181597668   1.3561439406490163   5.194871769183532
5.2140104836252945   1.6056100523839258   5.133899783681611
0.4765003612123902   4.582247440618205   3.71771878705619
4.729652462024691   3.286540806611157   2.452522031713264
4.424706900374339   5.035169021376425   0.6754397692063688
1.7903273504644104   2.363144912277899   2.6239194950916414
0.991674864189509   1.9303020402989146   1.5445495951212396
2.195723026991713   4.584408134078751   5.7616330546316314
2.156241100779219   2.090725242488822   1.881159851639609
4.468191770545154   0.7875766754359546   3.4694474214378457
