4.521007308431061   0.3000639992278409   1.5191401521077805
3.9544157622893756   3.651426490277157   3.9887849608154116
0.7694019375619816   0.6210677004882328   3.325891789148873
4.784926652793406   4.751153662516097   0.00527456155250583
1.3544624321188785   5.1784337020353375   2.4672920248120995
4.997552391867178   2.8167286424653653   1.1530687161180475
0.9452513112369902   2.3537351591412077   5.1966623186325185
2.3510101158048773   4.965519316395911   0.6840160780672174
1.0168790990804453   2.0687188860244983   1.9248973889484304
2.726053681738866   2.799129681129655   6.275815804236166
2.172224723879224   2.077524224281195   1.216005287944157
2.6056728800629756   2.3484238643925113   3.6467438916767745
3.2481170355846327   2.099967694502433   0.34590548199821636
2.260685306627956   2.228939456910001   4.217611606434322
3.6404157306689062   3.6578274976642526   1.0398067771228428
2.6918687349316954   3.51996134363704   1.9148884619174262
1.6528220887520826   1.9133706587844919   3.168104918721044
3.7332827182224007   0.9265498023312314   2.6972469303216027
3.4136345595366246   5.220644964361636   4.069981117046427
1.608289819144339   4.893263268025406   2.0335139099768234
4.1498792896453285   4.024561206725796   0.7817475231205495
1.308544533097661   3.896739636199015   5.859114222057831
0.905882704220573   4.126782076378727   1.9470769035345836
4.557733374180694   0.873925478871861   1.769791022190065
4.151034932758738   1.888953564763708   4.756012463323408
0.26771765662054264   2.146619668412271   2.3934820236463046
2.483079044144592   0.7781308570917839   3.8165416485311314
3.9631310228197196   0.46567450006941713   4.990239680327389
4.1330187532558265   1.2862648005846815   3.9161824241178467
5.231193892945038   3.8946341867424548   3.730576038782059
1.4914134059662463   1.6014358712596128   6.264047537327966
0.016647215537470117   4.533850092274185   4.282707945106946
1.2063043233598714   1.2833197814074837   0.25915617278374664
5.181380981111959   3.443292373636032   4.195218409353457
2.014628022219794   4.1661450192601786   1.9893686781052855
0.5180048396948139   3.408879817134295   3.8705276771675052
3.852248776538759   2.982754796201923   4.442407112666634
5.162969984393916   5.070607583524877   6.079950123345313
3.1554251100802118   1.1327069529062883   4.772762481574676
3.2814533524856806   4.8474404650914655   4.563797680243738
0.8748049484272666   1.0699175531464138   0.18762621616160524
4.340906557012403   4.4489649187783655   3.3030623977223934
0.34732066069336126   2.5768089063637385   5.237653524723938
2.31241403563261   4.121714146749484   5.112351242991304
1.4393747779131614   0.04664928097507076   5.587070959846952
2.2600388439641086   3.530058896647124   2.107519191407254
2.018682011739083   0.962552693513165   3.510607650907583
3.0829551299045366   1.9641904551090992   0.483796359005089
1.5809022844796479   4.586465129649166   1.847546463355817
1.5771281029954436   3.273603586113456   5.284422787188881
1.8835126521944145   3.0466513051244144   1.6940065212252022
4.770940993260537   1.8457525790854938   5.779135627387197
4.276140833107492   3.2122491736608954   1.3288928747395423
0.5907316505843223   4.7189146247345795   1.1220895103712614
0.20107456146503347   0.6112799943297529   3.8345562271995046
1.4525042333119327   2.519724509108125   5.415425262218043
0.16826119866954553   1.475705440793353   3.9803667666686406
4.489059706455345   0.06311210766871928   4.6219338741929565
4.196688092795195   2.59286341909505   5.5034560036070115
3.9240371152874314   2.1560542005668637   1.3448545074330631
0.8022240664344742   1.6875626737679648   2.0111154696782956
0.4314738865493328   0.01710063641363957   0.8218209563102029
3.400364266608083   2.951202766469504   0.7797381874535738
1.5065075576752034   0.4959533393532912   2.320350362321416
