4.575619023228954   0.34555276641776256   1.6090786494388805
3.876719614086563   3.737039319682508   4.344365059870031
0.7786846217022448   0.7375053906529556   3.576884195113153
4.991833745897158   3.618397578444945   0.41723874465121336
1.2345348866627508   5.247709356727094   2.3701452816195387
5.0109487851835395   3.1531650838011047   0.9619188298749304
1.1665459375415623   2.6160751613446678   5.154205734986934
2.7224657877115144   0.19180876310428596   0.8007583972609306
1.0168790990804453   2.0687188860244983   1.9248973889484304
2.665482712318818   2.956584207199308   6.2074043553126685
2.650418940025885   1.0408014036106692   0.992430544866321
2.549703570867028   1.8898816331823527   3.724054794035854
3.1036131491247847   2.6175861114189116   0.2044628363106562
2.2949161664733846   1.7998386358093168   3.8034267439960066
3.258138572499642   3.5644703635868975   1.0330902290191482
2.9885316597372005   4.207866783442361   2.420368295528267
1.9283205646066177   1.4511201180667759   3.4055435635776297
3.9752866070390933   0.3282857825566088   2.5290499012594756
3.3136566586146188   0.02276757644544969   3.9828927370801344
2.0845907156800987   4.6022204088723   1.8855178294783803
4.663304322769969   3.1178121991718424   0.651211250713906
1.1266016042804319   3.669421026290694   5.513648610615879
0.6587940481581848   4.102892454268332   1.7363789373169702
0.047719124943504276   1.2352691520640648   1.587792458867636
4.052884097301796   1.7985698878612375   4.340119794695065
0.2319573359901277   2.25357046463553   2.128496086349184
2.6146560693174483   0.46053996006540376   3.9832675145016303
5.00982131264629   1.0468913774180715   4.8789697357951765
4.231771819079669   1.458790625318327   4.08785285857662
4.9720572420998925   4.412718682064661   3.8369141068160673
1.5397889835805418   1.8579279812230816   6.01458887203637
0.5986753951354868   4.466339571487838   4.70712205163472
0.8865900862145296   1.1211723824497648   0.14372795058005425
0.13791171144229636   3.917398509763162   3.451814355403789
3.3639698501117556   4.258020997284883   2.1834100086035684
0.36069528796021877   3.078114935860903   3.9457156724898548
3.8382491141032835   3.0682348971306714   4.598389460269141
5.271670832615159   5.002862044442048   6.161514268375216
3.2982973022685877   0.6932031674834247   5.12953572486705
2.787820591192277   4.904310697315676   4.86485462324698
1.1807744101023252   1.275121348743575   0.40113982144196036
3.7423138362289268   4.887842365555153   3.927363447950077
0.18054834631624747   2.4395377966345126   5.392778177383753
3.1988813692532583   4.6282307058757155   5.4436709632062446
1.3345739736138011   5.05054760460762   5.401347990681669
1.8629842853621053   3.5210895693626645   2.310427907463338
2.0159957942909497   0.6778637671633385   3.5400550716643093
3.378117673208737   2.4740247631383308   0.18988338035743102
1.8281120367029764   4.973718257213484   1.8067419939859815
1.8056740146318506   3.924880957958848   5.5433243583734
1.9799195274276107   3.0436442767091965   1.442520290056729
4.77445763504057   2.2596235728166922   5.7665198938742765
3.570564421506902   3.2240703442580556   1.5041236334104058
1.3273534790519155   4.455575338568218   1.071853955252074
0.4151784554437832   0.6826987671290801   3.7393967111455684
1.4525042333119327   2.519724509108125   5.415425262218043
0.33774044351181   1.5745588637602772   3.9834019296459697
4.689861029959211   5.190707459331769   4.234798970582173
3.836968317769924   2.5752193889641797   5.652123696990068
4.1918257380896105   1.8957807584712716   1.181146157354084
1.008953367276043   1.8418094643632585   1.8853043829084313
0.21833471872734567   0.5791511671017141   0.6342018225056617
2.9446139764457864   3.3356463912602   0.6164578968095534
1.382111225432337   0.41760106941173375   2.245301263788675
