4.680751522737147   0.36010284760069966   1.586240544564727
3.737943995680031   3.725060327634888   4.486126882878609
0.6479540971590623   0.6535144481403383   3.8490646532541923
4.334351348295391   3.936144039990524   0.4073300060005669
2.1158821476638416   5.1522078914214715   2.175349804819285
5.255200394820494   3.9871973548096786   0.09923268613465719
0.9288193265728513   2.324356410596554   4.5863693091026505
3.3592691317835106   4.793128146244201   1.0865406946130047
0.8668481460508473   1.7986164812081507   1.8361789431051019
2.59907452301706   2.9075434428710865   0.24999446757085977
2.1148959970775323   1.895661003295977   1.149399239996337
2.7117657128129253   1.973511813910564   3.4267345380899594
3.1223583804541803   2.062840189349796   0.3205037254948728
2.086676836064012   2.141100323040301   4.5281371788538465
2.990404944354779   3.7849021122314146   0.7735630160051583
2.200560612839635   3.7183664601153983   1.977547059483562
1.6548180417972218   1.774104590578871   3.419629766524186
3.341702041627422   0.6654808445755466   2.372126415174611
2.9380450767313526   0.031137639178392185   3.8031167255040295
2.17312885643099   4.849138330845079   2.222753348804509
4.782597428191876   4.899570738530604   1.15565809553388
1.203530544178761   3.5357247421395046   5.375266476502346
1.732201448941197   4.425115392541219   1.7826001458517944
4.009882177591145   0.5631802177431268   1.6254874917412856
3.9035827319710648   1.6064095875561082   4.759858368097228
0.16339375845910642   1.8016458997583826   2.457580591463085
2.6931851640338897   1.1757476613022022   4.274906655079269
4.23779381477352   0.7949217532267395   4.823880254168711
3.7126073754041107   1.2156824179857662   4.7423188708959145
5.187551222659411   2.837609059958587   3.3014115364862504
1.3197943816091016   1.047121050405277   0.17126459289667317
0.40694319030535   4.527487984768323   4.945580309943743
1.1990183403962718   0.684017717665119   0.5230909691930268
4.522921753434893   4.174123175494055   4.002117938523045
2.725117085164577   4.440662650734696   1.951320354730148
0.3981651233705378   4.901307563119857   4.5118881145524945
3.7091860281007385   2.4459168173799757   4.790689428063086
0.15876637281361228   0.39079561544932306   5.874626961667157
3.494855852417401   1.4204657663176568   4.701137510728883
3.40997226808372   4.147949837185709   4.918477629405198
0.890924236856425   0.8515777915734728   0.48120158534249236
4.080260036705828   4.705658505748635   4.000519798568698
0.43775562658951744   2.921106457912407   5.54862089270952
0.9272177802748419   3.563814809995398   5.3013868310008885
1.844116930478731   5.273678208426579   5.399746309332813
1.9376384764523458   3.1293378686607554   1.381834074353499
2.070811013574137   1.4821866407382545   3.6082048562488747
3.029888701763584   1.976732118489749   0.31279203406298495
1.8983760897987618   4.813266109346911   2.232423793507336
1.0258437818486383   2.876024590331642   5.547619738879138
1.704879330764989   3.7148001811579454   2.118173994774594
4.85940522354308   1.6918656016778386   5.808686007800327
3.145068606523396   3.3063800172280247   0.6952978994207987
4.600901006718991   4.4864415748650295   0.9875290160562028
4.5781428619643645   1.1147824518065406   3.989187233120187
2.102445260027204   2.6844226479795665   5.286942442620555
0.7035960019124452   0.10838549795188807   4.124448789010182
4.917757905332494   0.19128108671077182   4.674885858675718
4.506682589353113   3.0907881829976662   5.864960655565845
4.361867392369509   1.908901890332197   1.6515989845178893
0.5352982991584365   1.4467302961523745   1.9005903546925005
1.0905527932888117   4.970463803141712   0.4149874127142199
2.842728521149275   3.2327310341025663   0.951527984666839
2.2512718967391394   0.7414288499078985   2.2552062603797465
