6.917637295860975   8.856979387604357   3.3410849625396164
1.950695325712774   2.2838417291413675   5.518555738078823
3.6132835656606916   3.2050012216714565   4.7271167634010505
4.875449513390158   4.113536674943108   0.6161784130206673
6.844305750576479   6.49546887389661   1.812433745356467
1.3796791464657034   7.011632425362259   4.418541726926246
8.740193703284687   2.505743914073142   2.047952778367098
0.21405804194460387   8.886772486503057   6.029140324037495
0.29609848113147613   3.8301473282255754   6.2027789743266295
6.305843562281903   2.0618444950621315   1.5237345003964702
3.4581253526074756   0.6576959371092056   1.5074420868198295
8.575206382601904   9.81321465530248   4.586042294571225
3.2689064974631137   1.93180362322522   0.4031563711227085
6.566211454249865   0.0029286023019174934   0.20176590580317447
6.8973488219471975   4.381416025499824   2.6221749617608356
0.2875606333640304   2.4267609072565097   3.1933832284071744
2.6780577018979947   2.6954130045184783   1.2053460373664016
1.9581362428500935   8.705442797769038   5.892932778584389
5.159341729378169   8.633923083195969   2.470158843434893
8.002861009040933   6.63840958578133   3.2150465053552435
0.5711762836537084   7.143116682929218   1.387620961762361
3.680053490308571   7.415021125623997   1.6980331381791933
8.636305753632334   8.735518891543316   4.955669852792352
4.1521273976633895   2.3330179753869236   2.779029193110364
7.419075084969628   2.0571143430347676   4.583638501653734
3.870086765149358   5.554500356856972   3.5121232773932123
4.001961457636295   1.370691208253343   3.291865282434864
4.543060593957609   0.3333300283634376   1.726330855740934
0.4454835918171114   0.9710912136549739   1.3591414369564616
4.028592519944316   9.574879657715815   2.508788174280193
9.03780170294846   4.168559774098204   1.0814678962207873
0.8522345706440855   9.625226396159256   4.650496663939071
8.184879477837185   4.103815368710811   3.2605470115329016
1.2425078620892287   0.6310459176988221   0.6721728319631699
8.621110519412577   5.586774714548034   4.07576473965154
2.8886013820346585   7.74890285368024   4.498461252672226
5.588034446067967   3.394123435973045   2.2695428205150474
1.757368955518668   3.3497732321801594   5.318882857519871
5.141923242280836   5.633037077226755   2.2057115380902905
6.579173922665137   3.5057586630649107   3.3127226172139164
4.101533913618619   6.479084546228938   3.5696902151423746
8.715310960071157   7.073373622673263   0.7659569046462716
3.1361501886784833   4.356708300462383   1.659727973039125
5.76281726900485   0.46845095442114193   5.915673770840369
6.425287226205505   1.0511711973477567   4.605463957012937
7.378871070187114   7.45707875062346   5.064764417427657
3.2392334570045866   9.049164234193563   4.315794506790544
0.2810740937061938   4.804098702410607   5.2465645306030995
1.7746850307188657   5.709183455035488   6.1256312349445246
9.587857773695532   8.115931727728318   4.932142499616306
5.405193223957978   2.172289331407263   1.4853988252924262
6.229866143781316   8.178108938153677   1.6435165843130626
5.261184807400707   1.2535067424836441   0.0052815775625258965
7.801172757061735   5.091950350689077   2.4979379680844045
8.06471009935396   3.195522670684569   6.145128499344347
9.136288724165455   0.9488084089908594   0.9811122971252755
4.302368349991408   4.794337185146411   1.3257179436872872
5.682979882763461   4.410545086227175   2.206623787195473
2.55656035916721   1.149701176104448   4.776285282860164
9.373053413665641   1.8522392181226073   2.241817628125898
1.1528803138780126   8.194062651582776   1.8984151940152971
4.872799888003286   7.009582787529922   0.7649607132801035
9.54230682363525   6.393565394459082   4.703704001882126
2.645152610792589   6.394112119829654   2.126866831286462
