3.1760280360788955   0.5941796509932831   3.7448016390423096
0.9552808250091916   6.790318188024645   1.4402586640234167
7.808231648979281   0.014528548818905307   5.39032022943914
3.3822947668941623   4.701886830006439   3.5944687593600113
1.1103852020311102   9.552939400761874   1.6416148800089436
8.787442297451271   6.390504282361184   0.7740477737587279
8.610136338583937   9.897157953194734   0.9976682657531868
6.776919521163411   4.187277635916475   4.5790350621759055
6.454937705595295   7.596058783249448   1.3034965297645862
3.192803544932568   3.0358284224202032   3.491127817337012
1.46823602539857   3.728205792975345   0.8138361610244095
9.433896790493256   1.7007958642086207   4.9191073356152195
1.2197003734964151   4.915789696614039   1.3540494103920355
5.059731793177878   1.578307119283462   3.0941092578036424
2.7152906416317952   7.336539022970788   3.470862011325867
6.555631681780604   4.998228488436725   4.999007309947731
2.0623747484051758   4.75070847288465   4.498613200650236
2.980746660898116   8.22451923630995   5.8430416071034355
7.898722168811535   6.494978432292129   2.1027064544370324
5.395628021114118   5.620598289872973   1.9499633474534277
9.725676711559345   6.798863280354374   5.139065805660639
2.368253864288367   6.00400270446453   1.280151861772727
8.800015929751408   7.790645087696373   5.941611505586685
3.9318060449540595   5.788892061268374   2.5901699400605516
7.305259051196351   0.7194095508632475   4.777661167094113
5.329752462496237   3.783012245913113   3.657962592419376
8.530024794061761   2.8050175605835763   4.0344078155515986
4.648970235142956   4.66685910626815   1.496315111963922
2.5322485527829506   1.808211240052743   3.0516592218772463
1.924974467880364   9.077170174916287   2.2015575387364006
1.5756851463738881   1.0326077204049038   0.5031423803914952
3.353039536632908   1.940280217477702   3.9330325509934037
9.517541255940094   9.929148818189693   3.7941922617458186
4.459333733811007   3.6865490068380873   1.7141858039555402
9.772632603391417   5.277587017099713   1.706924324810868
1.5543769892801675   5.921639818402186   4.268569523484769
7.429994645827624   2.7649167658337976   0.49365327882892157
0.2825156616503911   3.739716733524705   0.4623957232544429
4.543285955890833   2.61067027897047   6.196890250860531
6.137339212118347   3.194758958163871   3.5547125803354542
5.064863298777387   7.891632618065283   3.036076439693254
6.687073092380475   5.826980289715179   5.087976175850965
9.874896444954267   7.900320380608224   2.1470947221959022
7.646181060590474   4.765133987997076   6.029016694342544
0.8181397683267561   0.6776578318311895   5.884628171439468
4.529404830824235   6.519436283983312   5.289663999067281
0.6676825033894177   1.5832295996143015   3.571136400419461
8.89558326025496   5.563334794249087   3.702304052901178
7.8586918937141865   3.5529859364979424   3.1020325354453213
7.097485373496722   9.45570793561001   5.354169501601855
0.46848176280285647   4.542354624668835   3.342420653059948
3.9640829715928   0.9000944429199996   4.961660743806682
5.738479533075649   1.9743277922996048   0.3677171143847482
0.12337940620703058   9.046696570702075   0.0011891097513888893
1.4622433725170463   2.0795332688061414   0.2540598967786669
2.186065201307811   9.957054354147463   4.284571723931622
8.948898778482894   3.8466283252830666   3.1761148835968513
4.004647094382639   8.396093151241953   1.0130702499527713
4.139939161074747   9.695110958575095   2.6538416194290013
8.710243157110064   0.7447748304551974   3.475625256958666
0.7351211812235035   7.990585453607007   0.30377192668568065
3.903643940417967   7.553633968633119   1.7479520503538128
6.5839891929544665   2.3953222873360205   4.390648446422575
7.084639385281073   6.684769448830126   2.0974066109352396
