7.0333017981660255   9.059277739867214   4.145762288387669
6.11682807038001   4.505680764307176   1.1142067075603193
1.3337321414089474   7.379203236014039   3.897073524300662
7.005262350079788   3.540782435596098   1.063308214067223
7.026049617739451   4.569193636948961   3.7634683726482105
2.252847271100668   6.261499022489214   3.505380961523581
9.319797137594609   5.828396805621903   3.3602475634774835
5.323245540494802   0.5970799428069435   5.059315178197196
2.281749708911398   3.972320274372719   1.6882217082119304
8.503570809597955   3.05191820888732   1.0553658768644076
1.2844493976565565   0.6446188001271842   1.7752475925128088
8.191779741222826   9.502404334948398   4.164444170843153
2.048938155007208   9.940107374992012   6.048389626763543
8.199978197240622   5.759400044654023   4.247222753803708
8.576482661399181   4.580282248508816   1.7788842770404285
1.402967743996768   1.9186798174375443   4.227505804847895
2.4839961416502807   2.6900224576015326   0.7574771207056274
4.660055949060034   8.752619808117919   0.8562750919700672
6.366725046052407   6.729820612884347   6.0903788276414055
7.21272344297336   8.16886564269553   3.610352742175965
9.426282255925932   0.11334708219633383   5.643395372495764
4.439887702751434   7.637659806712121   0.5294860479501143
8.063766486780441   0.6204790482509847   4.527138342953345
5.6294553703205175   3.3485208151891994   0.3659187232362307
6.152287115610889   7.918883563172909   5.235862740929545
5.405555630794966   6.608890873989276   2.7489675440494703
1.5933164185774433   2.855943677629216   2.34043973009636
5.812462681277871   9.043975973720267   1.4784851025792047
3.1114680057025006   0.3365582379001604   1.3318405247519567
3.958644951105428   5.263643579263841   3.030817759402262
1.3292306310964568   4.398832067648152   1.6338690036313273
2.2764314046767007   1.8175400523440242   4.336962008424923
4.828769212189918   5.07499196366426   2.6590443710258196
0.32737892485993486   9.620962635297513   0.39516217404778464
7.9822212760497875   3.8453012438651393   4.016053259652715
3.19763788093426   6.489288100527392   0.41549173265525174
5.2850758542492455   4.3143814056442755   1.8305622596237012
4.538491663636969   3.5361267294936645   4.267873491732397
3.36666004045331   4.245505738350268   2.6825133752523715
7.2548229021014015   9.936818973723394   1.4844845489249403
0.01953963148803517   4.525372810059477   3.788419515152819
6.705816666735152   5.4011000253037755   0.575837973198083
3.0947872919309733   5.33811258854907   2.7266152154772176
5.399014191663678   1.4291490285715744   5.05737041713345
3.800167844371631   2.228945148260572   4.724656193915847
8.654218884387733   8.624087203863581   0.1271518577817695
1.1529601900288342   6.278790673877243   4.339293701259325
7.364275709137045   6.430430725043329   4.574916513560059
0.6479877767868039   5.42608133446602   5.782043567060239
0.20436898933379255   8.446748689953184   6.126709592259718
5.796436280459316   2.4932575742606673   0.5061150688502397
3.964173110436444   9.777632377867851   2.808554155630641
6.286775805160922   1.6915948614916383   6.019077126821059
5.888427719282038   5.653526401648133   1.4840612104376993
9.213726041456377   1.176284893783163   5.1729409302335245
6.312824632359591   0.6191651905634686   3.567910461325482
7.508001882772307   1.8903139360842918   1.9825325845920656
3.488921190648672   7.896862964409024   3.587743324694778
0.6183608996577177   2.780715109428592   4.886985529231956
2.7728244198993295   9.463357149003032   1.4803983308882895
0.22756982009433802   0.4757878092839745   6.146954702745758
4.386784764182881   6.10743936315457   5.829250796255411
0.011745529323870907   7.1663783587012055   0.026730406231601833
2.407435212602962   7.638123972307836   2.304141776734989
