5.347213133324857   8.64934103196292   4.888991135087272
7.583745692009213   4.03378213342452   1.5643212379653189
3.762373172350094   4.712139820120436   5.834822468584045
7.805238088307255   2.9289914466697984   1.7235773576435638
8.31318874515901   5.032258646165895   1.7270415668103052
3.108507414023702   5.5306073984876525   4.245585700113562
9.58675958458283   3.704109412878577   2.0432976077019567
0.23537807070735794   0.5733372448743508   4.7824640620040455
4.39522282173734   3.7228079696876852   2.0056759388796697
7.2343690070402   2.119305210520596   2.114575188167941
1.1065521061792016   9.853166446780575   2.4061994391426005
9.78813405726456   9.678118689314621   4.593043271150179
3.3912532945390863   2.1657251835841054   6.219014343797885
6.844475655503102   7.121630573183225   5.156648560207571
8.656480085266715   3.4001909812746214   2.9627090353864607
8.802214743944008   0.9360372622544919   3.4414604612277526
2.129782226481168   3.0726154501830445   1.5215384633069264
4.070435431915489   9.090888161878004   6.234666646909269
6.928110582085456   5.777351965807179   0.0024117224563622447
8.969810304275214   6.118976924428795   3.733913574504896
0.7600971948870052   7.843306221887251   0.6776358965415529
3.6475805489941187   7.642928260400205   0.20250144016369728
7.374534790593501   9.196796685421626   5.610793995706528
5.353571568007371   3.038534009236361   1.4446608155658553
6.44391978636137   8.137008702138145   5.087929770836819
5.034708981802359   5.906909286940545   3.2114694251168854
1.2963277516811837   1.020708641186179   2.939241265559641
5.100039860237154   9.451864683678023   2.012739432314139
2.4522628340276404   9.678679897471563   2.303695352499318
4.132302665085281   6.641191203919734   1.9158638568206727
0.5357927918644837   6.530866319694531   0.7194050265606834
2.400017220688007   1.3924985092714057   5.4910083663045155
5.651228898245573   4.925315050582034   2.490866119824316
1.3620337186005265   8.685164497685259   6.078406296512353
8.90467881764314   4.202432970881158   5.318663220656703
2.77692304911656   7.601033160417271   5.61280152323404
6.236963478403826   3.334315289599111   1.4658967099965252
4.277712600028553   2.811638045861141   3.3763909322883037
4.139260762574978   5.766517420248809   2.3411072492749216
6.286752651312516   2.0317739856826313   1.5709338172629874
0.5183411259056006   2.501905384253102   3.4841970109608686
7.683811650976348   8.122520360280717   0.9056988968685761
2.796602599165636   4.023571847043101   1.568124521769325
3.8432799007078144   0.4257656024964333   5.430671576858627
6.631244379358007   0.4582602815192279   5.800035234669382
8.949061742477614   8.339653185366178   5.759674304593823
9.840673772372698   7.785881256366547   3.174575498554576
9.755220285111204   4.756897603758665   4.155820310609836
1.5395199553589696   3.9595897596789813   0.32921122364680083
2.4868334876131333   8.556654910739095   0.2817876394858185
4.693521126211016   2.082398694904484   0.7601969255376483
5.674426057309399   0.6538538047982574   2.471197585271301
5.921966138975076   9.371551500719892   5.938727777779702
5.701818312785942   3.9906409260822384   2.0622886815634294
8.281680870837862   1.895026463564109   6.176366943346572
8.800405603031157   9.468468130145684   1.8497600883210705
4.560965353826432   4.565406241074591   1.8695588542522796
4.019329938403051   1.3232796929447153   3.4441981354004882
0.841261215235531   4.637017615703849   4.967109795084775
0.3114031428027323   1.5126474836051549   1.6008064372120705
0.49014450829943695   9.063824837065223   1.054623549450252
4.634586560402319   7.652840451861398   0.11243530007707278
8.271941600862002   6.868598768160561   6.234710324303183
3.155375591225675   6.7103559520295315   2.1723069734145177
