3.6497212366389014   3.3660081554957713   4.438056949761496
8.598767002635917   10.39350362576433   0.9423881802208255
3.94175045870832   12.037735859304458   3.4887417702119463
4.708791511705815   6.824016403392135   4.067775155681379
5.657383425247724   6.2294891598778   5.416741058662505
7.766848700316076   8.435899768220755   4.3742798822598035
3.5145084293918725   1.3960506933572214   4.2497336978903295
6.883891763851758   13.80881971959072   0.6447454847709042
0.4299353463235104   4.794204330680099   2.522978970407313
4.895959558674741   1.776865233723499   5.223021280257488
1.201117262104903   8.972692885044676   3.78661022110099
10.779331262482728   10.491681712096202   0.687388268539595
7.763437809450687   5.057506131695561   3.4587857528927546
3.736048718886272   8.254893744789054   0.25510869303437755
13.40839478625315   6.297684735635407   4.80396029536171
7.051824023672161   12.596931096991653   3.129938777349222
1.0931401100738127   11.286093220628068   5.53819822195381
10.277261282919445   2.043981113657558   2.942238438452837
2.384014032656347   7.440243435760486   4.935860582866234
13.088611944121768   7.556896477935071   1.1769092294940569
1.6455229020007194   12.379565654842105   0.5144817735104599
12.596667343710823   12.376380847758222   0.4063557695125113
9.669226433849849   5.030439795092051   4.77369189779339
10.94092908721047   13.258325809558093   1.5345090756775748
13.463236713805362   9.607593543340945   3.292381195314466
12.77899576435648   2.2669879561308686   6.052264863843285
8.959411259722762   7.860823526622576   3.0772925397080755
9.7321258103408   10.63050512545449   0.9289885423102041
13.033995518726234   0.10629625050209457   4.120961692630295
9.213467778611124   12.92242070681516   1.3975275220717567
12.381022429834378   6.532238807682171   3.247254648504211
8.644435192480053   1.0426182898215943   3.898738234416334
12.856100190223602   11.059260517215735   0.7894008198795656
0.6619558761729045   2.8170211545657526   2.1071277719073547
4.479013976968238   4.076205642169994   3.3424126439568136
12.251080606051058   13.623500733529465   3.9031355253836986
14.282291572168395   13.703855287235944   2.5605821543335483
6.420900562129215   9.242284821743462   1.297878096713559
6.0505936976951356   10.95975995538976   4.761161452305956
4.144558427094376   5.940993779961881   2.47723869489106
8.87381473754747   2.8357554377031007   6.093005381933268
1.0012947783340622   1.392617260669105   2.192695330383457
7.18246591386573   2.188113221031936   2.251074676409583
2.765916857034671   12.528637517587592   5.936117035443363
5.414804260893993   13.050989241317934   2.0764555479831683
3.802963602956587   0.14459357357301705   1.3131210232055615
10.423935984480082   7.760432327299668   1.0293653618496936
4.753230432322349   8.601368721093925   0.8916491618606508
6.440333386829508   4.311721012919256   5.315036501201786
11.90129236120737   3.4743556171074506   4.717626219330651
0.3664202967939948   12.717271049140876   0.6731993448383604
11.914083068423952   9.907321763992735   4.23456300636472
5.586294795514208   3.2527101224143413   6.027835432736046
11.68501834921825   4.766723621235219   0.8189968501719473
0.107197655679372   6.35761533600232   2.4437261350401225
14.322060512118055   7.550589686571829   5.972024060257143
8.743717057853098   4.082717488189024   4.860704688091818
0.3456323009493497   10.14493532331144   0.5126713953429203
1.3840245861681528   14.152883361363058   1.6206934131100041
11.322710538456239   1.3391918270123664   5.344411287614873
4.87258867110756   0.5210087842366496   5.882055264234107
11.50988279310919   12.297526805924901   0.14355457830451174
6.669513748221567   0.531492638817674   1.7301946938689248
13.152369049456736   4.757261574928056   4.204147868041579
