5.092537887860982   12.198100227881294   6.193289318584996
5.611004222367562   9.5992462805766   1.4458770624709143
2.47700247970394   6.481407520743431   3.3161846652597307
10.746680125000655   9.377144316824195   0.04793497403792271
5.42682718656105   10.853739461372971   1.8898943196400153
4.07213454802235   2.010429423047781   3.2905593293261406
8.338111532394478   1.1035780755473328   4.461607876631891
12.429605556424493   12.804580785211979   2.0294240507703907
5.879612631751393   4.350299979091671   6.197828250875646
11.453135469969492   2.5690946798330523   1.1362641574388532
5.497980284515235   0.3770551604416533   4.720206566891908
3.0421128903891117   11.725563632387477   3.723135057006271
0.31775809167400354   12.533740147616761   0.40109024227587664
13.747726142117907   8.35983973426139   1.624248990862288
10.538169531855274   3.668726115294337   2.8518282545666986
0.6430511064137632   11.174233275301447   5.728627502414072
10.796711529864295   11.069513948176766   4.6682366465433915
14.075684123272254   0.8609893760900293   3.1580341145854374
13.195407556077704   6.735552555631219   0.8411457421747925
0.07797604105254585   5.073267068044355   3.9296525292309443
1.3817055824541207   5.1983003392371545   5.117858556382962
0.16028068177020283   2.0303292687714065   2.3732029330999342
12.543971843881758   9.323316414162335   1.9252580238724746
12.062931870949171   4.063933490805258   0.19942425404159256
9.496637681782826   13.832903778505887   3.083526583234504
5.284854053044223   1.4099137595744486   1.1571859177853079
13.549976534470252   2.9891430459134765   3.077302682898839
6.655041315245569   12.292791866717975   6.173325595632117
2.4739359454560175   4.845095158008646   2.4852016087782114
7.518625489785445   3.876520083003829   3.781497071377755
1.6097697316371138   3.9281940274039457   3.4940350111863667
12.739476454029116   1.8498678036283662   2.2788528254049405
10.400535269009767   12.314107005231008   1.4068755417635885
6.762074646282205   6.944958761443707   3.8581419920581554
3.880805800388783   0.6171538382030218   4.94232193137286
0.28025473023662606   8.966928073281798   2.7680818928625377
10.899795397453836   13.84791533962357   5.583047976178656
8.450884942550585   4.585365460965317   6.094496757054074
7.135640649239458   2.825073361244246   3.925604325733938
2.9597460641839715   7.9747572184793825   1.4767688066629627
5.928155966106216   6.201576474914841   3.6674851429290656
13.646955617702494   12.672403827511193   5.498070769034834
7.479864870772093   9.515975581021426   4.853732063530885
0.12852843346733955   3.8748230980301037   3.3488826283650583
3.0324119109340635   13.524532590551564   2.3459355858437902
10.717116958880743   5.75376421187579   4.7991399667923815
4.097846423004359   3.878834205584513   0.8807150579803777
2.2945713040784623   10.43745134683953   3.9039818728176394
1.8079351551059584   7.855906810007607   0.9640515620414356
6.603790462181395   0.3187916400401758   4.758240180542389
11.897146173846345   6.923245155726936   2.0087906332996823
2.871507749492962   3.6421898122233696   1.0381016050899012
6.342920221918899   8.587995070673907   1.4000274486935902
2.695488127117339   9.038047543815166   1.79323451171348
9.549949957070373   3.2027328890759783   0.7690379522205527
12.658583427362158   13.91475503144157   4.943453939399373
1.489389787572445   13.263950054105734   2.629075673799216
1.8677593043026621   2.363018419330723   2.15980774499899
1.3914860685435106   0.2545191124921291   1.7006778872759192
6.533416584767365   10.837716153427094   0.6568791771604091
7.483263734273871   11.338139811863515   4.150659133180332
13.658576154407795   11.545185134466422   4.39436076575441
8.00880787103117   7.484308345743357   5.881675150094604
4.104379552219172   8.175650225166683   5.294851110543086
