2.538358392508271   8.743416772607036   4.259175564121635
8.440170420937774   8.227839541847834   0.4788476694953976
4.42569549490387   11.861272967658774   3.9422741393372944
2.9097659073605175   11.39248010894524   0.4384930449149673
4.710516447814906   6.6588981201574935   0.9159821754175563
6.054770357721374   9.590178693526992   5.308257871334505
13.898146721564299   1.5164747534792637   6.158313174663427
10.57783609493125   0.7915902915433727   5.312160226161737
3.053192592062345   0.32983968014374215   4.488453491116815
6.31617401841272   0.8840821714198704   6.122145100608074
4.725646775179395   9.278949142310493   2.6086266076561455
11.573257362209684   7.762408680661426   0.8377605469256245
1.1039628209308592   5.414027763874898   4.884873111968643
3.8719694993663185   8.400814307634679   5.668203770862512
12.564040587923554   2.829436079859062   1.4769962918564947
7.402024406816877   10.684890394206743   4.470515568587838
8.775817950257167   10.793306739667306   1.1745254031347188
7.6794188425790075   0.6642535750101706   2.532645757723362
12.493912842153104   8.594603129586813   0.45869793067527226
1.332820767871957   8.650349738840495   1.5027207897449026
11.386116702455453   10.408500926468134   4.789047558440891
12.600018059180336   12.325044608372533   6.0148598754117435
12.76576165621795   6.66573057744738   3.005420294738177
10.31171368462147   8.829928563571533   1.5386236546303265
13.677364099445018   9.330515463088199   2.9130635277311807
1.0719982978570732   2.9395453755776346   1.5227123762450419
8.326432439939472   7.115635170138712   4.629656775002198
9.433436663983102   12.207143232546684   2.6558692469066947
12.863332449718524   3.820544345972107   6.0584834800491265
10.422368752253623   13.983242897199153   5.766586093156307
11.834073576289343   6.003206037523718   1.6360749770288785
9.049367980874116   0.49251086980983017   4.539233861174638
11.459394156795005   11.95339409116519   1.2143181373173653
11.715300847691818   1.3158814226332323   0.41316342024817654
3.828741808072947   4.071762081648292   4.272185379681277
12.829916779273052   1.6420440573022286   3.193712545746296
0.6802576604457384   1.9007561460615854   2.5038590550930526
10.001406508108094   7.299804808447496   0.35647189566115867
5.193965063515778   10.414812286257202   5.209722036539956
13.848939294615304   3.4944711200928054   1.3762014385631054
10.054041643984846   5.129027135224794   5.03938866309772
1.819837363013482   7.378543669382344   3.9466169948202
7.220406381448999   2.947633378438216   4.205767782110899
1.3035913983622693   10.241077821382266   5.040139761762396
6.7322132012493805   14.153046745814878   2.6173178908507544
1.4868197192455461   13.345889625954172   6.067667357831762
7.209284406993742   8.779454259366   2.453441787045051
5.498737533823147   8.229129193498093   1.1641316101420387
10.00863394902367   2.6425290238379646   5.74467485229928
11.534722586788016   4.538386054374957   3.6400242944363534
14.27436082138312   12.739255082164817   6.039294331297538
11.3484563427419   9.256567066692105   2.455973301727421
2.843294636077202   1.3659686596615028   5.306516053094983
6.332411285599605   7.021225437914769   0.028517591341944204
2.335657129703044   3.744797970200791   2.6974144147103387
13.304173493923411   7.725303724004187   5.026918783079337
8.869424265627298   5.464612149524594   4.4658791683738315
14.009607702881658   14.140656331608172   2.7179462361789084
5.215336919054053   12.642135958782717   0.5003104309690221
11.537049025192225   13.02661286541348   3.6479132245179478
6.519499970336016   11.845677559505798   4.891201686517822
10.280459686020812   10.824179526892557   5.551179449380135
4.025446982309327   14.10148001513959   0.5028005224086916
13.750903711921298   6.143846655824522   4.029276097843533
