4.948992341039782   1.1746170289652098   0.07393927335924518
9.091245289626151   7.811785272558736   0.3420237417442461
1.4629715112925874   12.793707480468097   5.818156003424717
5.389596844989605   6.790193492957911   1.652382471001569
4.8544827138432165   12.726499797779422   4.965766207425195
6.191187336289683   12.178642565643793   2.395725246220512
13.618874767332606   13.049004983132665   1.9354736539428858
10.685971014000625   13.10238554079493   4.4647237530205075
1.8745007291728593   13.815781848442647   0.8024148241708864
9.683465737930634   0.22936552384339315   5.1760731283278085
8.574335245181913   13.974237423958314   3.7152417601011516
2.106580059175669   6.854191805258321   1.1667196328399068
0.7109886695826296   10.767709308511886   4.021319215034106
12.268154452834665   7.719687075019505   5.783581247892554
5.053102689197282   4.700128687308509   2.0578507098508108
8.436798493999817   6.5686468097156165   5.895128845144815
7.9097259659932675   9.043591809727445   0.8746618575270058
0.5879564170846925   1.9936082888322064   2.4497974278076673
1.6402044455252938   9.2653634429456   0.1225351570747307
0.9749728851349889   0.9351806042186556   3.362828337269086
14.316588994964295   5.471955551121692   3.8840115860818845
8.049163284456151   12.378558915138962   0.2014103086803828
10.882501761010545   10.34520833381677   4.920461177566931
5.243047198596438   8.611036519777809   5.776779319831209
11.64209626746409   9.540786647825707   5.677408211902962
4.28682462985564   2.9981868129033318   6.078336729993457
10.634926726253324   4.803959250881577   0.8330483106820721
11.729227729616474   12.776884052863718   4.243088542330926
3.8726767592736464   4.237282221311631   0.22819671062964758
11.675949006691457   2.1125155103161135   6.236450606935886
1.8953985284687827   5.01130416391363   3.7236443921067806
11.910801478182613   0.15406034130672275   3.6018913514639705
12.41531150437725   6.5323840524565   5.007262821430555
10.223470303151707   1.1907377500944936   5.582200949990935
10.572589355162084   2.93650356759476   3.6282611093724864
13.026086203919464   0.7169204841935768   6.0344143659621325
2.956673071254   4.813390222112955   6.256023558863657
7.323184077788873   4.317920445305278   3.9288104100221375
2.5986192694325347   11.610358972749474   0.5665410690040515
0.24941662698887435   6.600409026267225   0.5806679990114975
6.991619508442216   8.274752685959449   2.6751963810881527
4.6240587327989155   9.497733747930628   3.7870707950255595
11.724196603862937   4.974645493424003   1.531759375124712
0.80662144171577   8.173351654794711   0.182226627505537
8.971601861322682   1.7152171082178802   0.6000531242622521
5.377674546925056   10.544930006052855   2.9731032279028256
5.8646719836059855   13.339895831548338   2.730243442001177
3.6858430816891756   13.147763781327066   0.08725404081322921
1.7285152410074902   3.393937421978106   5.304417173202607
6.046384986145186   3.407715909192868   0.11199743296162758
10.121073865701245   8.61648880416101   3.815116318085255
14.35384631822001   13.966702917091903   4.336848985052092
7.1149195748598215   10.213785638125252   0.5204368471210133
7.2594813171991825   5.404038285278758   1.4376984239879087
2.757774179246644   3.128049518698761   1.140903881358949
14.233959418942103   9.695359719112247   0.30286104109988043
6.876054457221754   0.05583523397286072   1.8043324400487584
3.903665529047854   11.957644707790504   1.8044616379966028
2.2302078058987282   2.184641244635844   2.1851073977651727
9.807664042026712   9.966829431361914   4.000877667002998
3.3170026319451225   6.405224103763141   0.45812622665632685
10.23546405166813   11.855145997287188   2.098852175582156
9.323306544898431   2.8744479408975216   0.8798655103873256
6.130500549743779   5.578505469605508   5.2856871539976
