5.913534117284259   10.688062231103745   5.865764436490537
4.713061256466708   8.484529108045114   0.8995068889059337
4.304093007083057   6.083162027811524   2.897450552622674
9.139967480625316   9.862639007699986   1.4749970951459832
6.202461525175424   8.648923936904167   1.3894512269624384
4.364737737323677   1.4988641310286748   2.069601114807665
6.277348636547435   1.4425122067630114   5.1387439728566395
13.639999732161934   10.625343684055647   3.2081963296628726
4.793405508756923   5.1648882173100255   0.42844034024857336
11.212053583093759   2.16551057435083   0.16983934762289776
7.249010980087282   13.980028537421301   3.665242141617872
2.841521631805411   12.013496091619672   3.5825234912838275
13.380866068057585   11.642682927544739   0.04335010852172502
14.152702852980148   8.824158540576864   0.9901079693230858
10.798336073211116   1.1187461296973016   3.0121734390555908
2.3394664918720216   10.99280702569974   6.168857646180746
12.302968197003153   10.309720466784597   5.7226852447039915
12.75469376377531   14.234494019453882   3.9265628251577778
11.628646080471471   7.425480732575801   1.1363812468149679
13.513788852635685   5.9648491816241584   3.8105647298548364
0.22788281142320643   6.106897264416995   4.027204724653518
13.041096602482957   1.3906962014392819   0.14290987940926414
12.85914251821257   8.159471862562983   2.205329854121276
11.516489146371923   3.542282672221139   1.2671503052023116
9.254897591248978   0.2278833893457044   3.6757890614748363
5.202492601826829   0.2682119643084987   1.4944113614378918
9.137684924133643   1.9966751059603078   4.087440910962219
5.903414669562638   13.243595237038887   0.5923955209689195
2.3298380182773637   5.692075644279782   3.7995265680569412
6.495559688318564   6.828550231141585   4.061639720125837
1.6559364465465327   3.706975444990694   3.4741105591789303
13.472425043121843   2.91842740464313   1.9592894100393135
9.770784192527733   13.213157556709737   2.387006360297754
5.502154989525716   6.116088295546039   4.188489131561587
2.4541417551237927   2.7455857173490625   4.642071095757289
1.1548359884912858   10.008427511279917   1.7198597205226689
11.68966614554455   14.1793904349188   5.012074504866243
8.55313156910053   5.726395694347735   0.9690861383616507
7.343930298101656   2.4700972963900503   3.6308860387574176
1.740689014435959   6.578448815148624   1.962592867752389
7.137935757823543   3.8251642830534176   5.2167016211563935
12.71265535007333   12.94965567157196   5.41287746000016
7.459366890686611   10.887716252067019   5.075485311756382
13.706417892303785   4.767213512845248   2.9828750013681176
4.048182751530631   14.258328598875748   2.2899867729201704
10.510116902738165   6.4580404427385485   5.862860883718005
4.919861405322111   2.5155536420221054   1.2320701240540146
4.253069704455055   9.983855025403262   4.311092498601581
0.7685633762562996   7.170335037657534   1.4879841238769034
4.423180860337956   11.927076759555796   4.138643093294244
11.271336465312718   9.263157485588073   2.0249270485846673
3.7619520563216065   3.530438078680557   0.541537305287899
4.852152033798434   7.065879933529096   0.8132493494475697
1.8750555260208264   9.167956764909599   1.3121370427370806
8.62054584826243   3.872542489084686   6.2805835608686555
11.993671095525176   1.08593706971997   5.015106311929779
14.114909342704093   12.935690822909399   2.2034968088302356
0.552251452166882   2.393641561442662   0.8163675739463154
1.865365084474596   1.2854734125974638   1.8475566163706156
8.410867713937177   13.083544505464317   6.215306838076767
8.429218662384635   11.997256810174736   4.425237265053146
0.3129201025269456   12.075493535907457   4.636819350677665
7.796980232892936   9.356627991621732   5.184897108233813
3.5090231391960223   8.44629511273407   5.08548970917946
