2.0100484159760628   4.6534307207001815   3.0754444041711744
4.985774555602639   1.173821882263451   3.0377340982630825
0.2766653648138995   2.778801452645994   0.8301162737710829
0.8538582938928523   3.5733499887377045   1.721496154711331
3.9834844401677456   0.2794171600372811   1.8400213379498696
4.487779872158819   2.410925927016612   4.2733982228371135
2.9334658512924037   5.061561925476811   4.0063951030370815
0.2015645231114891   3.4327137339634763   1.005017236322156
2.1490614575438793   1.9753606607241947   2.2710364923996322
3.3693241224237105   0.14225956417569563   2.9178319217158366
0.9745435489709252   1.0168281276985816   3.202369875963416
2.4637905495039756   0.8987779746714422   4.393151931890465
3.348445438328246   2.2837571344474887   5.057788416387607
2.8721643014806846   4.166612750158722   0.36097920556727336
4.287575412135985   1.5561850469783436   4.404359259684587
2.9982019091036785   1.7176369056254654   3.995799548294288
3.8917337860288015   5.097937866172114   2.4482069236178496
0.40211757359476014   3.9199781032682446   1.649541723114928
1.402303690085308   3.7099871811448675   3.7085131581890733
2.7052034353171788   0.2607493175111446   3.3769005886565324
2.2715515633848655   3.7869433963929096   2.1929576115964853
4.237357651967619   4.703546221211354   1.4093448278099947
1.612970132923671   1.967177210293106   3.1030255637153883
0.22598408018623115   5.094896043087184   2.7018482197190967
0.602581116084993   2.7351381228837655   0.5254692839959745
2.8310369731022167   3.245385052823849   1.7291317759127611
4.2572153520348515   3.468965551727785   0.6364243983106753
3.2481307570099087   4.588387639982266   1.325210140026639
0.8343589566705479   0.040334805261217965   2.6992494611439355
3.408336538237226   1.6092806710474563   0.5476786957986255
3.0391175582635896   3.4153776540109697   1.7832241446089419
2.515629975060744   1.8967000059036128   5.948396883698881
2.7722450946360384   1.4664543522991456   3.4497762654181585
0.06146686225981757   2.218853136684832   2.6594939194781864
3.505575103876922   3.8680018597001657   2.34273847575483
1.8503971736650415   2.5723631942272656   2.864214476536491
4.0743762334955616   4.30598348797991   4.62699798460901
0.3024895020535826   0.7691215852280091   5.064669324317073
0.1842713009328903   0.9863557809984345   2.1556410213094863
3.1010023905699833   0.7107155965062935   6.189565969490994
4.827188529482587   3.714642931853191   0.6438936544378792
5.064501468007412   4.499424924052869   2.644500215097892
4.473725738250203   1.23195686067534   4.099151369988846
1.6196295624758612   5.263479571342193   0.13048218520403482
0.948585083303277   2.3571565337178857   6.27914168900819
4.90517444586513   5.179177248741618   2.8204730494778087
1.447240306832277   4.796958524957658   0.23721699792862536
1.004526563603146   4.560500811056577   4.027465680349896
4.79171972694027   2.8383276338647385   4.576228751011687
3.287052105535186   2.5697738490075674   2.117597723373321
2.472978327388299   1.0655557715720687   4.397932463685611
3.1952541925679565   3.126475872313393   4.851615775757248
3.7713752467811745   1.5732905181121917   4.029323603466466
5.21023369664107   0.20092083047513315   3.176095951005039
2.0950963108910328   0.37761853616438595   5.5288492451979945
4.270452818287439   2.1054393051720584   4.166893036942377
3.9215275887705725   3.5733814538421527   0.19204082805735295
1.122704693910101   2.9000487399089905   0.25221203332276587
5.044776944649361   0.5987210912475637   5.8448731942722265
3.325129383363686   2.9304658672177646   1.5944761839645119
2.1965395264406373   4.1645936368612055   2.5911981840392393
0.2745821349523305   1.8740998946208278   2.9995383545484544
0.7119669302773182   3.823126671624577   4.7588103773008985
4.466158412021915   3.499135962440007   0.4987621359049301
