4.873462554070793   4.962403172570234   2.5360868667496486
2.958031916732576   0.31240532388906217   3.411629389682562
0.06972412212586004   3.5324402091560927   0.47124544353355224
1.3656823182593691   2.3441870652601056   0.8129017875618036
0.9265286205649118   5.150577884475063   2.4872302263164032
4.115242346236373   3.75942613512197   4.267594408062773
2.522258447747009   1.3414134287584372   5.113633297290535
3.532245929812793   1.1391708491305583   0.513986449422994
1.1797585861359836   3.515167985191715   0.5304366331663684
2.3186799056962584   4.043964175266975   1.4003340829151965
0.2256519804746861   4.833033252089333   2.093851708970617
2.808248515643769   2.5205623315228767   4.5816765827137065
1.9712566259079491   3.1848857624669162   4.903439865409509
1.707875110716933   4.1230581800986394   0.1662525225187839
3.2515674936644827   1.0420059984551573   3.415534379696479
0.13389779878256294   2.675916969865207   4.494226019963184
2.895410568023067   4.744151978514577   1.6953479043078419
0.41472456815964714   2.437665574430293   1.5713631599465345
2.2611773167449547   4.63976309063296   3.089711997012393
0.3618304141680075   0.05747756439539736   2.59969111332259
0.1036509652251012   3.136311085092333   0.7860335264805757
3.8131296855861736   2.807031821965477   0.7579681612725975
5.2232919251870396   0.15916040416207122   3.005476287398745
1.2449420978279546   1.2589114545823767   0.6196131099625102
3.8354009984882036   4.9900185778360955   4.858364099280317
2.624614509218169   3.5772820375673975   1.56113619996883
0.5407720489504991   3.600023071289629   0.9755721325760797
4.16010910284071   0.42957222360043784   2.3192044685080506
4.763471105890285   3.7316340998689954   4.019425643786304
4.444906494870697   0.12719747379099233   6.146156692280263
0.1647161141269715   2.1368318324898112   1.2793466618398988
4.820636111339184   0.011660732637500004   5.762382020151585
3.1801180816168757   2.252340286793786   4.939229503996348
2.107763285641223   1.0178116236875625   4.510492476673545
3.657206104567706   5.2591244935631165   4.667562088231674
4.345349230064859   1.9266028463742662   5.097156186637508
2.391094286291314   0.24959686512821602   4.811042212027358
0.17247170006178936   1.1454489261993928   4.875874216953747
4.658577421548333   1.686487404580355   1.9103734747182348
3.6890067688574137   1.5426891074571585   1.2460239577078374
4.914196175987049   2.1942032533696785   4.533822919691904
0.5550816548891041   3.9593665900061352   3.724648288235034
3.996680866562116   4.490154271394425   3.790218077946768
1.9228059219490716   4.765870418770643   0.4721903963186259
4.584744832275276   1.0739945832671458   0.23130789390966727
1.5234822431572956   1.5534660584261992   3.088731783869611
0.7997385968640657   0.7530261498551912   5.214188527627492
1.5585921214989782   4.998747161861363   3.7667618635068454
3.1821819409488135   2.644665562222676   4.459008382259842
1.9138098307606142   2.965005494989538   1.6496635429653272
1.9148449924072783   2.567370939167034   5.284343715703467
3.7625046306704815   0.4761929824892984   5.394667014883032
0.053347874067319945   1.3503999669152043   4.6278223015928015
1.3246840070175685   4.757455259733345   3.250994218411196
3.7099607310131075   3.424815230471626   3.4565486569826778
3.0500964156564123   0.9204138115591427   3.1878775876226295
4.422966985496238   2.769052546468816   0.9883558739763724
3.0456144187243814   4.183706093506865   0.2862132131128743
1.2173289548383606   4.284929730346936   0.7379907431336601
2.9782336280749977   3.1051737897846174   1.9944418826074526
0.562672016866939   1.8179524342752669   2.1568368674225704
4.750505174464747   0.14629872658998794   2.612616536656339
5.119612362040522   4.320143886906041   3.060829638400002
3.5995532626714426   2.051900952059214   1.5876923447864197
