0.9365811622239643   4.72713196961412   3.135889658883458
1.3807123188340826   5.11780573031186   3.204539230771955
0.28506669668914686   3.4226405927889747   6.120992448023051
0.4034983615562004   2.070449846839777   1.0255248422217342
4.7602936571266445   0.6134623713121955   1.7499316876620303
3.9144068671482803   2.3374824688050255   4.216396600039982
2.6588738642005927   0.7656717483406581   5.072861080985192
5.054600873625921   4.614478428578586   0.11826237961746763
1.4863491803648583   3.09753463680454   1.0666407422610302
3.3545226227560803   4.59128731832631   2.3465522856609513
0.018235936600648067   0.7065333825359452   2.733618335952045
2.3744137717611244   2.101885335395791   4.289376121250323
3.242437274987096   3.4256050586581943   4.632524058656871
3.0238975483301473   1.7816276062024505   5.974044060692397
3.263117597108469   1.3515128737989697   3.424245650547873
2.340818026783078   1.9509033342211457   4.24311129792203
3.587414180303352   4.999781396320428   2.1900441165377242
4.600754563025216   3.2036238907185455   1.6066667753073571
2.9268174071680724   4.230926253822337   3.759927947832206
2.206516436972326   5.186166677827398   2.278875301504284
5.043087351299928   2.4858231368543713   2.2984279582536513
3.821122946312247   4.371702357003766   1.7541340822545786
2.0891586884432605   3.390047234924398   3.021488631413566
1.106245087188327   3.701289020738   1.3651755671372916
3.949218056496688   4.963624104693618   5.704555091698347
3.6544120013684953   3.2691323641523287   1.7480713800064371
4.490951661814411   3.8129798093722114   1.4620933521770982
2.9282423677074054   0.01805102440288986   1.2298719252618422
5.2430532636518805   0.27633997323509957   2.1615326750031825
3.710225783920028   1.5315862301644851   0.9293753288870822
3.6231802512062288   2.7757347929174845   1.769520053624927
0.6945516423067126   2.9707747541276888   0.5655229712301741
1.5779322282012893   2.1667154520386593   5.2953315513434305
3.6417401613261315   0.9524014153655037   3.657789637733204
2.6765888092149757   4.952761419300858   4.647947696896012
4.6067275099842915   3.384954002615434   4.598243915914319
2.4019566658577105   0.32146833568286   4.706507841237156
1.4826618710600428   1.3747997807408492   5.5365991583472125
2.0856549229422483   1.5816839529990268   0.7502134481900344
2.1211598193206465   0.8086398806238024   5.510189927356473
0.7882790175180989   2.453428547112911   4.907604152028442
1.6882042870535652   0.12391206000127297   3.378921067935275
0.3301660196400704   4.720351856048005   3.4551305932127545
1.6087522966312409   4.1289505793638765   5.543525821133987
1.340955695388415   0.7553763040128023   5.4322709379507845
0.3502044441690424   0.9217787117358254   2.9333388601598878
1.926071626845473   4.668467917098297   4.8829803680706085
2.3091924069938323   3.6660765628666176   3.2267746824988155
2.9897863471643893   2.388375887072829   4.488298253929257
4.425650804212578   1.819480656193381   1.8719164670833544
1.4044425404016376   2.773891162089909   4.6743154565369
2.576757009447869   2.828223140738348   5.513602437742304
0.4526872916104606   1.5120793756315214   4.763745442791647
0.820765228966381   5.151370347335188   3.0701417165024747
5.2842672332091425   3.616153270705194   6.176403222065947
4.544654655033689   1.6119438838245863   4.814165013454371
3.114648297362009   2.7867890298802216   1.8769025602970841
2.8094814567841286   4.156385954587003   0.6355088548602916
0.5697082508359788   4.762444941271454   0.2670607316889705
3.1993448338737256   2.974407211732286   1.8917409984973939
4.554155074403422   1.2186979615365265   2.1256918194701253
1.1855992007264553   2.201305344911667   2.5160410064357817
4.812331083103776   4.053528303366018   4.151053445984922
3.876901579223519   3.9825675300331245   1.8221662605275415
