0.2141052481886252   4.53964201458427   2.4541994846495463
2.40202489382505   3.9276934155236587   3.4955036265729493
0.31896290259135573   4.9088641514199285   5.295844887679164
1.14060110988359   2.626696371887708   1.46371241793714
0.4629384693289163   0.0015885724103821275   2.3515716303991563
4.586586662904392   3.346327655027274   5.26000526626103
2.0637643837267525   1.4752318149869046   5.2982319350498575
4.451255655132462   1.0808063092154956   0.5013306093739354
0.3821553732515632   3.8461192414681995   0.7919643741183671
2.9657541731537336   0.48977045221265886   2.2316272697238597
0.3717291940972134   1.3043218668609013   1.8924723716032714
3.1601826661556514   2.477244956129586   4.442893388956869
2.974561142283433   3.262496006225925   4.9814745047051865
2.2064865341888193   0.0077606012055997375   6.059859897832958
2.9162411419312684   1.4500141674159037   4.076637155525821
0.21792059261902202   1.5579513920980237   4.6224261668738125
3.5246344209653673   0.07391746459242649   1.555557053635922
3.8163948596629655   2.5161784249782158   1.0473409385703876
2.236466627979399   3.7962659153066722   3.361285943535265
1.2421602096203088   5.265729840557043   1.587027003420814
5.157279762196909   3.2261995672786004   1.7224314270908185
3.3520383775604436   4.490221299568537   0.5297362777680068
1.8808316320708487   2.415555420599145   2.790667535149288
0.9995245794260503   1.7980476590737964   1.5026609649621192
4.706333822033198   4.85959348536206   4.9391744694061215
3.1774087807562665   2.8104153397972715   1.7397822680968404
5.106733158545035   3.930213127116395   1.4969320974986604
4.4801960349999   5.1488590807183705   1.673234156595997
4.912775519690484   0.4490420399980269   2.898317819417278
4.691072127402027   1.4514042053999803   0.012286636552101271
4.8257270791076   2.817477995565725   1.6335225360867338
1.1101506941044188   3.3384851458046128   0.7396442202552942
2.534225971148866   1.9482078515035872   5.147867503689657
2.372764907985573   0.7075315499587076   4.516731951311402
3.9308196256198613   0.6094995300766339   4.6338661914331345
4.467461634254003   2.153631463318269   5.581784504307374
1.4947782051645797   0.15546831254377125   4.6655726450337625
0.46129096951802545   1.1976091336218102   4.9895629881551695
0.44361993306188063   2.1046501867469565   1.3998138788238432
3.5863757476143228   1.7111688950919968   1.0708856377341422
0.15625437064679826   2.8155701972655764   5.423808798166571
0.06268669698708162   3.5733759375485943   4.259414034132641
4.217523439329393   3.6786355503237   4.466431989691291
1.5956374420624329   4.587058023678775   6.033903253350501
0.5277967720225814   0.724473836463904   5.3530083179555135
2.358831373615852   2.3506505037527683   2.5183726056444846
0.5188704344593952   0.3605062715596873   5.0152189261595
1.9893759866374947   3.8681831526807207   3.4703403821566794
3.715991520687359   1.9063192506576998   4.18474448994929
0.2705827881996443   2.737742936372039   2.30283744695331
2.631506938050703   2.9644915055677563   5.17895071391011
2.88259315464577   5.0163863565649045   5.683058028431371
5.126602736754674   2.0910242194209063   4.256580586272915
0.5110388758256277   4.422237095415047   2.897603572940556
4.082193360526922   4.344708100377315   4.994634013129092
2.7603449165074685   1.1074119860975962   3.653620907351192
1.2709453608249492   2.0942468319813083   0.9845149256459751
2.266868578134815   4.602991296213594   1.0285869655038966
1.355004675748507   3.8857231589389785   0.8306338745639786
3.276609482951177   3.781224257377428   2.0230389266062905
0.08675989269457407   0.977580441408292   1.73178082647836
0.11493744712725651   0.5959906994593291   2.3293448050808467
4.418423637313013   3.8967794353477134   4.0204190514077185
3.633216680291228   3.5455951425324668   1.6018360813195762
