4.819541221593622   5.198204080079864   3.107094680989592
2.6102001381566686   5.086367298852937   3.0896444643183707
1.2058795706309984   4.304830740385681   0.5502787052287269
4.940503733622165   3.5087014917699744   1.479696613146356
3.585164192285972   1.2681064075930608   2.3350261699756483
1.0742301782043477   1.9645549198232284   4.6937898938791
4.455816961640815   0.12752615376397514   3.6910251447465656
2.591886991236925   3.202233260502259   2.1442683079523963
2.910555763253149   1.9617205513855067   2.5662975741858087
3.365381081833475   5.058065177581792   3.949141174142146
1.6100787838302897   0.3129569379803316   4.7986447639051715
0.8321342243935705   0.768900006523798   4.611505681403651
3.8838845255637797   0.5167612367370444   5.4190749057358
1.648947341462779   3.493500199898403   6.099407628530445
3.0536183694500814   0.25022055132964066   3.4781284447292817
4.687607367518406   1.3657147767925084   2.8507120991156505
2.3541026408287626   4.855363754811087   3.5185497664543735
4.9182373130964905   4.012010723012889   0.9243922513706807
0.7290132831855621   4.3576394313581295   4.193987524490529
4.343632409629368   4.868310615645345   3.626209506379633
1.6900147931273932   4.530100027915416   3.4544262857421226
4.279037488692611   2.766070661336799   1.0310983628766301
2.5754440812985213   0.44806543274953164   3.677255980835722
5.089227812533855   4.716818594783982   3.2181243011090293
3.9505615682163255   1.22183830074122   6.00956473996533
2.6750709425740116   2.9563623538769095   2.217448636488711
4.300740123917928   3.5210234600892516   0.41546388709236093
5.245455394953662   2.507832097830026   1.5275643386148654
0.6888548969435921   0.3153067250314988   4.300647556949801
3.7351044377185634   5.1436938530188385   1.0524597125905175
3.062689859127363   4.962464610620319   0.7995410375635014
2.189900865556735   1.506394722472533   0.3041391894238845
3.7099454214850405   1.6152582156406543   2.4226806735418984
0.9865842969502902   3.664914221503879   1.3585528092167578
3.670950578651142   3.45983577495395   1.9945371560787557
1.3907085861918287   1.2760685783681112   3.3162945666020986
3.8394258084993402   4.63369765539122   5.203887395359017
0.2947508439417469   1.4255667423923204   2.6635282406815968
0.5339433736599242   2.7416955702118218   1.8207942081502047
1.7618687912959856   1.621709150426685   5.8551740918444635
4.353367414961982   2.1740792954346375   0.8701039001886743
4.83282195359345   0.5943665978711947   1.7529261831178822
5.1261063604543375   1.2456020697811234   3.3800267455201674
2.244765908546086   4.438522572610904   0.9478219706328131
2.052678987665814   3.145615527710276   5.95579604304361
4.240428072575278   0.0012251720012470546   3.8308017157698853
0.37827794340750187   3.496357408917596   0.9223489848402736
2.281455126866019   4.0104743704911305   4.07243299812825
0.4047052455501785   3.0084144963140176   4.763394828847534
3.4597359012450135   0.9394191129640131   2.355880816172393
0.9934579220505018   4.978665782816598   4.933808916967574
0.4244753702396734   2.056805301612917   5.453855831682424
5.011624431442199   4.226901920696124   3.8501705861869593
5.179109987185111   0.18430103764503897   2.725560122241105
2.0832188749081526   1.1948939277933857   0.3754547885984205
3.229321722997399   1.3405940236709402   2.748620957459256
3.0166794930574112   1.6659070903680782   5.930858385946623
0.7810422038525494   2.6423299435316068   5.061409944396325
0.3016515914149224   5.275688725233783   5.199224108410801
2.599536397536866   1.7658039835791768   2.6356818219963256
4.361173253380154   4.230952596024921   0.9909357235721632
0.8486742661446283   1.4252815540955952   2.2402233819297948
1.3888823817329357   2.94368921759913   4.419308876141214
4.704339061927852   2.3956042229482963   1.1532816998358977
