4.892604478322384   4.684710928615493   2.8096955371325016
2.8600805221215277   4.786453217962946   2.9184759739732793
2.0044079737688887   4.049448804796817   0.3954845850600448
0.8234695450919821   3.4130736156211876   1.7937698032331664
2.9695591583906804   1.6636032584649039   2.5392974505906327
0.989485669075036   2.5704001099064566   4.9327363868525875
3.866373563252682   0.3593853293861664   4.203879629167458
2.1067317233057294   3.017310037378262   1.7338311109700288
4.208066452720719   2.324055541201002   2.3154280443752313
4.630744213788493   4.281016083637038   3.268204022393116
1.2470556532971164   4.205308400299175   4.200619164190567
0.7315052592197767   0.7297368755340838   4.807582989493406
3.2313159424998905   0.7671413623252754   5.385191522253997
1.4552529721265464   3.3874010856720984   5.558925308806472
2.7901098291438626   3.816420897603405   3.4459079440451803
4.749256631995891   1.2848038415021645   2.7615825285288147
3.1060502317580965   3.6910077187811527   3.789524362508453
4.074904242952137   3.6710711983162128   1.3149056302720827
1.47223010052433   3.742904852768054   5.056360332162799
4.1408040121830805   1.5743476582914107   2.96577515080935
0.8139136617624372   4.248143302045909   3.9298613359832655
4.2535620431894055   2.849712998785315   1.794551426395675
2.210267933227362   1.9634089060027002   3.7018259000588203
5.146722455186146   4.221178509206694   2.1901396447086845
3.8853960462753965   1.013499544735348   0.026646777290157964
3.9592753854980214   2.958856596282295   1.7584376786251998
4.771001472168463   3.566036133135007   0.7187526302772368
4.021247868457319   3.502601891655714   1.224024993199256
1.9771215404501241   0.296787302388939   3.6717171403592888
3.6629487689115128   0.20989801041837325   0.8030060845046545
2.4174863922650447   0.11688225268723151   0.3675992478983131
1.9319100674226368   1.84154977990055   0.1944616477703068
3.6638702426273566   3.0842967134807773   2.0370708389273804
0.9043993903475538   4.9155313888111145   0.5174119144137954
2.391130617100852   2.686852656819806   2.1266659354018604
1.6488210122505182   1.7261646848324657   2.9819636047701974
3.7050500650116125   5.062760265927613   4.51586087960678
0.5754112171325061   1.7857603689913966   2.1897056822161187
0.17019318879436485   2.99109994748998   1.5583409336639316
1.0736497649280636   2.012365817988314   5.561446368137657
4.427077656970351   2.714113903383745   1.8208751902093319
4.91237228045909   0.22546735697052112   1.3186360223506581
4.413413905989538   1.7922623670024525   3.0990445369197506
1.342433341932497   4.845184559860044   0.6702461007383332
1.784388581571524   3.1988174226025583   5.457631385621843
4.431390233190197   0.11871122885741942   3.4672196408276212
0.9658523389192022   2.980585353508355   1.1655457129039744
2.3261249484483146   3.958157488632462   3.7732776973913924
0.19815850214284508   2.5458622128933954   5.5126796910149
3.4043667815483   1.1458994183193565   2.395727268442708
1.1879451079672156   0.5617617629764146   4.679078441948656
0.20221106570361397   1.3171577430633394   5.109569630816021
5.160406434926995   3.5102306169931143   3.5219773750761005
0.2539982248548186   1.1092977583403474   1.8161606754976458
3.2719246935615143   0.020121887121336612   0.5411164434343961
3.755525100994007   2.053077499914147   2.3823585473697735
2.8099332441985037   2.2181017612875893   6.262134780948229
1.943802783992393   2.7053107353962105   4.972494969176417
2.1459599582483837   1.0907828828235608   4.522943097036894
2.8935980941915656   0.9673613025197392   2.7973275477111925
4.046227553188251   4.503706609471556   1.044287864596071
5.270790509087663   1.8383244038180047   2.374161988732311
0.6866300114445245   0.03873673014012069   3.6962777461699687
3.220693153312624   3.858858624064936   0.6282916660126823
