1.9292346364862225   4.858804546536154   3.2763985440843033
5.219619061868774   0.14109734251917977   2.5741985769170874
0.23937366143330507   2.9331207928439103   0.7642497017711435
5.155217867489239   3.908368991409561   1.4440450411136276
3.871255505459395   5.27046496547736   2.043307847013854
4.475187948898293   1.3690165814110813   4.31635738947132
2.651667175048664   0.08328508960230963   4.124115653186627
1.0916255888416873   3.2727604810827375   0.7648149989264148
2.0707490242951763   2.648038361116819   1.971020648340313
3.558841580437748   1.3041367244566708   2.827784525572635
1.0398736693735393   1.811738149933936   3.1819094757653863
2.4205106305928497   0.9592288931306354   4.64345210164355
2.7894961486819203   2.5612151756919275   5.111318395319994
3.1283693828383843   3.945485110100424   0.12821600557436147
3.591013595444909   2.220565056698935   3.8902775677575185
3.085258862310246   1.647472564017697   4.019123299012848
3.604529580084612   0.3754278206129611   2.2240826654159966
0.12618439294633338   4.086591612986926   1.5988059451969474
1.9750721298967657   3.5238470157717297   3.6775554309504677
2.1666444100628746   0.33588117919505645   2.977829908906854
2.587807514758417   4.100536825579083   2.160583555042677
4.070741545714876   4.573395760796288   1.2652214785337668
1.50129101768754   2.2206406057152   3.0720090427147193
0.5281799084521801   5.19997769846027   2.6757869118723394
4.905898151670858   2.7206857535913054   0.3109160776506061
2.7015193907677513   3.228739133315047   2.1349355160985413
4.773934130983773   3.4252274855975764   0.7274662363053009
2.8578399291722656   4.910434843099472   0.12773414836048738
0.42593317019808125   0.8468390816168301   2.5749624095157646
4.177354892633193   0.4711461719403544   0.4582270277221733
2.5780791345304674   3.854956413171704   2.0607289811663994
0.813689276491125   0.9074750762326513   0.093409467075662
2.0715733220517722   2.019709137776844   4.479089097042891
4.995859186634852   0.44723106876879326   2.8765565387492362
3.2026229514671547   4.835247364106246   3.654764481907404
0.8811058100341325   2.977190143436327   4.2756422800582765
4.531180529409646   5.044784386262933   5.0563716135470385
0.11673546732280504   1.1684108052940032   5.496313742950538
1.3455364784972206   1.1223293914351749   1.9167439100301142
2.9809831519596544   0.82690673462543   6.237637138722002
0.36812439965382826   2.1459492711608656   6.135888909495721
0.1275958812618797   5.128772651127378   2.7323146206316586
4.435660904592751   0.7393374740762774   3.6981732547653334
1.322880196708147   3.862865936556335   0.20206333183301553
0.5667404474079926   0.4941850102644502   6.145329211080093
5.050090684055476   4.669987624406616   3.1311098792796086
1.8011168526414267   4.834194977237186   0.15541283379623047
1.5382283011392828   4.502872735399763   3.4862888735395132
4.6090550093496185   2.2932105591550505   4.425559761593378
3.9922425778733515   2.6211725977917064   2.0122601207292234
2.451618285657198   1.5860113173608152   3.98251913974957
3.2107854682407417   2.9477975609210936   5.050224925675578
4.8121731216372865   1.7657076041840798   4.589518830041337
1.0450414643483819   4.2714170349527825   3.2081361855787374
1.290574774087954   0.2735591582359886   5.799455766399565
4.573817975637744   2.1178614944471064   4.42252829637063
4.1920700841227685   3.135257790083648   0.8750931081470178
1.7562030037202683   3.588624539887564   0.49236267647347287
0.07891570888000371   0.5608405757739582   6.064125304704642
2.4268707784179724   2.1712006076273656   1.283241376607419
4.053269252675743   5.032530525498563   1.8415855206580358
0.7230159385927899   2.0824183740290714   2.98965937373573
0.433454662806373   4.366185614634067   4.118354688650099
4.235376767344379   4.067104382787936   1.7328394586724436
