2.4280162623938253   7.175640325473201   3.1577940867821876
5.39593749584072   7.318581813462235   5.965285540163118
0.7449209477632228   2.0122599075407566   2.22159614906291
5.500533370631298   9.644451969879198   0.13636254500308453
2.803602100545106   3.606176540156715   1.6846414543958363
8.576574977118252   3.5089620257147973   2.1892772820339963
2.2598200956602486   1.8470373920437233   5.776389034511428
5.848530310220735   2.973835604763321   3.867585436599811
1.7228076089498767   9.433000082455868   1.5141410108221243
9.241439381906147   1.0254187703303344   3.673714394063332
1.300106785500827   3.8877566929520486   1.9388555630584348
5.367149724684623   6.137218129728245   0.32063274029586386
2.1879788802603453   2.691558925372322   0.9399638220364024
4.255047603039796   0.2558904827005507   0.9650392322371182
4.4108652644380255   7.504149763191462   0.28184444669826414
4.00223212009836   4.220951915780726   5.772011527188825
8.964213689521053   8.63675490742727   5.348105773862307
8.090736361537072   8.722576872145973   2.270006657538707
2.8426685920414214   0.025739914106361894   1.9055693347337692
7.121160562352873   1.7883703663887096   1.365790509251847
7.18105723306163   6.842698054241225   5.5731699218187085
9.121840594200918   2.6489526964687515   0.45201516375280704
6.73766557981241   8.621595811075526   4.323376281686155
0.4420021432887948   3.17978014358583   1.0742715205204882
3.883228765341198   6.520604422473744   4.259695206546188
0.06921807046563977   7.557253146342743   3.9802990570037142
3.7375706786039937   1.361066836051231   0.18575177573302712
6.7765041582981524   5.303828839084553   1.0185827254107598
1.961523308314818   5.1418838167258105   2.683112064222726
9.74562728841125   1.9403699740509037   1.1640300214167008
0.9121340245293266   5.186995647322822   4.050709024267014
3.1130805586906627   4.645349254937296   2.7578316169795567
7.759824159567831   9.724836121252538   1.117920918774445
3.1164727689668488   6.5147260167149845   4.258764668283518
3.608506832668558   2.4150130570836237   3.394514799160798
9.663824073068675   6.663742611654045   4.082213526092961
0.4815569652956238   4.2848861446509465   1.3823947403001349
7.618387256192248   8.019354609603155   0.10048811270940357
1.6566467114542291   7.461446381668766   0.5997428308822618
7.732786526619439   4.71262161648149   1.2075087501159936
2.003369538386496   4.342513384702998   3.7565193350778885
8.064510917277868   6.818711716122296   0.30115141397216383
3.8539888386141676   5.752923033493063   3.3401666162284056
4.890918639865557   4.9960709958314355   3.219474488629306
0.07678411610244007   0.05564654918872666   2.670827972872293
2.2384342971869833   8.206526834348004   0.26477277813765987
8.834808201526606   5.450113786689486   1.6216243723988735
4.119377600777965   3.154493497436147   2.3661194196449493
6.438944180985269   6.022727747387407   6.213088789355033
5.259893677282896   3.5325696195780623   3.959203678896372
4.833861609294471   9.198935607460983   4.4886785509766245
6.422862189130888   7.502661421324179   4.781230824206718
1.881797933107297   6.232353629213511   3.509751739410161
2.880898697408419   0.8987224895924267   0.16682233082721867
3.0540507822193153   8.596708975092012   2.719569752690972
6.019033787857362   4.759105732006609   4.445300111268194
0.48627497792225377   1.0904343044480038   5.674709425945183
4.807089914966554   1.1054312493937095   1.6013127635583746
1.2113983408428604   2.92469272619756   2.7080576766172726
8.277133457337142   1.3309548018068869   0.6496345800033866
0.1103051217903796   8.68952282676178   5.658044701051559
0.8651686689551219   6.4969115271553495   2.583551492402222
7.801460554121575   2.55658441617869   4.5878367275908
5.0487903035269825   2.3592707452664277   1.8906711663396483
