0.9635392725534685   6.42440299915725   3.0497254755471297
4.077497510458048   2.3117320172647737   5.1307249408483875
7.064352045883893   1.6477240226297407   5.479299825363798
1.4886312965774737   2.7100081621672776   0.35438177047656705
2.933225739621926   3.4759806412992735   5.9869347400110104
7.510798120940257   2.7662585125532   3.0181938808373268
8.178282579598857   9.722223185518526   5.71090401681201
5.31088349591967   1.8269538755629007   3.156538413847935
6.537775542300429   0.36175615446999226   6.024450552846557
2.239991032767772   5.981358062429311   0.8287480863728044
1.423227902888697   5.353176044506074   2.8830693607338738
1.9051702182027026   4.302796556617343   3.393437931402978
9.173229847769152   5.989794571651736   2.117571662720183
6.0055009059330065   9.55751291546323   5.328192106254785
7.537073667428305   0.5512146855176363   4.988875058287544
7.281117283200202   5.45339647275229   6.087352239019335
8.061033492222341   8.747993079354337   0.31547304491355777
5.8725086521573155   7.102418785227273   0.9664812163248961
9.519199205718653   1.2041506604734118   0.223600867062568
0.029788285750342425   9.026981551462027   3.4782474771029075
7.2342752678079405   8.754357712537399   4.904274376388332
7.134108123030979   3.5107211655420643   3.844831010967645
6.3940464132721235   2.3444743469181613   4.001779606008859
0.6213868062239946   3.861447695094647   0.0030386037457481307
9.609811603655299   2.3934249534472727   2.3522504554748593
8.042320034835729   3.5259594048671374   2.1912591859791894
0.819717443954558   0.4407374151863592   5.783741359772714
7.315752569815745   7.4267193277956185   1.364184158867014
9.457691215622294   3.4516971373925114   1.9390229607947846
4.840687039145598   8.594172930132803   2.2381650185516215
4.52779477215966   0.450022715794991   4.080466679990279
6.415731065630358   5.9816361058382785   3.2546888832869083
5.70554840338754   4.228892589501706   0.119780796898766
1.9934337415125007   0.14282054919385345   1.4327335673182378
8.059488313715294   7.715180076664012   3.2382612278460745
8.293490991307351   6.343839790986912   3.286383610872755
9.702916155663178   4.984237670142718   0.3807918397056895
8.785735892150981   8.460442347360981   0.9263068552324087
2.258522850351957   8.483138040189683   3.025263504733518
3.145239213070664   5.9932633511252105   0.7219763467532607
3.7539970586607843   4.0246627710828555   4.436002309775771
8.20424014279588   5.320857033873766   0.7181333732130221
8.406558804452311   0.9217638068726182   3.4616587356366084
1.8180625693579247   1.1686332329621278   1.2058115052352376
5.625070672771117   5.5399311102304925   6.067142769807678
2.452417549951122   6.86600516812211   6.1327696307685
0.10642837335941358   6.3503635928623865   1.8045660592235078
8.686053485892174   2.512786711356553   2.739386926493842
0.29892770319579387   8.022771222787856   5.744508908994563
9.160882209676252   7.439550172491817   3.2618670681479083
3.9168699755641123   1.3262594721112186   0.34861543003407974
4.078016293532794   7.110946872343489   0.9769813415614305
3.0704540913354545   9.128980221569613   1.4141580318659992
3.094608116778733   1.6989244024350503   0.4562153579423752
4.7516994788076845   4.179536480706685   1.9642774729570969
8.912072511469335   4.633149540115071   5.192774513791699
3.5150711457382524   7.8697272719243285   3.8317627942357375
2.5678143420590116   2.3915914320319507   2.464717605858774
5.15718339260622   9.598188646750259   1.140939182278696
2.622884962157312   7.678265353051644   1.2025881094502575
0.9290740820912122   9.153868893169587   2.0360883386893702
9.055631162877416   0.31772089367121903   1.7564968672407741
8.018444747595284   1.9375870164188775   4.5770768967716915
3.9424229261500807   9.233666143208819   2.224381346548869
