1.3278279169564173   6.52356204905793   3.130460900807399
4.686591191187275   3.9137873245481622   5.981207759794527
6.959447299371632   1.6186896630829732   5.40657000684926
0.6813509895218078   2.793198605955707   0.30657306020883424
2.0061043041936544   3.2289232779845847   5.9272347133881835
7.4867590461305955   3.141146904456323   2.808013783473913
8.011665932850962   9.583633837250826   5.735383152202661
4.376214206108329   1.3537973761958189   2.969834495166511
6.072314280149299   1.410725467598529   5.576490232572149
2.3637213623801556   5.779680301863785   0.728144925244087
1.0665526748985399   4.843255405694187   2.8628370510036794
2.2235521139812393   4.810780488267885   3.1170018786553038
9.420644538368252   5.409798509068869   2.1279295884812366
6.48587227049143   0.24439660121408968   5.354653682045846
7.562887092801716   0.49114072830788585   4.63758044063251
6.69238101920598   5.322561540126625   6.012300729010866
7.4302193619442845   9.026309803622139   0.44693434146337885
5.932678039104967   7.070408612351872   1.0244060398418715
9.752268790491728   0.6948575428233523   0.22293819611895582
0.04160053980100997   9.540122502687455   3.2671547875297957
6.136987598845971   8.127925933725317   5.250362181455352
7.379508736998306   4.023702964449095   4.034694815416259
6.0765073210359235   3.5972116251674917   4.052149574729212
0.4398597367407217   3.8019678939232313   6.001363320565336
9.358564343745064   1.8860105848059392   2.116983009674239
8.428062821852363   3.7216429623948435   2.3705393996985062
2.023869765132415   1.0528087369455048   0.028634781730637826
7.861512926863482   6.791958771364467   1.9253880455901486
9.587118340591324   3.058549499692254   2.099485851153497
4.733421540104256   8.100898823914308   2.237194022008473
4.769076621506066   0.41808968092790477   3.9720678414782467
7.008110671159605   6.0086875026188356   3.2761218785234836
6.193019145945336   4.600684758661319   6.19105924027455
2.0586856101565094   0.07816467871663474   1.0496136011033017
7.878073107133959   8.154322280156023   3.1307874753543006
8.66466170268908   6.658460806978663   3.302458922765058
0.1336430313583996   4.8677122277291485   0.18729903036888904
9.289270210727697   7.9724975857384015   1.099692182942762
1.6543827554885226   8.981608355156231   2.6413490756808238
3.8233624192775784   5.942183393349515   0.40378759298991185
3.4813032876912127   4.027991392699426   4.293404379899996
8.049799301852003   5.681907498278383   0.9261810209363888
8.538308729412876   0.9048894690548398   3.276766948636364
2.708145002821229   1.6311238757387014   2.0334592168923273
5.716914560912494   5.882916495706648   6.206254502918254
2.918997974029331   7.439256090482534   5.691505046653405
0.10856903576810051   6.390400086429411   1.5506601636576542
8.768728752671349   2.799756019420365   3.1462550559447737
1.0991348163112686   8.080706383883467   5.312884251161739
0.02330545510641535   7.356207990937704   2.869858359140236
3.005395520940465   0.9116497171673493   0.13846637224152458
4.5799542194175915   6.487143542120242   1.4371018135605962
3.0779972085252076   9.280628586445046   1.181312321264951
3.0489758705515335   2.600283950539404   0.26601295217600873
4.124212257465172   4.577410842046611   1.9933600817087878
8.423515073495114   4.533611688978224   5.546129581746838
3.210276609690777   8.107183067037262   3.6589674822458687
1.6557223886803696   2.114198838365911   2.7507334676874393
4.897492815396932   9.014148512964029   1.3727808071848258
1.900876331143543   7.941461423008279   1.0013851185115672
0.8653349146278113   9.291511146668185   2.199012141386282
9.01474127367726   0.10322650139675091   1.5988482195882947
8.013118640906143   2.201260330426294   4.681262541336414
4.161005901738095   8.968031173923261   2.045450958078375
