0.6888322229343616   7.5937354825401435   3.1452711608095876
6.273747626243374   2.303274954347847   5.71141651230896
7.361226587246151   1.4540250125303236   5.022691244606495
2.2683492988590697   3.555132402922638   0.78560257247302
4.284925103853896   1.7106836535896774   5.011202673132081
7.243129723639777   2.2898700425588205   2.57359222565103
5.565324254921103   0.6302479846899565   5.9330179033398895
6.42052112847679   1.128304976358436   3.777963943065057
3.1125457759150725   0.7688756717390975   6.044286066073198
1.0574968392359145   4.644632557058797   5.212135513723898
1.7756689008511044   6.141621239027932   1.3087436471308649
3.665530677989093   2.8687869202769427   4.363850540541446
8.498459781478706   4.937039481796663   1.2627393301193575
5.1545140028047065   2.5422094205007113   5.906368685636446
7.244057260209854   7.866558886586213   4.889287171539562
6.503027679477381   5.242049733435316   0.493991017413374
6.737854632956841   0.24317565494552973   1.027836393037232
8.267915641101208   7.558715079205291   1.8426121422574544
9.417496194784   1.2227690089876986   1.036213360991903
9.029141676124208   6.524187038652569   3.5537955088356874
8.015704166945284   9.201555717921263   6.007964586840448
8.251725008221948   3.968815042761167   4.3047326225503
4.598218819010033   3.6701986983074155   4.7734976806233504
1.537703705734052   3.7597941522802962   5.615776620310975
8.917555707477579   2.785062635368589   2.1778018304272138
0.06048017518710047   4.6023248554041505   2.9251985715926963
0.782257312726003   0.9358501328707296   4.9541870823118
8.259801768756377   5.834126020735756   1.495645550963954
0.9983316270712823   6.682478343334312   1.7441104908212237
5.964413134159866   9.664919349051825   2.722343339798254
3.1659764287545205   8.186735603415665   3.3282397529366707
5.71794379310311   3.4808565330645385   2.357979154778406
5.96104603261642   6.010962138758581   6.074738624786286
2.662626468892652   9.409570592291361   0.11411782610666035
5.621398828385778   5.251460625360855   2.973638219961754
9.176641123251969   8.005278481283655   3.11241404345901
2.7437462180508474   5.218069932861703   0.5142821240569009
6.433871759876379   8.153072146601469   1.6966208393284492
9.641931535505469   8.89071941510514   0.9621899582102502
1.9053015847565937   5.176918421361734   1.466621144951126
3.9520162945623802   5.276363473282263   4.902000141241717
7.145257245239073   4.336217917894192   0.2368716164879564
1.7815455732139027   2.3237934628685255   1.9847544293559256
3.563037826262929   9.509243060749386   3.406995657150204
4.534693582679065   7.515720975259909   0.5481843935238768
4.222301147716308   6.294199883858576   6.035655233197675
0.0821868512189246   6.519277350957658   1.8055997214593267
8.248835070182565   1.6847384668128915   3.0292026244002823
0.6412985713416399   8.570410831343075   5.5359261947481135
7.692685666386905   6.972545539894791   2.7539768002079312
4.461968941493436   9.099824501188143   6.11172130414236
4.982669390336822   6.432185068166385   1.2957668642636455
3.48886196090136   7.000106432983535   2.0260211212450026
2.3542537559397307   0.37195010971898296   0.4208630001122593
4.81836406128954   4.4329540043085345   2.1382694641757447
7.1624333932162045   3.2959765441806597   1.1372160595700194
2.8382120791706735   6.4453950767253705   4.177443129086345
3.0333589165291968   1.8322940642707057   3.686039880954485
4.416449452146236   0.5440526511587414   1.6660755935617573
3.429248966107781   4.590531557723193   1.4378071547555262
8.532900444793672   8.549160157834145   1.4638375074342589
8.637945143150896   0.26851761935676455   1.5426361750423907
7.6715926865979585   0.7237292091968004   4.389202119356621
5.351733054818514   8.136174245910462   0.25799890924904767
