7.165940955311202   7.012011494542286   2.1943828482621957
6.289359652277069   7.928019938909506   5.453491280594038
12.73920788694463   6.156786038206265   6.021060845602309
11.394547834082054   1.3791460325310414   2.4244982009144804
5.502948841414408   6.0619543075298115   0.23187213474415963
0.3488563474151988   13.370534003292885   2.6699124223166013
1.1327133797008897   5.401133650569318   4.132043625726024
13.070362186329207   1.0733246419499585   1.373966819724053
2.4161028379732397   13.006422100623759   1.7754433097006952
6.416433629499312   13.308120454127986   2.4501704709606944
9.723420788014819   7.004830678870144   4.9335253668995795
3.6429688764721093   2.1613605523403256   1.7961463171232108
2.0548712388860872   8.874850022103695   4.545956524057918
8.458690887729826   4.160270441340154   0.7604554698012662
10.540499848254209   10.32806997761275   2.24225041896623
4.482101472654137   10.063313799996342   1.9296746825942457
10.163882257936647   13.128886255041833   1.6356656556818752
5.20766760249478   2.120814933939983   4.470015609772421
2.8116888612116404   1.12133858305811   0.38169613866627866
11.582961154301415   5.326789907293806   0.19160154535407822
10.868284776513889   11.649341862717286   0.010427221322194924
7.890313475649983   1.6976133286966681   2.017732699438396
11.691792764404614   7.212723358899803   5.643417472252501
6.929137017656489   1.202336374926304   2.4234617326129855
10.982016793324151   8.202247815523949   4.628647524155786
7.110981735041732   14.24296133624238   1.5538322245967475
8.335348188355859   0.24458399029938105   5.768949942617096
3.306425401274873   14.417377237532447   0.8280754997268198
4.641818977701245   0.7534581908176249   4.909158235024504
10.476297168971017   5.668909969280401   3.6782440004538177
13.810225473630107   7.5700759758472564   5.912328865364622
3.299464487683638   4.677907454715405   5.968663113859241
8.310486881202348   6.711915940783419   0.18014135705608622
12.256543466109642   12.81009881308367   4.029626959077947
8.433996206014058   5.542425160238717   5.182279863319607
14.040143502452668   4.845443225932564   2.0460270645285203
0.5610825795802905   0.3967955198433074   0.03916556397186355
6.345720863035444   9.817680459971472   1.9459274775944082
1.854199561859712   6.521659528316664   4.526953868239262
11.261084638773983   2.938759499997078   3.0214230287427837
6.842992975455737   4.792522069410321   2.866261447079147
6.144055019617343   2.8449081528175046   1.6622490197596194
3.9017082177392215   6.197047195587129   1.319469750854978
12.237240760147834   9.490427419001753   5.784556210584753
12.641991096809525   11.714004179806219   5.14978982789775
13.421799278341341   9.353765322137088   4.850694479852608
9.179433069267043   9.279035107642828   1.452857416462776
7.723733815406486   9.016653525315949   2.122936997486169
4.2818819299210515   8.65579348161501   3.653890068131041
2.698767850552386   10.89657811166724   4.437539910074595
13.63972576836489   3.626157126750269   0.5084190624540772
12.6978060998337   4.952046886156286   4.5758688052736805
10.754465173339476   4.606410039236822   1.2989278002864917
8.158338215286049   10.755212873935942   5.09626323449732
4.124372862794844   7.427490033167052   2.455250024011798
10.013586478657057   3.505930863192155   4.158342202856578
3.8180600183336124   10.930814330885724   1.089537626516025
8.529054504527736   13.1916717837168   2.7171056977889183
1.8846805809500942   0.23678206483661662   2.5427068247602707
1.8422153340222558   4.574745644725969   5.620603047168165
0.9480072306754296   8.318549498482014   4.202534171735557
13.774219897228518   2.4422943156467594   0.8762945654128026
9.153580217761565   11.772879618222063   0.24264148520476045
6.1267412985997804   12.180587506364365   3.9021894995099515
