4.439342388739148   4.996401385739808   0.5104890163924437
10.151156147313886   8.846387972532218   6.020118890222545
1.3661386808338674   11.016815069560524   1.9450900533000595
8.830452646379388   3.445351723061737   1.3911182244320297
6.299413273023101   3.1418407060966183   0.1656735385394925
9.5367858019703   11.139747762660866   3.8924771192199015
10.94749085819727   0.3561193237701064   2.598900567589621
8.745857737302108   0.8997097565354825   0.02793645203003603
11.32928167664998   2.165732159180663   0.24506092448997482
5.900203655809553   13.464221151176007   1.3436991192065197
9.037236277431258   9.958397685715587   2.3188693763132884
1.6240379896619503   14.237177964940733   1.196542763060425
5.530769799106694   7.0996967262025805   4.163890396080184
8.391898526943047   8.133359536034172   3.303244699499267
0.11287576311830705   4.758388396649806   0.927265237233543
3.3601548747471988   10.434035527858043   0.15703367193625412
9.35017473545342   12.64460862455402   0.1973937314346849
3.357794635801043   13.749196034358416   0.5417209076542895
11.280845173254159   7.10747377174763   0.4959175179317078
1.8585223336462817   12.87523058465004   4.640775478291509
2.6475543460430053   7.0271693785581775   3.3301399720470455
2.5392070753903395   4.925402055441691   1.6559230481698113
13.319408674408816   12.019345101489545   2.1105147364657557
14.28814097755064   0.3904686618459282   4.5310618258777176
4.159947480954887   7.725051189392121   3.423604496920949
13.115387755201475   14.293091917980075   4.216008965009034
7.650003582497811   0.5078404238682803   4.189851218013209
2.525100435309116   3.351483205454856   1.2399778901628917
3.1146176928115636   2.1146145968735084   5.060977535213383
0.04041788766369159   7.409341673627378   5.410394814400223
11.06373308379772   4.400271952152907   4.510301078641457
12.229889847425797   2.891320089646178   0.7342410810747934
7.749782220238342   1.7950717305837476   4.943602632821248
7.014825352821414   13.499911704588083   3.6357360294233794
9.722205459216225   5.108199360358905   0.4537467846377535
12.504927639799229   10.408657666074328   0.6228761889846038
14.267144216236654   3.6452849306373283   3.7823586499694355
9.79756695455947   3.961884599916887   0.36151791421054147
1.6483255944861328   8.708721785815637   3.2183719183767967
8.462166645239142   6.4157735324836285   2.5013521586501826
5.374905755373002   4.421209964498454   4.305368669276516
13.082178332194541   5.332440947527967   1.2801753802860545
4.136158381320309   3.0187474122837634   4.980765027473821
7.380418033172426   9.667119704360983   5.416378939376155
8.552696403925495   13.463978733005337   2.0171331851182805
0.5464470568356665   9.759021783407523   5.452796773338496
8.075968633502937   10.927547142275996   2.1221932051110644
3.415544045755325   12.668950480163955   3.6500040325615397
6.113193365731192   0.7871342043625462   3.2805446154960967
12.929221037680954   13.206799306468856   0.1138775601216252
6.412448469584378   6.049361246779496   4.971686020309403
11.248705204491326   6.016345232641289   5.252196324475707
12.71823787032437   7.9208505593424166   4.726601597832799
4.477103839265849   0.6115641885145717   0.801729585937454
6.885930910434605   7.765153838239767   0.5982579122446466
1.5549848905229446   1.8178117752981562   0.739453382165336
2.5595913057727078   11.592389636487043   4.093645456918506
14.112602874538146   8.988682229006574   3.732073000188256
9.369964795300364   2.24767834906735   2.6414274242710647
1.3090668126049858   4.3395596138736945   3.8581385313764924
1.3057400615896353   7.007497598968938   4.458104363587727
10.573059154474416   13.328479146186694   2.7203911878211176
6.143147089585424   11.911609946953096   4.070397030251711
10.33949753497002   12.037379483890247   4.455092075379468
