4.780859424814627   5.816536433350433   1.357559745143148
6.982048545583741   7.452331157784548   5.080536747208762
13.001826163172906   7.497824459073686   6.0572961736297435
10.544098867733315   1.5488524300625153   2.6422230859559463
6.067925631000477   2.4579236602440413   5.937963499016904
1.0785304166028453   0.021156051828224776   3.5025730159684754
13.398115723717693   6.124072101394012   3.0787480137135166
12.169897585183236   1.7740233234776475   1.5098928299964205
0.8901839777484276   11.322056962897342   1.2697522622104314
4.737801712564071   11.992157466899554   2.429492478560363
8.430090327826804   9.150442642497113   5.9459039022830975
4.047743830558927   1.5738375319226994   1.581411365487544
1.237645591329625   9.388608123747394   4.984404014422619
8.31549070071542   6.342991768500038   0.6065487602874284
10.136456130093645   9.274552777690626   1.4904171387807643
4.4713812046457395   8.026807894227273   2.090923201533733
10.896578341907908   11.607253236133065   1.5590475101728152
5.136315049795564   1.6123510013472155   3.9221880260401725
0.9134259928926045   1.5787119401170482   1.3388744225300966
12.229000891416714   5.450660738151958   6.2422904385013815
13.483365379325372   10.096102560010682   1.4337502035264305
8.358843593513981   2.6242107997898523   1.5486440944287565
10.920906276849122   6.930683406220898   5.826349023249169
6.013582177125565   0.7391929583476621   2.63015548176569
11.356531284436512   9.282338512891233   4.139906894620584
8.348017457876555   0.5210967084970934   1.2170389100923809
8.277140650896946   13.041143848754642   5.904583831158425
2.852367852460565   3.7080447632530036   0.2432829273086643
4.166564668175271   0.47053812718891896   5.007616895905075
9.510170708389465   7.611625957165356   4.698810752312966
12.792832992516002   8.765762305997074   0.9093591795301543
1.6024725516609308   3.6087726159482183   5.908580516831026
9.770953275816394   5.752650800439305   0.3466016146156574
12.115752069820404   0.6117667552542903   3.759260363702328
8.409253390897227   5.237857683041184   5.857836880099051
0.19524598465779025   6.421862669740932   2.110544255219751
14.25528840116316   1.6300389326926243   5.6842241895115615
2.2320053670545055   13.049004382480339   1.978874242119066
1.8958102824741578   5.751413878895813   4.086791598272647
10.501964027199021   4.87311070955621   2.614456979905398
7.4104329906402535   3.666451718848426   3.782631303107696
10.133101851328139   3.6583769525999688   2.291486497722635
4.744638071028689   4.21028063259666   0.7916719869480032
12.816816563098847   11.509275126941091   5.8071202988645
9.990415407311385   10.467566838544089   0.6731680107860463
1.8135142979015362   11.962109935543545   3.9486879009523514
8.212918392743013   7.925955430025674   2.370470395110875
7.302952914033295   10.103035067274325   2.824678227475646
2.9246523704380496   10.103705684388483   2.901313837017565
1.821722565730852   10.461408958709155   4.8140330227670285
13.682099839437772   3.9598802304702168   1.1053407556272394
11.142890166704067   2.9991748037941814   3.796569295952833
11.732982795230871   4.369075433535817   1.6488975897759501
8.903347142228437   10.472658921224427   5.050509707822824
3.776214909865929   7.023878982185377   1.4137264231594542
13.293326802162243   2.0571301308454824   4.012192350960418
4.856184742055554   9.792966499619599   0.8254410380302569
10.488750323670525   12.609554474106439   2.3557619040604787
2.7305157002880662   0.2595006061262222   2.2480797071337553
3.2550966506036985   5.311465303306172   4.755608562702506
14.35973425225462   8.996683622625987   4.047559066193843
14.4179996495079   5.091335967991613   2.0695344836539857
7.672485490914024   11.583754603178933   0.8477702915131272
5.75045053572489   12.83841136647399   3.755014450134511
