5.2382767861847555   2.4004385518626754   1.3355248745213923
6.787514830158993   1.635460193555324   4.303023403615848
3.809502118199611   7.281605512766852   4.15435857317832
5.263693376891722   1.3354923284518316   1.570349371682346
0.9048460292972531   2.150930146493353   3.861991950294948
10.987954199291183   11.393797263207508   4.063042500673826
13.428823632993739   3.5786958930295167   2.547381154172833
7.015232931155888   9.614658598603537   4.945458570160952
9.031721785734339   9.533555524282216   3.0282325708671123
7.022333216449651   12.087307271233307   3.115746804341942
6.087518419299818   8.273043013443091   6.209511085862016
13.744267083736291   1.848562299596324   1.7268678951244736
7.295229064089653   5.989449785260331   0.8214017207076489
11.030396961152563   8.478289127013273   0.7242840097083327
3.485285520976717   4.774904541019519   6.196826111331157
3.1033517603243337   5.9605467151983875   5.1244575198001785
10.661772769728449   10.234007927298515   0.9182709535029328
3.1041002469447023   13.988821350629511   3.202873688813297
9.727895773565812   8.31302309571565   1.9544681397311792
1.5619419013817335   9.003055056073261   3.709546662114011
2.642306575282519   10.334108978121332   3.9862396602777452
12.523546246805356   2.737012089732706   4.012741545960175
13.576327080478624   10.226942322805183   3.271924085447693
11.955409138944468   14.244983917920004   4.228741084549091
5.303495665198066   7.317980769155515   3.73458560611569
11.258866353196996   1.3466009178274263   4.110557206523581
9.119759192373074   2.0260384003777334   5.154797443958363
2.3939297587079142   2.215995974726247   3.930756899845525
3.163256289058675   11.773969016562248   5.20097518534843
13.076032012841768   8.232409342970751   6.121452907197659
0.8131457644307831   5.11332045221642   2.5761680757556427
9.52103076137577   7.153106362950371   0.6674548658617617
7.601146262033497   4.529504378850847   0.5011249196245905
9.709849494992211   11.70702278141178   1.8918323325145434
11.907416188203305   7.264915861666417   0.04814648381117603
6.588067861129274   10.947391004604228   4.082831333923192
1.3094188790085788   1.1752778629730267   5.551832131703229
10.003812905476597   4.003359120251194   1.016241933668304
1.0556268018003654   11.809897621683199   4.828847809923455
6.323119870003001   6.926941213252692   2.5223191130001514
3.8426909117997132   1.5367107306382577   5.6020860534057695
1.4244891929914365   3.9503721462287427   0.4763089553573079
1.2464315065586402   14.314147939088766   0.5385584901693024
4.379496592884372   0.563917345534986   4.899413833142142
6.454776557981542   4.509052908650202   2.180671147799257
2.6140758318657835   3.9647908387510262   3.6075236567942417
4.274925273643709   9.068846054106704   0.5711643061352264
7.443604875473731   13.467272631273207   5.088331081276429
6.185331290714963   13.458497599281033   0.5648530863324046
5.548436351265682   9.670014616078074   5.125307266126574
9.301576271913673   5.257184865079132   5.47652759517308
8.353655312762982   5.957358041541482   4.000144527556622
7.4651878713099835   8.560351479522645   5.8088087666978225
4.93520802905929   11.308672516312747   0.12022540494138939
14.130839914489954   7.519249654751896   5.31572362618612
12.63182024215553   1.5549753283905259   1.233181462137483
0.4781020713497719   6.457755040601545   5.556585178276406
13.135169949799065   12.53774713804152   2.215754199932794
10.978592270144112   5.038513546020643   0.2232779352653178
0.049552751927296856   3.5221626755425897   3.840453481058144
14.167345319972462   9.038520126683638   5.19810138167121
9.785548218455014   13.88077259107243   2.3320975964262862
8.676742094484425   13.082001049117297   4.023704605733148
12.040440958446913   5.104865165198277   3.4183121258010347
