5.431562933032589   4.841727859784121   0.578977774749576
8.945734370070308   6.882932191977201   3.8612292613842647
1.835586076674409   10.702509799969983   0.9295403360955529
10.577066789871033   1.6171871789765815   2.0826598209329443
7.469339364826352   3.1431120459063684   0.16877554770580952
13.097113869285485   11.495291050586646   2.275632043781426
11.811010156201997   1.2861987140755602   4.485547637398524
13.099685946364817   3.554899508957209   5.427274340861399
12.067768687062399   14.317110127190807   1.0326139328654818
8.051219488130132   12.371690349941092   1.2207316828613513
5.969245458232554   8.81193815895647   1.265249498402771
3.494567302367188   1.7500443632149496   1.6027312125996436
4.319771596779728   6.982075501130274   4.433045898957152
7.579006650823366   6.912961282774502   2.0472574187434605
14.318631923387315   7.317804764716283   0.7348772371733878
4.914254838205182   8.090434351461854   2.5482256207134815
9.518064704081615   10.350538642430703   2.2983053554132713
5.298899747918873   0.7177324967231935   2.77830199152983
13.13844241024458   4.754187889593933   5.855736208357279
0.2128582808756878   11.238608265275719   0.4590839696154436
1.4703031179321546   6.534863697539516   1.4220355900754411
8.526158706923372   3.8035748120277018   0.9760384683968578
12.23602689262238   7.432768781132473   6.178563086193796
3.9380187355232876   0.380303702798625   4.186183922702772
7.251683286457463   7.936862332895694   4.893029124758785
12.877174987629754   0.8066846396036795   5.07595501128249
7.6676533433325575   0.7492816806933927   5.163185551988392
3.6320691835989236   3.983712311509943   0.04989692002881106
4.275333091838289   12.523402423938675   0.3946561328824977
12.681333321363542   9.031719753345957   4.232211331952467
10.765310097489479   8.762907925182443   0.3824698292162204
1.686084003752542   2.1180082956404678   0.7809370134327502
8.82618522915588   2.608478280635901   4.8405538169698685
9.64246162110852   13.426957320302778   2.675867202239187
11.134562637750909   5.39172029251777   1.0940460225814062
2.037955431202132   9.471524252336234   1.9422520601048852
0.00033367772443487764   3.965536879291132   4.901527723546514
0.16566678126889361   1.0469704882733106   1.1537079813952522
1.3916983841736794   7.5708337808477175   4.148497972745583
10.385715187052389   6.7325478821175855   1.6271370169986918
4.389024434469502   5.746437843859288   3.543696319907212
10.29373513735087   3.4544772242305313   1.3361241869539726
5.265375616111508   3.3743185236704063   5.728047103187852
9.600536031966671   11.529750094867152   4.124230451781918
10.31522095622472   0.3280473879178114   2.409375670757971
3.508853456435848   7.832793727532195   4.8439041762416295
8.985790068607852   8.286666083761938   2.215092424179756
4.541133164107261   9.360548712216756   2.043425049559843
4.1268281319926166   10.68342483470678   2.0596419318871755
14.415517429903774   13.32927375846052   5.095423487911182
2.5541633815076845   4.191875986555512   0.9403851220556977
11.772645295910548   3.723341371357743   3.6667162303470007
12.208301667659988   5.8636356463097705   0.759823292168701
6.357216927337443   12.850740695073572   1.0223776449480304
5.3838831227094435   6.500539971327309   2.094073224278187
2.696474655309556   3.0803372486853706   5.331427840901692
3.120699382347963   10.208041260844661   3.125925248922638
11.72812913796073   12.639733878948181   4.136371152343961
0.7213284647228163   2.543745257418263   3.554170651465867
1.7585852235355617   5.140727390797035   4.630782331849497
2.709399996790862   6.80618382834408   4.087556648933094
14.070274908654305   8.806101114193641   1.5741820459660125
7.727319442488453   10.143391239480268   5.46476677919673
0.9677442779331921   12.81723591854978   3.739430960297176
