3.221824928434327   4.554935557546344   0.7935033604290908
11.61432806383708   8.372036084891555   5.578769893345684
0.7321038562639046   11.42484501821151   3.102428697053866
7.093027482529017   1.7289004590704928   1.8182860181728224
5.114602586249214   6.260633371265419   6.250800361493342
10.730366004798363   9.780163912441658   3.6476378792862643
12.64143430965077   2.720733282186606   1.515933696881417
9.97309624325767   12.56998169435255   5.590552883116365
10.528157789909624   3.803742942834421   1.256486403464802
5.189437598894494   14.267043104128785   2.1004672872646344
8.270763947216757   10.831310269073871   2.5932848118523917
1.0207755760425212   1.5441526743079073   0.7336308444293007
5.619600597214219   9.015272179258426   3.6866555996412123
8.467662491828673   8.54223877582487   2.5023978166442005
0.40672117855850015   8.161141763382856   0.977119611198333
4.936052689397702   10.003286254897299   5.933650539320407
9.058151599943892   11.870330705319049   5.923544281839756
2.153838307769356   0.6349727347851817   5.866328355250928
10.112782238061833   7.793825117021033   0.49958304131316644
1.8663427847492833   13.28405892605739   4.2334590456883605
2.5476313348283273   7.90136136713981   4.333865301478985
0.5440577112584921   5.746895658663149   1.0901600824113524
0.8611338720913932   12.709741027616033   1.960547624447853
0.4136082466606829   13.920436887445508   4.0797762331587855
4.732669226586678   5.0159535051880875   1.630801317995197
12.40916869247103   14.099178531708567   4.898077659962061
9.351550823952916   1.5150990338396935   4.697637617542273
1.7475975740516603   3.0898382717307773   0.5979857423103935
3.5996502444171314   0.427931555426583   4.730485318786914
12.771036968280054   7.1638967301955425   5.871715049520492
13.813909890724556   6.419252147043744   4.831762324443175
12.61744781381358   6.122440857966141   0.12817004945705818
6.123568925070217   4.535653308617003   0.0346205397811028
6.295108199353832   13.197874237210021   1.615683564200769
9.280117549163108   5.170221117028987   0.10462043424262127
10.86700911323316   11.763121020826688   1.9750487211723717
13.974973052391212   1.0520493883615964   4.749276832451133
8.395770683208541   3.303397002084805   4.903859664619391
2.3838856845428924   11.870509118748437   3.2360817457033333
7.012627570257069   5.853050534453755   2.362349192799965
5.037706405425132   1.342717945058356   5.1034354340433845
1.491502024918463   7.379405743546157   1.376615509968413
2.0683939249048438   1.6750293809607903   5.506960998744459
9.777028700183951   10.696657250802808   5.923707778906731
7.492185906309395   0.46954918253289285   1.8765531793832948
13.992258522052987   10.263129588610164   5.114231338846743
6.9656469678512485   9.423763329355246   2.703795672468671
3.0388183199392476   13.546479974814039   4.019770143093475
6.5372847144081465   2.7295979194575297   3.7934859592600834
9.889524883694435   14.079987522345807   0.6458917887821602
7.659622156829477   4.827627188607047   4.426766108210516
10.678456827887617   5.130990669670524   5.83895963326223
11.393437992988432   6.128265692085433   4.834494180497189
4.073107779485101   11.038116451689588   0.06724927815426707
7.230450958773532   7.96485729698737   5.354599383086138
13.85830883136259   2.1067679777431287   0.8657672181616984
3.005484489505556   10.610883286413124   4.057756002309388
12.43000510382079   11.662869218428769   1.9722382281248316
11.492338205555026   2.554538098411071   2.374592117204989
0.40569766263618434   4.166320194590086   4.648250700642208
1.6529905253661654   8.717597353530076   3.89305983814486
10.615174746948762   0.9337831285878052   3.1617476106821525
6.7828150387359605   11.872244357243618   4.45110580911334
13.804445073498739   13.02804367312184   4.367332135109298
