7.454151091523766   2.7985087893258345   4.314397132935505
9.95185576639168   2.0393183479872654   3.0592086485040655
4.695086831785259   5.225588858820264   3.592089344384151
6.041364874221561   3.4203958361485767   3.5274937142330707
8.427750162983616   4.853480516962102   2.6389072170191485
0.33673716438341134   3.296618032922257   4.015628432272124
7.914869646854672   6.255933287697586   1.9444688380829627
7.243169066268685   9.344013907230185   5.749499613851197
5.796278836534843   8.381718107785664   3.2646356014725244
2.1858307474786467   4.2986831641756265   2.827819308340463
7.371014609857098   7.8499793158645526   0.33478604419624364
6.3960958288960255   4.288928977584962   5.328898614111
9.698620346615618   0.026594718975873732   4.325948911161863
2.464424886997442   0.211992236089598   3.9633288593760265
6.966222214163463   6.131652151734657   0.7449358735176324
0.468634540180197   0.46844999193139064   4.963626367720812
5.363217824199281   5.8301321892239395   4.744612162834382
7.178363498651565   1.1089197650039564   6.161179578676267
3.759061093284498   1.846592798893337   1.666636901072467
1.1778777702034882   5.246490942225831   2.7387489355317642
8.919920905503878   4.0462328144307875   6.186964332297712
3.5749871786033576   9.04359941982167   3.681749125948247
5.0197210345314165   1.4495862227890477   0.7462307880954295
8.833433809879232   5.779593915678372   3.93051403001142
2.415846960850637   7.967738111980765   2.04376100777191
3.479666904052189   7.519511114428314   1.1272407093831314
0.26410852300506055   8.140813672134453   0.89655362866732
1.5293758702487863   7.975616384003566   5.659299739536356
5.5610774562040195   4.2946543271851425   4.240676594327489
1.4216091901783208   9.613885152039952   1.682075378991271
3.632903538614405   2.779822567563846   2.9854194505526546
0.8817724727270584   8.82255438061388   3.353795429731332
6.460219987550736   2.221116212996017   5.251583521546666
9.185144539975916   2.385823622009374   2.0958432975121397
1.9946107325290745   8.99528914098732   0.0254990605331038
8.99767770937105   1.4093764382252456   2.4945376683754708
5.028794357558747   8.738916743883356   0.01973274533545885
1.0112639300075823   2.2011564968428012   2.7512043506870416
4.377154262583391   6.58052927826772   0.02095099698631442
2.695972257930569   3.5667908724202957   3.068815197908196
1.981774029410547   6.249321615758314   4.837544924904585
4.4377640283045015   3.8876226063940305   4.882973691992122
1.1878458180528602   3.112244020429499   2.7747184449558637
9.300774494204843   5.003264843142644   1.9791433702238685
5.602286379699879   2.161398361492058   3.649227568196358
3.038363353411617   1.0931717277100383   1.4878085080978563
4.346728953605391   9.410214544792124   0.904421429710819
4.720198369006596   2.9765157743137483   0.3309631456201353
2.7697142638399503   2.298090049316132   4.8298574520946085
3.3469187957092084   4.799117327718739   3.4153988751989295
9.889753613581535   4.101940920465476   0.9795575102382217
0.49639521417179977   6.4137390878336475   3.985412235114431
8.041112625926935   1.4812243758378107   0.6988371119505894
3.5671105545996595   6.287523646229772   3.048463707515059
9.035298148474604   6.588831912514914   3.478651793571985
0.25869897069029163   5.533540201531096   1.1985294892163223
8.565370790282014   9.915502042091903   0.5696262521742794
5.148702370193821   7.4544951880378365   3.0943239033243475
7.142806089493385   3.765346560166135   2.42769210870037
3.560963894589116   0.41270363862332166   3.7833541990282145
9.943720428261226   7.26705647722347   5.010547930935931
0.9168963606270961   4.055570593162286   5.740573608279555
6.239697256299136   6.549812465004408   1.9643175997273326
6.7409913527430865   0.2181024805927816   0.23166235238261731
