7.886800705564164   3.6162282061533095   3.495133761109467
0.1252099897804051   2.0153785876763317   3.473919272479811
4.683967764450291   5.493819562821491   3.930954610877679
4.669338881493109   2.9324209424518006   2.9209393478992425
7.566702724596908   5.721974839220521   2.455135878916686
1.1382246541741385   3.5043882163185374   3.115144700720387
7.759184453902227   7.048594249035085   2.0120279917373765
8.171426764458264   8.629289719689435   0.8316747094796517
6.529527919631801   7.912984654425115   4.070044009848376
1.980626642461233   3.43973320072454   3.7314288659889985
9.150445398474579   8.240098647327676   0.031107019611535475
5.723237540153794   4.896792353495666   5.427793312107871
9.794094554795652   9.419310163056739   4.522368974349947
2.599759237340291   0.2478535266413162   4.248324142064403
6.793599039143073   6.71694093563557   0.788108797696676
0.5893102748642847   9.835416156166591   5.080200845412313
5.051916583268097   6.635933833705355   3.8848272332693963
6.736990232804956   1.7362327053196682   6.1731854967709605
2.6565341022983686   2.391025941478537   1.5307435391737874
1.6604208874366773   4.986045746208015   2.2846642278630553
9.78051680153502   4.765051973394417   6.134973865194009
3.506538106461057   9.129245766795494   3.630733075407478
6.552538069904468   9.116178979654453   0.35151152752906656
8.084751233282793   4.918824921022474   4.353856473232445
1.9979338443569363   8.294866608884321   2.147996048341849
3.153727327254714   7.566828201023976   0.14250322301125995
9.06349378496679   7.303491502561663   1.2871574030503266
1.9627155639022784   6.435930163456579   5.742421754668658
6.75861752918827   5.667604545073236   4.641123763678272
1.198098196381634   0.45056412786935596   1.757338518355989
3.8723250865251537   3.5962749142817554   2.9499694819487403
1.0759572141848062   8.854412373152355   3.4001605030243622
5.3803218384334555   2.1964398255044966   5.002706564923084
8.77295123619038   2.719673228743132   0.8292356995137895
2.292081240954962   9.180279765724555   5.940567537081
7.495293653448762   0.230920246343583   3.4527637131894866
4.301715070748696   8.87312881751066   0.5069318522651023
0.47706701148069647   1.1453404587664338   3.3214922158747995
5.538320092512274   8.54403439638614   5.831560325139498
3.7437150472474325   5.036286123371904   2.8320803770250462
3.66561003125663   6.051447669860801   5.145567814320373
4.810391348846327   3.912697675190814   5.179512112720733
1.1772728737509877   1.7885343258342075   2.0362590975934567
8.453927195735751   6.25646843427024   1.9705899923624164
5.33694776334058   0.43785684066736574   3.4389913775000203
2.1185475168044734   1.5996576832043201   1.5889485731190054
4.475856873400243   9.796467904022146   0.6380880852034566
4.535295279498265   1.6269062703828514   0.2782649163990993
2.783764995911262   4.25316785037428   4.7221464682912035
2.693328730530471   5.123659034507536   2.7488384227007354
9.315765525931523   3.7505162651016866   0.4181411180681781
0.6136718886721917   6.736527600196641   3.2524563652618137
9.62804105149448   1.1176423179350812   0.1208642211255837
3.941711315910765   6.892097286875823   2.0097156645577683
9.439493554819547   6.0166898550045165   4.049158137618938
1.0559177944408908   5.990162519527932   1.9502789152886137
9.51786671165812   0.2730703533227885   0.7146333814837923
4.507806402770019   7.716510171600591   4.427207079835864
6.998674786868451   3.7330636061759366   2.880700910781425
3.63303916369645   1.0275880085010811   4.0747816153224665
1.5009664710178408   7.492155077788606   5.524685878980674
0.9625880527774149   4.551486790946663   5.4773785162262225
5.959433182484834   6.920691010792019   2.48623388536667
8.01065001503165   0.9854980225831935   5.515817840066183
