9.555526298129166   1.2833368729557617   3.832611090186976
0.19795888648466153   3.406926018742859   3.4190928380148153
1.5286184667507774   7.2630073308657614   2.977831003740452
2.731173872047801   0.10318189173484388   2.8211361143709897
2.517013498758282   4.170809232645869   2.4521989961780877
6.482378979057422   6.712225877046961   1.6882423832126698
8.4313699459117   8.53544922142031   2.0969143627816034
7.363870194463081   0.24778241005587454   1.3272962276756983
8.33831442684053   0.20571587705982997   4.141913391339609
1.6057002576436652   2.0364480489532317   3.388007862903828
7.928560212027405   6.6155276834012104   5.047847250921719
6.233863442190177   1.431784225138439   5.100917717215732
0.29072090803734063   0.4045018883203815   5.097251917521493
2.7651078794404684   2.4167281101434033   2.061078430867118
4.9542889709594595   7.375791716449277   0.9377504337777886
0.8842382450212236   2.512870238939905   0.284518408405938
9.284903623022558   7.184175950463494   0.4854996858159007
7.5247667389033275   8.694818865426264   0.3050917716055437
1.084106830438297   9.420970298745043   1.9210460502866966
3.836779526565916   4.03366189191872   5.412644592375484
0.25152240245880375   7.9785811007554654   1.6939630597302076
9.115056500435285   8.040266608372178   0.28757754364114346
4.592400078012879   0.26343025962527167   1.1377307349666117
9.42716839259457   6.020472496249228   3.7196918704677717
3.9622098112183064   3.051789767739939   5.028273389639024
3.392314815517378   5.458947309155585   5.810385171105269
8.527477216051869   5.41167130033235   2.014887253374893
6.270385223824029   4.686693025051775   6.068907649102288
0.3456442254237271   8.825844944072893   0.34526367586969164
2.3301446398000802   9.038269200759265   5.659202636495389
4.387227530952261   6.569655010688832   1.0476294857866757
4.486362328928559   2.3049352695154735   3.2245828155384357
1.481870686337766   0.832844144653487   5.774698873502495
0.10791631980669586   2.2808354023207227   6.25521113860565
2.7415843563310904   7.934262319952884   0.06081340750588854
5.018879078116513   9.125520921006546   0.6688707670673268
4.0501922264559935   8.077813795106874   5.9717290447928235
2.336056207069529   6.5878923333924675   5.193161951836566
6.4228998891959765   3.086471325073989   2.342154689178989
5.615597242160607   3.562497140366522   5.807702371879916
1.3153041654368194   5.96204526208689   4.603169909322515
8.587654239665712   2.114476483520407   2.5149225266610804
5.28168393728232   2.7514349418722035   3.117184911819113
7.201803746838137   4.777910068021814   0.2736807558642336
3.801436665381098   0.01911639289390371   2.6853873009433293
3.107348939634221   1.6501685143142566   2.855179567697006
1.1787293907520704   8.027709749489594   1.8756512844751478
5.81096225605939   8.112693133353028   5.653610717926144
1.9903703672704394   3.1655262724680266   4.61219793501102
7.822118504290655   1.300802448312059   3.623040425388714
2.4776430354014876   0.9788973153246625   0.3394828387813472
0.17974964960689022   5.473361891594904   3.926696757675559
9.959152974909069   4.6364078626422165   5.700349786217003
5.530360207877129   1.8785025438934206   6.239727100746216
1.2368531752478213   4.472429003189393   5.961594736685063
5.527682983915734   5.515554219828654   0.5899122327925284
9.225372983093633   0.2526746872341965   2.078777225699625
4.148516829125206   9.229299432014665   3.9797314869630527
9.131234878997768   4.491643505907154   2.6358556164385027
4.29865208826929   1.1396701020528908   0.7213445543487105
0.4883123847212261   6.956635337922676   5.88563882329559
3.2572989452797745   6.50432588902223   2.330521598036576
7.671231187269331   5.775882208357354   4.1750282668186065
7.446831520992436   2.9871154543904934   1.572396663632296
