0.6052533691773648   3.438874745661307   3.544892779554967
9.548999451584587   2.555136041930594   3.457607072281696
4.467975857710087   7.181694970821375   4.234253226095966
4.238536940306925   2.619711292583021   2.86030543275028
3.0518392906794887   3.699578058589247   2.9600178098154646
8.183910413452615   5.549936350090997   2.5159843309945633
8.14631790491734   8.116457969421653   1.5657171179122238
7.083536129996449   8.465383269089441   1.0638829510569208
9.511098505562495   0.018017460390201023   4.265795611139798
2.2862759268570967   2.8088455403564   3.1702411416838063
6.692378624122786   7.699204419473461   0.40886396733908764
6.502631728362633   2.8828479982603765   0.030227545397901956
0.878643384688672   9.502525072933274   3.4871937108372046
3.659384365625069   1.3250054641510378   4.484061190494926
6.972073649822281   4.73186768737374   0.2675350064435548
8.422691719534857   9.621048900348898   4.262754091947853
4.990591765822213   5.938482839178765   2.862355409001538
5.3816395241400015   1.898719721712645   6.175706326358265
3.2604204565014565   2.6241896994020024   1.7190559633884195
4.2290492697698046   5.5631462584834   2.540839084769894
0.597601448432928   6.0002148242139794   5.616949710815241
3.427892812328019   8.596324015872549   4.479389811913588
6.995018539663562   0.6942218620312094   1.1415756140258382
8.061079957903718   6.779134952104739   5.33598963071196
1.8622265598500802   7.074882620241347   2.799007513515407
2.6748076771985865   7.29264941110363   1.4698821509013968
9.345107349611661   7.513577036843082   1.8413708001274969
8.983338715797709   4.656729267224085   0.5573526310030471
7.504177685247423   2.7955446952438123   5.074768027953383
0.6929476394618215   0.3502835581458291   0.6211328526449554
4.212314036169324   3.739184571493484   3.9951504104457563
2.714800563033849   9.795432390874415   3.3746584491212985
4.56081110025413   1.418450950649411   4.823317932261425
9.489313446972357   3.354805151363051   0.408000873012368
2.7575477571024694   8.143737657973725   5.022221933594673
7.235666146686958   9.272705329692672   3.0236444539381004
5.966199240960702   8.340113029165305   6.253394740008021
1.8793316265929683   0.947318880380416   4.782484350119169
5.436706187915593   9.482507815309438   6.2803243412457865
5.871776833079188   5.450962662838574   1.4241564579815726
2.0272599574957058   5.847247498152647   4.718180142085415
5.920530865378612   3.780737664692069   5.154788244119934
8.516079082544296   2.619849294122506   1.6987296818806639
7.065451890368523   3.7327554243124665   1.7885378460050174
6.18776728846367   1.2580635142545928   4.990262778041908
2.4612068885165255   1.739210920591903   0.3627250446851973
4.270681792703233   9.158878672346995   0.08265565175428229
5.864721080372373   0.41086269015426613   0.2541340611577479
1.372861830163512   3.685295892888106   5.8113133282960545
5.475082924282182   4.666667385653358   3.7436788622610613
8.643155743318857   3.7568396503096535   0.5246288917396553
0.7905391721048841   6.884098732188464   3.377220872798118
9.691616072513366   1.1349098252639975   0.5649101264837594
3.9836266568872887   6.417639135133603   2.549653431728873
9.319338730379025   6.577414193905188   0.3063332598440647
6.6546815837493325   6.249855753306233   1.557173524340873
8.155792136744882   0.8180605209181211   0.6554654469994003
5.060495081180282   8.431515206164155   4.6099873507707505
7.929397156349359   4.46225006357962   2.18222598852089
4.3572555120964225   0.6150695178840121   3.3995493759749715
1.7834636886599684   7.964993675056312   0.4895733745148053
3.2245998781297667   5.052443677213882   0.8158894790836068
6.009560757774958   6.91860792233547   3.9081341043702063
8.272150073862306   1.6724439001379083   0.5138693586518165
