14.124177822502082   4.948562149875255   0.937207390612825
12.380884590786506   6.237277927975675   3.8133630660487454
1.0945592800718291   1.7173896125124686   1.9845520587056382
12.459323275793642   10.702374889486636   2.024197801711706
11.181658898694671   10.607033026046778   0.13890480681377848
6.121384888715987   1.1595322552618479   1.1402432772323463
1.6571035778404342   3.3136440971348815   2.9896165754862967
4.984743872315539   11.862759951194024   4.45355091624182
11.390809070824831   12.399876822956095   0.2143413854242705
1.2398913169645156   5.531302688384279   5.673060204133471
6.797444874576143   12.16905153302391   1.5854979293526565
2.4081978507838477   0.8500811614021069   4.557655303363271
12.937613731934166   13.441252433767117   4.895085801244323
6.7977340151766725   8.212519850105457   5.763321063899983
5.7487078048565   13.23898915877422   3.684606640385921
8.242771645492496   0.4134345369576615   4.76558679479925
4.996880809577491   9.461122582418014   5.448606252296823
10.61293915369838   13.700114572545955   4.877063513447504
0.7051259991372758   6.530589788196576   3.533471825023287
11.864735535239044   2.4382296120501774   2.6830652865650926
0.4143642426603588   13.332273298227635   0.3352271274118315
9.27080824782546   13.171233019843344   1.340415131071694
7.4600575331695165   10.353543815061384   0.6547924384571482
7.580871884061228   7.007522203379204   1.1832916170671435
6.187748866111732   10.443755188135585   2.3693513526166625
2.0111936914817985   2.3423053552312023   0.3361971490862008
10.232665627596733   7.393569708113702   3.3615185424771856
13.1155122165003   0.5769850534249715   5.4198918544383785
11.983258883329638   3.485968984879819   3.2394510142945685
14.355071224778586   3.241279094248848   2.314507806233661
4.925645437537581   6.7658234732844456   2.9146148017184244
2.7131960234790164   6.559196070647231   1.4175106400399862
8.849231022119776   1.5600059773779824   0.5972942384208932
3.479614005409927   8.531465302923397   4.593042331353206
7.870979609720508   13.657389922474813   0.7093416176020261
5.4834339322546155   7.697211700570001   0.9909235406585073
1.908810109451462   4.500796977774326   2.419562972023465
0.7653932141802273   0.3510133669049662   5.468762028515676
4.455599273515391   2.237740676756161   5.58201135082507
9.467417862609642   9.28366862644703   2.219948547698292
13.91888956855651   6.898005611546896   5.265406281420899
14.378693258278428   9.630178027688046   1.8045565893200781
2.65616086389828   13.855250967685969   4.065844999608107
0.7687514286059121   12.321703707752473   3.199506691351114
3.7737600128593782   6.514226792159738   4.668826360321713
4.2008228575876   4.289307525877082   5.279262517715332
10.666394864236043   2.5031628018173957   0.22113951172012944
4.258713292058188   0.6895058207129127   5.190938711888666
9.456413814681985   2.668641600594652   3.090316154517601
1.857642174546653   8.251975532774676   3.527464967514086
2.513050452148399   9.81149423128592   1.7235303531734387
9.963419772949763   0.28394063302228956   0.6350800563805397
2.9340838557989493   3.486523116490217   1.7577312175494555
8.633048377236248   7.791040049833982   6.137300219357343
0.7660008262500758   8.949722205015727   0.798124627992951
6.4088500308060885   2.2848274936821658   2.2059272343735534
2.933428798703645   7.6094429181816405   3.277944339530322
9.173047544158107   5.1381910600655765   4.513624054649591
10.445054647667432   11.493306027483552   6.170446265408073
9.074411143019042   11.785233790041367   1.4484326197050268
13.65255758278441   11.546414721216134   0.7203186656244126
3.83607725313026   10.474871382253117   0.7297577250254781
2.135809530539299   12.547259721872493   4.63132067449485
7.04986906240117   4.425069109083398   1.3737874767990779
