0.1501892874004258   4.986642390319645   6.1706892631682795
11.71222538983474   12.460379736313675   0.1830324947941895
6.79271778538597   4.693227091454301   0.12464100524120172
8.116586314199385   13.701791036740447   1.740881877206225
13.193237120530517   11.467528417218091   1.0629682082846335
13.143544445177685   3.836623058391216   1.268489084429561
8.627227563694884   4.535467713672307   1.5370340799730309
9.788483562361632   8.12933531749126   1.2466897345990624
10.16458252770673   11.083054679816206   5.821146363556867
12.172338462262225   9.964558620095357   5.2296452934163895
9.20602662676019   12.430594499509297   4.666355767877094
2.3628512236506487   9.294443811760946   5.48505799330441
11.137640218351557   9.504375736781421   4.673255405770786
10.95665291481142   4.944981175529126   0.5772385384581649
5.182863448505046   11.257504484531596   1.5561048241776934
6.244005113384711   0.24372877475401106   4.838283150933204
2.8689607492571785   0.5254912484191585   6.083263980215643
9.676042875721281   13.59767070136979   0.7413942308478619
12.838632107319174   12.719199565692598   1.0253629028049103
7.228722627932237   11.014327432861561   2.407903156915329
1.3893179257412853   1.663943939468418   5.046275533694499
2.3960361536345607   5.836982941041947   1.4794094277537002
3.5037606414925815   13.310723701179363   3.783984769629675
1.1333788600024166   9.505909255688564   2.9008748892931133
1.0735610062331173   7.474581359316013   2.9763165904909883
7.1848729350548295   6.4785831496579815   2.6869461662612055
0.4236582506650465   0.6557026585314202   6.267725369281545
11.416772552138891   2.3019294223841755   2.8853321973726205
13.261290968775134   4.968623025832233   1.3241186101519455
2.778664782188477   7.609898483916013   2.9456194260665263
6.498143906837198   1.2723615286025107   2.079380297678316
0.8534724085883607   2.646443832059667   0.9693533957237443
11.635789394868622   3.5803541138521875   1.3146029003775306
2.417351949298496   12.998299394551251   5.900635545013289
9.561672312125964   2.45450004669458   5.3573917312914086
8.157422445905949   11.546120547772531   2.1429500039428313
12.385806497874194   8.163652188288054   1.0999184316032662
10.571686570940509   12.525976608781916   6.036317140485573
10.635373822750738   6.2118304665480695   0.030850591286935958
0.2912164688488573   10.524122771634964   2.0631767943423545
13.95839125208423   8.637065822598839   1.6782210115574334
1.7369505950309172   4.264777029535738   0.5034897658745506
14.31751971264374   3.1711102536108067   2.432919691637064
5.558546499902519   8.288742106352856   4.6768297711750755
5.699889731702987   3.638628393537237   3.9195589739201298
4.349301597806015   7.3367201748112425   2.458423708618947
10.494591455055668   14.270832452862374   1.2872236912128663
4.382307976072553   4.460283376931504   0.07846812853790475
14.327992353439065   12.418301368533674   1.2486850001949887
2.8686191631577844   10.956730872767727   3.247521722765892
5.4278223204797955   2.089245270906255   0.47069432228761454
3.356453922232885   3.8770552574183683   1.0973117237662047
1.1080507875967074   11.356501986402721   3.175410784076162
5.492669953703869   13.337269186304297   2.1844097580151227
0.25998518180371377   6.390257004082817   1.9512056593137865
4.055880691924422   1.8493782651694646   5.648839451353656
7.044648927622777   13.156869717526982   2.7871053306595295
3.4626148966426826   12.15189365310481   4.770408373163922
6.683615051641555   8.45048472666619   5.492278569883794
8.192254546084193   0.4867639859011772   1.0716821702492498
1.6396795762642136   14.286420817062531   0.26466991239237114
4.306142627243501   9.67607420343097   0.6221217249329212
13.379641995187228   2.3592057182885093   0.7662869688393922
4.5275820607874255   12.421505118703802   4.4013653296413615
