8.735182862893714   3.3839825779089985   1.1465392232285423
12.445285922097256   11.285392505524749   5.87741291398504
0.9713007384207033   1.133358313425189   3.1552785877620093
8.079662580229387   14.382335755622655   1.3871052931905623
12.658826267237801   7.956998781594578   5.407623820838522
7.898255049509342   1.6749492820817022   4.456703078223237
1.179870426130944   2.921618608901293   0.5485841312476099
7.139663227314881   9.22763160998487   2.962298566832067
9.933322808181313   13.361031480023692   4.898330784866345
0.23810423221260635   4.773761137496515   5.39818318284095
13.42384415037503   12.113098544734896   1.4356433004244777
5.318347342484878   1.8668980473679124   5.346570648597256
11.173351413532567   11.714729598539689   4.202449325805753
8.144156159401746   6.750955360421742   1.158837551530268
1.6683769332485947   13.156989469867357   2.2537529409339965
9.344025141733296   0.6101734574661319   4.71653331218484
5.157069531508375   9.977157275443023   3.9171461474613993
12.985833945139474   13.327199131323514   5.183851956783733
13.87154126780695   9.76331377418671   1.924236753398855
8.116801896755282   4.907593411625944   1.5245435839559316
2.8859792950263463   13.713303644052475   1.8206873209594145
9.128600741092862   12.2520021302653   1.867268989350792
6.346211617439786   10.069878049224549   6.133060332562468
13.02008814945695   5.937781955521155   1.1477654477488186
3.3263906499083347   8.843852085933296   4.902583988255841
0.8910912112025393   7.456733587712852   6.153079068858089
3.0297663300672664   9.896202176409039   1.6198245166208434
11.046453318990842   2.4338059620955232   5.089589154453403
11.066586141233097   3.503269815004477   1.635045532311137
13.770528873680071   3.8996994357734702   5.703972673028423
9.816910390426337   6.2654911700077305   4.144492054123838
3.930599463884602   4.282035105837151   0.2718335429229223
5.097446340707415   13.145724897377102   2.5474371117995367
0.8573836747166921   3.904701147563028   2.8223938365275956
6.18021710163986   11.930660786025504   4.003591166363848
6.768746011661923   7.199220309715093   1.723617328121569
11.59012128971363   4.9490833460060335   2.581954683274894
12.99728352690989   2.4847231348302925   1.6367694785999252
9.869740946215172   2.2513412942172697   0.650910760105801
8.968685013008987   10.073410374197545   3.139131622280501
2.4701286424607254   6.573915134626987   1.5840280279142425
3.5646756873049883   7.493200221250623   2.494955725744524
13.981200063344517   2.7844200723694392   4.554814975802888
7.035554465432908   2.7001618358031827   2.0157411510152765
5.194464564594522   5.196878996814487   3.7559663659617404
6.1454449394448085   4.49542066386141   4.072563471476887
2.4590394951428998   0.6097966095000351   0.48244403576894124
3.845616487591141   0.3212043029856151   3.18745913667671
0.6719372434230815   13.710145430837633   6.194472774045493
3.915135748392135   6.328862266002086   5.511272299961696
4.199006908745498   11.852320507324508   2.189931681975131
10.514126907167855   9.524096009487376   1.680034148214162
3.7212335098013485   1.6423347086529878   0.766212651216851
8.204166691979365   13.018408313691431   4.759762261153208
4.682394364085966   7.977654885974117   1.7241386947761865
7.698406500722278   10.515621515969766   2.6958537784741354
6.6489470498744145   5.565821740012091   3.890172184374791
9.583516246077592   7.818955223149526   2.6882784926084593
6.336811875428961   1.0772607293867547   1.988493261911986
10.54057703546747   1.4310931295459284   3.8600344299148883
0.7744576353079331   12.118871101627219   0.4509084385665785
11.959172115689922   0.20659937719617893   2.2380557450514815
2.1195172960404363   8.362089973682005   5.25362959255341
8.294034663383783   8.217162188838355   0.1888743341865834
