13.889444178902888   6.18001416745227   1.6387141430625647
10.958232820591409   10.94818903886097   5.139119775647643
1.9338397829265377   4.981767590142152   2.0099213967281946
8.482888166919198   13.461326176773609   2.4072697379286434
8.279670129911386   7.206641495946274   0.2562396099086023
9.703195384185578   0.5046674838536552   2.969375752234853
6.9036912352167565   3.182974794649277   0.4067949398168431
7.015743622712984   6.1532316295153215   4.875644827785528
9.312464387247188   11.548732468295984   5.960440541822001
0.7991090968527284   10.629650425150134   6.157727455787658
9.025720034503328   9.329174739139523   0.24369493839724277
1.9964940615390399   6.525025754058252   4.694847929175671
10.634839942058447   14.003391705291818   6.145339048423539
7.686850735242144   4.714245635410263   1.014818828012783
2.63146645995738   10.727428189846785   3.7492835533286493
5.944571466629413   0.8019373754103666   4.669727838047718
3.4622325805539065   1.088417537259721   5.563747416897772
7.22043228598763   1.7714737883600935   0.5939148456419745
11.431509285040265   12.45580921298602   0.6142660148879605
11.312589615465088   7.685341588409838   1.3869461175102997
14.33736172731403   1.4518677847934947   2.2358012103639675
11.060740630545954   9.624112225297916   1.9579790185655888
5.0450289535877975   11.537780195492612   5.006036908582688
12.885438024685849   8.61457972678591   0.8733365525424288
5.62099621294841   10.002754512209876   5.219392811628098
14.094853440498461   8.955121796386754   4.106002851003357
2.7204610800558457   14.129893153711832   1.9418018920138338
12.045383352947518   14.112013000363653   2.4681641824460723
10.755249736141016   5.070616717247264   2.241388827746588
0.7266368018783107   6.353039623980394   0.9369480333715626
8.139715648599168   6.093917945856333   0.20778408171127186
0.4409977202545397   4.470657685125596   0.6542951462164319
5.262050509778317   1.727703781832035   1.875173068022928
13.260884022238361   0.8181412644784845   0.010003066211526246
9.769369628965862   10.165300368371962   1.9656689348511944
10.002689294853921   7.887150215726534   3.639845601478322
13.333096434870566   4.2865800442219895   5.844669548748387
10.236616198894778   3.70892886004787   0.42572599313316906
9.254360570160337   6.032979088954908   6.158025119381558
12.768879409837911   9.761675778939548   1.0489090642241252
3.1139281548003455   7.149470462340506   1.0244444619392095
2.988326906580315   5.806790074943667   3.945119561988088
1.5873522264505748   2.19885374990627   3.581982933120398
4.552134659986479   5.4511370567223985   3.1571178941476683
5.380732425151299   7.141001953955594   4.463929926516966
4.465828233039514   6.498119094750169   3.273643757197424
12.113861402803707   1.1981441730454958   1.9302582140965574
4.062142528479825   3.7292965185859672   0.07123139862406452
2.773478448010282   12.45857021006054   0.4359218316657013
2.763527880115959   4.157697895107022   3.6970923206162274
2.3551936124954094   1.2718917854586982   0.44545531817319717
12.466504488755657   7.122950935999054   1.4768679635725355
0.39519884286890317   13.15739218201646   5.5185413248869475
4.261872619287504   13.493303499017804   2.7257157742123446
3.2328923014643016   8.883693327036148   2.2818213031631065
6.753449638375868   12.139675758815127   6.155457183247839
8.757044570710134   10.577861720901929   4.531962640072072
5.314702744309754   8.934338609007739   3.124679390206611
5.8240418630914235   4.844546923815154   0.7847180478564053
7.380343155097197   0.005988048172076432   3.3706121128023643
12.604524440004617   12.27742817204951   3.4834728240689286
0.8399271103838539   7.770461726592722   2.1518631823599152
13.41419555610942   11.016042300914823   0.9351993370865245
6.4394149147192055   9.02862785291746   4.232577104110416
