13.243484093916553   3.630348990300566   0.9345704055711817
13.593651873078011   9.358607601240097   4.315553666892368
1.4263016195850526   1.140592375089304   3.5147582630852297
12.006897147098156   10.466003140501678   2.0660022241240252
11.074534865848246   9.4411422292056   0.00023102210148273628
5.495456688093111   0.2899807458345375   5.921737486225499
0.729616226512906   4.441939331641626   2.6940987054442944
4.669639710412687   13.66930541665724   3.2261515775469
11.212496098495068   14.097391368983757   5.481491823281115
1.4090888972129794   6.14319950802771   6.007858385085806
8.740474766050061   11.250961526881806   0.8034861777385298
2.6715641183710908   1.05723764344916   4.801469126940978
12.072216869704615   12.721461298963852   4.649592186633024
7.270623586243223   8.48189584611127   6.013627911204529
4.259613553242396   0.9372120455514408   2.40223291150938
8.047915930526065   0.842458223011214   4.865181001266628
4.7443063375882915   9.479805361013693   4.603048083730422
13.190318101205904   14.107637014563773   5.168262812791327
0.8287014386633137   7.5032574598882285   2.278784269614856
11.014465235326202   3.412170412207158   3.0295678587009935
0.24101104418941227   13.224018812819194   6.205977801910911
9.421955402508546   14.3778899203349   0.6646268662759289
8.264095408092988   10.066971969467032   0.19065467489606677
7.462131646797758   7.252457044903261   1.1829684605486737
6.437879361130382   11.053587031767242   2.413650180386746
1.2532895703841902   2.9757616865487146   1.095623095051842
9.891882982248001   7.7875239241031595   2.9711963992137544
12.428530475626781   1.7356280042044605   5.144023181864157
13.02079135174929   4.929601139883051   3.1270250916054807
14.169551724950885   1.97250360424944   1.63762050958671
6.423838403907527   5.603845918223369   3.6871307041790375
3.3083260003833814   5.304651807493066   0.07729443460401253
7.009301547029077   2.4860336615528977   1.5810703043577514
3.4996758153126266   8.475301603491813   4.416001456334611
5.76658789813344   13.076122928939252   1.6676855908215489
4.518956682457353   8.207313625843735   1.6345905754321757
1.7985609840289698   4.213925228578004   2.9558315543294276
14.260938651495133   0.6439253132279691   5.6686942834859
5.766378603030765   2.035081013254763   0.5973009654503495
9.491293946721527   10.477935561931996   2.4551964157592603
14.182900701867334   7.448236860082002   6.106407577455487
1.6347949541654243   9.457396202915756   1.5892167785007363
3.461939262969104   13.52948653640858   4.166624314459197
12.73416581630456   11.335531548604104   3.152149977282097
5.6468914080038735   8.041429142482656   4.715097508119723
5.282301765901984   4.314010733055821   5.525347398890467
8.140964008912311   2.4447241183545247   0.2743095316721185
3.886590441361477   11.638820781023318   5.390025342387207
10.007039016804951   2.853647893437928   1.5763832557166086
2.661382838302922   6.934434425470743   4.348262560053963
1.2001501847727978   10.538058909325771   2.5678580189439564
10.683951031177006   0.6197541611111315   0.9907696214744228
2.8509340166089823   3.068797870476093   1.8853685204718234
8.654253036018302   8.657509538925733   0.35409265900825193
0.4595177056203449   8.762558515176762   1.904709144813888
8.307939962489884   3.7078097481227847   1.6950719843491735
2.27833307818502   5.251025557821416   2.4241069659164283
8.541178336388766   6.874252768220304   4.800421957439475
10.280932917393567   11.274473893923837   0.04070498992095403
7.453008933561063   11.93301253648393   0.8367973116168441
13.61378141731047   12.863797215293062   1.5573381556775039
3.688965774331892   9.716989899111923   0.8290091489857745
3.0176023662548888   11.012102080026066   4.563477911252061
7.07063890617673   4.497419274880763   0.7367300002629916
