10.610818538887612   3.4788136696946905   0.6188999450496238
12.374980354341634   10.107824255526634   5.524225149456007
11.105949323857704   2.291931151328207   2.3851496080281884
7.781965154741254   0.9866810980566665   1.7721696733139254
10.896449456103255   7.721845175613843   4.789698832778203
8.3310043397419   0.018500072775488263   4.053041258788252
3.887356482233195   3.126331903538846   0.06667531134475732
7.066286938919322   7.851116741577426   3.9975743618695265
11.137892120207288   10.650951840157203   3.792613665677499
2.0380529893023076   7.71296051939267   5.36686559732583
12.561488041571932   11.429037188643894   0.7057315538119314
5.418667149482529   3.465523471860584   6.014002025569842
11.18754497800648   13.151611768372879   5.571136095669008
9.263169700552693   3.294915054172705   1.1004158032425626
0.5745770118643088   13.046966640924708   2.542490719184412
9.454402560526374   13.34791738758824   5.773190792567396
4.706548358156645   11.114115139537258   3.8968378123689615
12.454133087671572   1.373228080023439   6.2373290178692224
13.607097672120593   12.496081934962229   1.631316503607206
8.394295548296562   4.7875993540858826   1.7138923152894376
2.726496651787036   13.500183314559806   1.9837807949141153
10.135428795230734   11.089199675317351   1.8354689198175964
2.3400910026542143   11.810009086321312   3.9399329468530673
11.692442863480288   7.037050583105443   0.7358668941060083
4.663535149488784   9.129522839583805   5.266482408118549
0.015357817475345925   9.926157775776522   5.1122021410602425
3.2013924624720507   10.180496206733002   1.3910293487170342
11.704263164996622   0.296063591565299   0.2703233213213473
11.311993957597295   4.947144604601597   3.3712984386308307
13.441456371286309   4.193124032468003   5.226264587226667
7.796096052975063   5.906803681248632   3.3087231470351264
1.7198850637703647   3.3114590043644117   1.0938532256325029
6.516239040702195   13.960259833950902   1.8517990119707821
1.5375664363057917   2.019049473589413   2.4011152178756263
8.528921762811702   10.975414068318369   3.5045470671101002
9.013543804215823   7.777356754253541   2.677815637349351
13.235652312444504   7.19645980148629   2.724779616569676
12.383033861041413   3.6431979558969316   3.533124907705683
10.0818376360886   1.4799371094866705   1.098072483438064
10.20162734710992   9.356356426937882   2.549937315226071
0.9450432698513053   6.8240435718256816   1.1438667447916273
2.5503322502353853   5.7356875526614255   2.9702241135360774
1.1480147757622656   5.77577889529722   5.5932186742521655
5.510370609001744   2.004155953444444   2.2227119412928427
6.38518420310905   6.375080889091238   4.755850607415857
7.377263610504222   4.545042062995827   4.186771472832116
0.5313286068160046   1.4072217148842883   2.120128036336367
5.504233260533634   0.6354292933674427   3.002658678196474
0.11203083865483177   14.06923711298276   4.568189022311695
2.130722657751565   4.625872301823722   5.146254272062139
3.6326445248468175   0.11023462141215135   2.013161446410303
11.841841813686075   8.741523925352926   2.4976866508704325
1.846842475629102   0.8406324720775105   6.19056617005162
7.482625228583886   13.460163138370966   3.4429899344139003
3.2016216627232685   7.093101311765549   1.629359101781407
7.98639911610076   12.42499462877187   1.8172901796282805
5.406919065316578   10.12275338123295   4.880581046779385
8.875096435064767   9.10615245733973   3.9167922214314728
6.948412598783031   1.8017880717538173   1.7324531129158656
9.234459812549494   0.7329153392436151   3.4360685727536335
12.75708023336976   13.72806244989644   1.7810218827449706
13.73110782782331   2.4498342528932944   1.543103285916728
0.47666235143984026   11.403573992585542   0.6555528874906533
7.524169176981793   9.72983465822954   5.4258196294627306
