3.1863199154624775   0.3074737459368152   5.952808770413234
3.1807607527229544   2.2934357176520863   0.31878646325787874
4.813656309623909   8.046065012669066   2.8345539643651327
0.08272501616667505   7.852081641387612   5.318883240727415
3.3223899869142226   3.0925557908586216   4.630949045140355
6.960564070531792   4.474595594280919   2.1072767593754196
7.03832059563948   7.355655086230185   4.233424342617503
9.308630758803039   3.7271469773033123   3.2295339527532856
8.240203879950071   6.89784187747248   1.3237671392148844
7.344327981720871   5.452679528027564   0.27219248408278696
1.4084004622878032   3.762086028395779   2.569544676329376
7.959214095906434   4.6075811571248515   2.4793828277219254
2.1727682318244224   9.388009965646381   1.8877316121605376
7.835336227240726   1.2912955241632678   2.2180505402193305
4.584053254078872   1.0825914959013385   1.433190515622219
6.044426677118225   8.941170895924452   4.454706988699629
4.73063023653131   9.361445118226845   2.6383676498838007
7.312485661740764   1.9260561198153132   1.1105706586627344
6.140443138492248   7.407205789944973   0.6236181796913922
1.2200040349007373   1.6519800189964349   2.373889317252447
0.6824936327020893   8.458805574692636   0.25263274817409087
9.040890828497005   7.411588450922415   3.2439734068368877
2.5349671525060686   1.0067431560630506   1.619069749645999
8.700622944045145   4.129671241428889   2.658079392125082
1.4531247068215403   8.882199288495858   5.926208250223997
4.941626648783594   5.820127778255871   3.6221681883541668
4.891547698833553   0.3204414613923797   1.1155896658757845
8.555169341809192   9.844999821741736   5.388477246413391
0.5323177123139935   9.261034023310781   5.026847188487273
9.40347243476036   4.609348278845862   4.307399226025055
7.798863268328325   9.360519227777496   0.8787381806640203
1.0837746430755675   7.53508421657061   1.179684085704416
5.163279844811208   1.7302357290838983   4.40369630720645
4.28690129869713   4.023429125954697   5.444968917881424
9.811923515957538   6.88130905830474   0.3722816422862689
5.867719193841344   8.151388985638174   3.812219134507844
6.003917788717769   6.739088185293905   1.3881805426103466
0.7098793577643883   0.785841051407862   0.03663157555847846
3.539927860924996   7.922284014280438   3.7379118128789717
0.6186887919331212   5.168233777353245   4.6069944874336155
2.681399856077921   7.150193887374983   4.724396311717866
8.072959398521133   5.407190003893106   5.468014059019241
7.376456173405235   0.25830730797557183   0.7340787846580139
8.979194455400659   8.915135920593016   0.3831097252106027
8.294488717944375   7.956061423178705   5.2738667794666805
0.2020721333878337   1.6185918300013533   4.44985258275616
6.073466045238256   3.597932889166401   2.728171930866188
2.6775550725980253   6.298887168111503   3.1818600646553925
5.340785765688714   4.168795212855675   0.037706480797586595
4.770567758157952   2.581789094136339   5.5385573943336714
6.561542943432762   9.814844578088213   1.3863802841137838
4.04722935706525   6.518852665000313   3.0523064387963723
0.18167315177436427   3.076056259219212   2.9561012269842277
6.855237930737706   3.4835067760292735   4.100437273753031
1.880805621814221   7.862767508025635   3.852305678810053
0.2154384135612769   4.536790081132709   3.375545608621088
1.5900606345322914   5.512607791007115   4.038601972123491
7.076361414711894   8.648757438121113   0.6554761558106819
0.7466549352449198   5.881177302149229   0.8742954723755282
5.455801674474183   4.828788727212955   1.066323170057161
9.21180941265982   0.9658674214858701   2.718302718777971
8.594955293748036   2.592800354659226   1.5870797378027677
3.7776880228377503   9.562065691333965   4.526259263169265
6.559824146745522   5.7693221764740255   1.8873102983265544
