4.949297354947512   3.354824348143553   5.398306733848701
3.1964367999635064   4.4097564225626105   6.133316894385182
1.0663483552005946   8.199194300396858   3.227908654532345
3.3304458673408632   9.715866873455115   2.959516804597839
2.8605030108545053   7.557293048524667   5.090083203994463
4.386879802340418   6.805007960559657   3.09948940106987
5.349065461148827   2.211527054486645   3.1894305224251362
9.305349624124839   1.3390581264227954   3.388393760333113
9.482321070039742   5.936275905465747   3.8379494377200083
3.432004576649868   5.837645728324329   2.2149070407389817
8.72141136876362   0.7024899010156496   1.9461769878695985
9.591670994109181   3.662792915329939   1.6830954390127564
1.6539563500789538   2.1789644347802115   1.7112936273373296
1.6894464200915222   0.6112780121407774   1.504159084208189
7.629318806294122   8.502095307403042   1.4223529613002395
6.658078179629707   3.478432087956825   1.9236387194821136
5.820982757742605   7.8002229123378015   5.920592427610925
7.971060174810972   9.323186943912033   0.7267162487465808
3.5420138065957287   1.650538058300246   2.204785410468434
5.78082260966995   3.9082557342908446   2.5515526318228
7.459461961133943   6.458370862459884   0.2510364687350289
8.727274619904128   9.378437381309748   3.4230147141186
1.3144140530209283   9.464782061966993   2.9845822764804297
4.499184529884166   2.0315812951109455   2.964306066311704
2.8425292164382956   0.42318886216865775   4.131854094931795
7.941385590182165   5.198003086949878   2.8726304806235854
0.37509496894477695   8.665886390062889   5.216393197193429
7.498339199391532   0.9254979812341899   5.261370081814765
6.0230934941972185   2.81990334342707   0.7026480620133655
0.039979506068454296   0.9442613174229678   0.6248812946837174
6.206632932697297   9.44211392821669   1.7978625439004958
5.702114641594809   8.572862080030903   4.916856858650895
0.41989415708313016   4.48675706475186   5.575009695119958
1.0814646285691754   6.541248634870987   5.841312466451564
0.7685519813399234   1.839900389207531   0.9320666760648377
5.623015144133463   0.13143753278429   3.359021096350534
5.7872212726301   4.69085005918892   1.7802082624175206
8.360160374853997   6.426160695415184   3.027978901727558
6.212691980375108   5.409097763821732   1.7636724961196009
2.5439215796632753   6.798944324994908   5.798576346277309
9.936801535848543   2.145541764986378   2.749056616590031
2.3897641852993736   1.8497044239881342   4.5926794659107335
7.248501469684003   2.7574932670737144   4.462691459345685
8.703434245814348   4.462329930824939   0.5299282609796411
4.524333141494335   1.0769366425873141   3.123723407156215
0.6845305490282982   7.139589981194871   1.5320860188341485
3.277431968362324   2.813929490483863   1.8206108256107825
3.676765305077854   8.45360519585441   5.113839610615805
4.981331774936464   7.765549633615503   2.116857100051423
1.8788856938759866   3.8909830744182012   1.4173887022160945
4.861674857748544   5.318146540222728   3.4061846433939684
3.81641038597817   3.876391375812347   3.743818356663862
0.4261901095488356   2.9114424266061762   4.515761829276389
6.405479065265642   2.0964944334862774   2.494901592721938
6.325133054743407   6.756376120305394   1.7044106218867288
0.35416277208551594   5.507785075289914   1.0283425342191226
8.421442115435516   3.4952456757969825   4.093933262970468
7.712615731132372   7.8371602053003295   0.35313481127199536
1.0721059517206866   4.717430213473296   0.3393325301779091
4.236615318215237   9.009971899099408   0.6445979558775987
2.8872705422654428   1.2868711470609304   3.263441768712981
8.608167428612601   5.636608711516692   1.9130475358816148
6.688970473802638   7.9490674250092255   2.3468301307702975
9.43714679225947   8.337354711762224   3.7082814001791156
