3.289510177993163   2.080819342202776   5.268326336909259
6.942741274794358   3.5186669058464766   0.6158740422057947
2.0736690586483935   6.848558528988397   3.625001601001975
1.8647338928528399   7.808118352618388   2.952304241541239
4.369325394039561   5.387579083297199   4.538227037730637
7.385112792131363   6.848013325590516   3.7264357554520524
6.028179820869713   9.546027776759226   5.58244896735383
7.736400492800656   2.825539849396275   3.6439488075826887
7.629978107560595   7.816350529673002   5.720528965257102
5.082234549525271   6.68384203727714   2.383758756669509
1.5889952988869365   4.6843837455493285   1.9705687066922515
9.33322108559192   5.7627321748369305   2.5877919626217523
0.7178594368989546   1.3199120523376662   1.0465493324628647
8.504140220382233   9.70138727881838   2.8015445036541604
8.44344076007355   0.9445785505685325   0.4044119364340114
5.774891932785484   6.116155862034338   2.7558046189976992
6.625960248798122   6.191368669951682   6.137230154856866
0.4788702836693781   2.4005661559321183   1.0644552980291442
1.8064696940637628   1.0593303482873497   5.63473302126403
3.956006283252889   3.658181967000476   3.602221460010229
7.542436620840236   9.12272673807997   5.066612944886087
0.6919598064965671   8.42321984551664   3.2308733898060003
1.9474220578314778   2.1849278505694567   2.913406732155595
4.287321319743145   1.613153167993542   3.6052699054619533
1.9811232039597704   0.05989249286368459   5.102253023471551
5.8226480705440595   3.504930570205712   5.045728890264727
9.510203743616529   0.8158280322833904   5.210925863399508
9.613687914863645   8.939705590695299   3.327303153456594
3.174577697097877   1.3028335645841507   5.605194393247226
7.408728458640511   2.0188716334456656   6.051427598097867
5.421086300643966   2.17315999223836   1.9441433127017196
4.681443895072336   0.36901848437039386   0.21649732161832885
6.147809394501915   2.863069171196657   4.3502193346179645
8.472772391939008   6.071840759213022   4.9762602531407865
0.5295459217745132   7.5405614730205945   0.9075018643022835
4.077489871685356   2.7446370685358237   3.9535256278143036
6.158717246705834   5.301497839220594   1.636589471961467
9.325368348442408   4.878073450834695   4.792148172138197
4.342604628508957   4.676049815776795   1.2406393745604545
9.76201531512487   6.638816174106945   0.5692713710790005
2.3464319525879094   9.12558809843792   2.628838400905093
9.561660127984567   8.082648748578999   5.254089726704446
6.386968598645924   4.642937184654937   5.129881804975038
9.772209616191326   3.745588127534747   5.938070659774711
4.773632134988467   3.359950000138946   5.334879597174042
8.479164592892042   7.550476787534831   0.4633113649478252
3.1658383079217636   3.704506211311036   2.8011330457046646
5.496388606351865   8.051857386818819   5.009343892936749
3.1054407782592692   7.047287550293529   3.4930575695582755
2.571148990230208   0.5871580607462754   1.7063409437482604
6.67634410298539   0.8772016287113963   2.7451563685172213
5.281079739981296   1.056608662704527   3.5763627083956937
0.40630576555915565   9.77781985292391   3.4428621227682705
7.4420901113793025   4.178749347449408   4.066382206603509
8.788183854389608   8.778800535674218   6.0158073262675265
1.8326081764961435   5.468842401568237   2.3251553572527115
0.3552912427424086   5.5532212170719895   2.7957512913519795
3.8789789475326772   7.058800339076973   0.04125117289364058
2.364652673040153   4.4132387103502415   0.5573421068552333
5.193918259050241   9.45282799164463   5.726697722404685
3.0738277841633885   0.05954427718781241   2.4410839952505907
8.812382972871118   1.7406605639227233   0.004742803739118548
3.421306148093295   6.0618594574427025   2.6642239503099368
3.1372337678576665   8.549438421504613   2.086167256711732
