5.064760767751581   1.180937483572568   3.8343795538219285
2.9240348980211714   0.9117351231978569   1.507322681196883
3.9048500098666663   9.511330597834505   3.1290919556393813
1.6154587994302112   0.2504205333131036   0.4950199672346451
4.377501419397654   5.450591280231077   5.794638179848352
6.36171605000089   6.196606649151638   3.5676749716910447
5.189614891063557   8.937912703496687   3.8216985052820545
9.65447950343963   2.5271624766286966   2.4390460447539506
0.9474486487371183   5.4367843710947135   2.6484141061750055
8.383403764335709   7.0422839443158   0.5143247926558263
4.127306392888272   3.763020117913137   2.870272457621541
5.779559704755547   4.791628715422389   1.6933921690112619
3.6910559789055384   7.663137474941553   0.7754279085715431
8.32470338881565   4.295243796963365   3.0744679585141834
3.586814122664241   2.8851942388413847   2.001936665685761
7.44323433278936   9.521647604949516   5.374261951805961
5.8318667197126555   8.027809951578435   2.7601901231530417
9.121729257870872   4.42786294412222   1.3243702223752774
5.371045506125932   9.87289621912999   6.064100074021852
3.1062385627841316   0.14080494782202518   0.8887076745734401
9.590923376208494   8.104288815258093   0.03789651033588176
0.3176765710190431   8.76417558742151   3.6728041097926813
1.3752921851139193   3.2314909376923473   0.4042277378338674
8.642621348960137   5.272086848061179   2.377971366399684
2.6647645677081924   7.529562981152045   6.10977841543988
4.468530951064817   7.967779864779272   1.9147137667242164
8.325426524311991   2.2549096919907363   1.7686581715666216
6.8535374412007055   0.9626018615343244   5.871512328593338
2.62138703474038   2.597129711868053   4.5504730277626715
0.11309282053212222   4.948144486123784   4.31006384886178
6.61992584975879   8.528321676655302   0.32307902481081036
0.5749735530588305   8.067550544418673   0.6480559527735767
4.90579901078116   2.3236198530281644   4.780081745519358
3.2465679020762908   4.66001328739068   4.785148983900698
1.7038877479163979   5.77027036278881   1.3497167597690718
3.3551687474669527   8.7415706526215   3.5660217546178963
6.628394514528893   7.295954452940987   1.4919664068592164
1.4095471916355138   9.093103939041352   0.3534253719865207
1.8316191831173363   7.95390409793438   2.6671367806516737
0.9587661087603188   4.024436862969926   4.385480150469063
1.6034740192969457   4.6897296471672485   4.391889174018971
9.029686807068765   6.095744031746959   4.937120413274335
8.799277101630059   1.3642589333936872   1.6731059071508014
0.6241669297619379   0.3873513447224622   0.061879377373349836
7.707236810534556   8.396267396688181   5.510754910086899
0.010512991566985319   3.714104830814421   2.7819137622185446
7.146652986770135   5.779425746442471   1.9602735279113306
2.0751767701383512   3.6643801456400134   3.9131786634091195
6.3174474710095225   2.362725605034615   5.111615740403834
4.012617130813583   0.8681685477968348   4.045940920555296
6.042712397326326   1.0131170834833472   2.376685417712066
4.843914472875765   6.610234965232346   4.074698044921434
0.2636814327321727   1.1029619642652722   1.9653847868636931
6.960922739287218   4.460810895826795   5.225152903748861
3.476858821310211   5.776002719996866   4.6684835603955745
0.8853585081251352   2.722210566861057   3.222983762002875
1.0293692710824667   6.602999050464269   4.283731631302907
9.884332475807039   6.155680760717177   0.41417642302902435
0.4243198456832698   7.324324198775412   1.8225953541089857
5.396977162848086   3.336128194527465   1.6053416786706718
8.455205545717547   0.15220437276926696   2.3122399455720584
6.722139085213323   9.947795203359428   1.5223881132824373
2.5531617712105983   8.885397755685778   3.0712233818568513
4.956024830800797   4.2448590916153215   1.883276837326805
