3.360607547270241   1.5089701467589003   5.819277009439965
4.356028074842198   3.521497754747759   1.378032276729083
4.77641326112021   7.898150995020433   3.7899295164436952
1.3213281696327526   8.444306372685471   4.7217037997373295
4.46766228773694   4.9564803335805605   5.449082578128241
7.439422913891276   4.22357263476811   2.005647683952944
8.571879689318102   6.93969763727653   3.685302459055346
0.2631648438569876   3.384248458598866   4.113560569919463
9.239927779531714   6.194940131691742   0.9423537451315287
6.537462608288346   6.349130299655215   0.29768232119408805
2.3851984323606135   5.952870243646488   3.2005641600863055
8.053404868642781   3.2275642168129233   2.483997776925311
2.0358361651168493   0.22832635786092936   0.34705833648641604
8.483586619871366   8.618144248999803   2.0017479888005103
3.84331744533409   8.771575288010505   0.3965210543137758
7.004161397618275   1.168552031855561   4.007017911802132
6.140149296367803   9.09774988929602   0.4200099328681567
9.146857512842505   1.3886252267614356   0.9898031890633605
6.714041040635576   0.04636260496153599   0.6695343502767237
1.2504618226811135   2.4322082867085126   4.078129017121457
0.39373951396072854   5.558708297985692   4.4876440088543195
0.018463990057183688   6.873252276905217   3.89067973658731
0.6164941092157536   2.125699377838581   4.931628258440627
6.298112319294877   2.318654898023831   1.6025359603565401
0.9322637449300941   0.4897840620089833   4.364373407348862
5.5906095362782136   5.818652875175517   4.0617697715504955
7.536797853914062   0.43860098008277143   5.668826723667232
9.223559437646868   8.221124492581149   6.010489423598006
1.6351234476070957   1.579516829564456   4.800873405775675
9.121897547956891   4.139919324710894   4.540961157723861
8.78281272118741   0.7703016055779708   1.4351748182387118
0.6977384008437282   7.48639048218466   0.8745206148876385
7.920883644890018   1.2204060392297742   4.269949037170967
4.823077443896173   6.631635149420975   5.21140260379029
0.7320502304795817   4.449639534857015   5.011641934697001
4.599969551464671   2.443709370247662   3.9711883069424854
6.6078827831601545   7.676263468324979   1.7430587204117622
2.1936845027583987   2.620007009804535   5.623283795670902
2.387089782702246   8.984093562330244   5.386329428191972
9.36045113314349   5.3291324209856015   5.510294771322227
2.65771171676761   7.157840323193769   3.739353495290375
7.598729522449706   6.5316974565938395   6.214974449021544
8.462365471209493   2.3103198736162924   1.364063744369053
1.468939329052972   6.9947811803271795   1.105738175148442
7.997321961200518   5.580977880935038   0.012786636786973449
0.22874677522007297   1.3124871468281447   4.023219273858514
7.2800272147544085   2.288742277366991   1.6631568710506215
4.923731151841266   5.796098947417311   3.0955750407793228
3.8740359647810916   6.784940171495384   1.7140441790713778
3.566840275318807   0.30663088559017126   4.4687355770413
5.422919811063815   3.20599272199206   1.3477849538663602
3.624479422414501   7.638714473802922   4.778184072109717
0.09764042521180938   0.28565576102038115   4.291166684099612
5.596919806154459   4.000540171116987   3.2604194813086873
0.1965274226949399   8.07027822879123   4.219796874181682
3.150704527541773   2.8455256351827622   1.0664318570096627
2.3375047932681694   4.30448099089559   3.370271255764617
5.727544387018217   7.596506380935626   4.353226305621287
1.5140241963488648   5.741125010341003   0.4180790846570949
4.208827682366498   9.55559645058315   1.3444658262264921
8.85602414154604   9.452839152047874   2.637535975859767
9.730590517651835   2.3047170718965586   2.6998346933956285
7.416090307203145   9.372371122022216   4.2684435736308854
5.316421575977461   8.617228258625406   2.1041933596585713
