5.414724052237594   0.6375493614461296   4.468245841958813
4.515274879879311   1.8304564944497983   0.42470216289204454
3.678696608057225   0.3357907981817315   3.107814724696079
2.6750680843243173   0.0887460164309426   6.251382957028736
5.023545114423728   5.184484153568088   6.105474662969394
6.6769352058113345   5.433204218224241   3.1283015706444326
4.671652052536597   8.320463339205352   4.347342597685809
9.814776100961108   3.2457938827145467   2.7332161576609297
8.892052819970823   6.139444057946971   3.812649977399497
8.895300261163362   8.06146807761853   0.499360580569873
4.623292000369085   2.7348171403285115   3.030531528623614
6.424484016927502   4.80891512277461   1.9323751182368478
2.3020402680805354   6.253016045011873   0.6063470978407652
8.51976131893622   3.794587798967006   2.7956664673183185
3.3896419861850084   2.819478971210382   1.6897591199435975
8.028356743392832   8.839233792988237   5.339098027915864
5.929193052660851   6.324005151781149   2.5223169187678174
9.03498861304857   4.775878484036703   1.1458892594583217
4.916697035356633   9.453147902685677   0.03428403610632952
3.7812807213606705   8.499274157090962   0.683896842141055
1.3990534134549422   7.767375503691131   0.12223657728744772
9.765777163440388   8.981864063976204   3.772694377550386
2.112661353529586   2.4906563111992797   5.795542409354856
7.71986875041538   4.775147212723078   2.0492379088727453
2.2560051976649946   7.866135972673416   6.282708496778301
5.6758695081224975   8.947730785580752   1.524196034273968
6.817186844118803   3.4885768913691733   1.4857809354578517
7.493182246889005   9.800382861168826   0.08495822998123206
0.7420344902586559   0.862829345640715   4.356550670320033
0.09782808928415498   5.328318901727712   3.991376269111833
7.00565042097263   8.848322343439076   1.0227093564422325
1.4238398813518236   8.424752059181042   1.2318777499451479
5.889023785519672   3.4076151508601082   4.955853054347508
3.9835234131708264   3.481420370145726   5.080243708875673
2.6687679359638463   5.171882261692776   1.6612392524798738
4.224065673844298   7.25054306649923   3.98789589407219
6.149845883772978   7.664565242458691   1.748759591715366
0.5715599307306604   9.639822346755894   0.6352287458548251
1.3554060790813072   6.395448883752259   2.145564599961423
1.5154930339267052   5.279878608501837   4.4108875818367
1.8761150212535251   4.1695537721054965   4.0731351778421265
8.000504372336628   6.66819771315134   4.960327969446905
6.819696677368284   2.4585769860835915   0.9039287415646081
9.412371000082846   0.5738698416599931   6.263959783968377
8.103237305181517   7.788003758457623   5.637453918645522
8.805804021252051   2.895356663877949   2.3446706746226025
7.534270282900437   5.496161369443586   1.5847899555179918
2.886992145112378   4.188941969123681   2.948552751625129
7.8972727650265035   2.011678324334242   5.135498750753048
4.515190511727246   0.3386098342069587   4.057186362972034
6.122445108029641   0.9988563765911657   3.3775417396389864
5.721636157578836   5.709303557967439   3.7523323436817706
1.6522591873853636   0.6638634192713382   1.1096342005353734
6.880150652099564   4.197571358300949   4.651275743784771
4.733646893413826   6.401305775563255   4.376293557088663
1.5210891935058943   3.5177880426399186   3.467225779834178
0.5611316303440674   5.912925435841217   4.368521498005119
9.963888697062924   8.180215915029555   0.9138234745742804
0.770691366769209   6.972719906409644   1.5496931783488506
4.252556396889952   4.354076236797063   1.65403555348719
8.615232607731988   9.312537618471076   2.1460336965561964
6.754609945156643   1.7029661269165683   1.3028676361557652
2.5656140566311127   9.428242522757632   3.0726928357715892
5.6184216189486325   4.202795057296738   1.414986256488581
