2.6052669552620786   1.3135042204224743   4.830283124288485
6.147833234664367   4.149004070284717   2.110642800126639
4.009266284679443   6.2421746065332355   4.781930152848853
1.507757502371609   8.830702199733631   3.5165448578364686
3.103039731456544   3.7740238404149387   4.626571000024076
6.854997074985152   5.3439953625957495   2.0870783660954215
8.98671728293523   7.6671214231396245   4.382686962457026
9.830348533952275   2.859321315501034   3.4232369176531434
8.636846839242141   6.983383788657818   5.6119989682944835
7.677560477420846   7.668025913041296   1.4238292235778376
2.8550711597921654   3.0423468492202965   1.63512803106204
7.696184882402271   6.5390307352268895   2.5960615847127317
0.9924993783136518   1.1091956250379278   1.3522540223148882
9.060808399118578   1.269478717094978   2.4753175949450776
4.218949186690992   0.7409392724705399   0.6548559325023362
6.049059543186825   0.33747558025436675   3.5130892150308237
5.774414695720186   9.254769435503215   5.716331453397315
9.87214516228804   1.950323247739691   0.7955548220466349
5.318335124292337   1.7344038069646512   6.187864342587499
4.719668835254101   2.673718874414174   3.621588359975621
8.289311343312761   4.34616323603594   3.464463426404265
9.726255135422228   8.199302160049655   4.156983806260057
1.1727600683861594   2.588820542158755   4.756856796694444
3.985427367254361   2.573931387619198   3.0354524998605057
0.6523893326151322   3.9483100087746847   3.9386612843313826
6.689896949135043   3.8572093152747327   5.412072893150524
8.820037014602287   0.29812453771724656   6.138298391990585
0.35299646718213185   9.788649560962336   1.2509585149833296
3.4995675585082138   1.0214633539426219   6.0411058814742375
8.8763963741997   2.703395810921013   5.6066701376555725
8.168197233872244   9.67622185700206   1.6092855322503774
2.6054468989301274   7.06226496527022   1.535921916043415
6.320468466483968   3.075160004181454   4.4968361485041495
6.451839775959511   6.090919892357223   4.585473624518006
1.0856234596936023   5.018174060128886   0.4875651526861371
5.529954340098641   2.8888387218835287   3.7196730167160226
4.989458795597235   6.539620508763861   1.279830011789919
2.219387237652346   4.076130164637098   4.544495796926104
3.1686778074935367   6.530166649682901   6.19745294289675
9.610224179711734   6.4688562741782665   0.5428959470516327
2.0160545392706704   5.478347779281644   2.3097968089888994
5.956644792273059   7.731779566812294   4.912674178578588
7.786742968310363   2.446374060633756   5.4870053305596755
9.418070615722634   5.665377616388318   1.5109001521891767
5.2048092634872765   4.299641798283336   5.1453303125095236
9.006158267294582   4.425693128128425   1.9884777634786948
6.649318362433047   0.9248774075542134   3.6879496759313453
4.837101868650517   5.575861003058088   3.650354486830263
4.3173214377586815   7.244097724183203   2.3094231633839923
0.6702566429837591   8.656543455350779   0.2428393470105697
6.282651614391569   1.9587300546901047   2.7874382215150666
3.643655228290996   7.712770024548802   4.293714085373428
3.077660540448096   9.024398922410997   3.0162262595823157
7.535053614637587   4.436722823071463   3.877526968677283
0.1283855916787484   0.5934268282153001   4.727060359907968
3.8277766423567847   4.591187165138162   1.366507362483993
0.3821822072244042   6.226990083152292   3.056602677105905
4.310748569673851   8.402532620816146   4.739491669053164
3.064961243755728   5.405248295554374   0.6068833738557784
7.410884942501628   1.5728529330379177   0.22304435305480236
7.9535816296259725   8.60805851110693   1.5402966458119391
8.778888369245855   3.5046377041085495   0.8722994653963558
5.277942020312587   8.363393257930978   3.9627828520731834
1.906077996615637   0.660137976410312   1.4890066544312657
