2.334796491437196   2.1789076175049664   4.8615950244084205
1.7164622533835039   4.428890920418549   0.26297289905691523
0.6002804085669792   8.867127292907773   3.0811334109999615
2.3707915823359795   9.645656402945521   3.4961721466436404
3.198316114789339   4.996244715819656   4.7224923553290825
5.255839087842444   6.336603301574026   3.2601106341715385
4.884613788470209   2.374459076742888   3.682333394499678
8.319816846197606   0.7416183146698123   3.444423085880048
9.745093627186623   6.219695708223257   4.372816912859257
4.737452561679056   7.651526361938972   1.6630380194436605
9.369975914917068   1.9809374212067505   3.4297502662902155
2.439691870298435   6.736605594841576   2.339331754065169
1.5207751047550602   3.24114291784196   1.3069938633146316
0.5022046514139638   0.01097709678712988   1.5063717365665878
8.079940117208832   8.92422853349291   0.2662080511496616
4.570555632806399   4.035227384829008   1.1315896748171763
6.350119850428185   8.250472231489598   6.029351121307283
8.808429898127438   9.792897068396345   1.4899631732278036
0.9756985919498119   1.1895275932127434   1.845809914314854
6.586649662961179   2.3579448945793775   3.07853314666013
7.0543640318384915   4.445687074191304   6.05399534593806
8.718964050249127   8.708443247365807   3.4138813575056015
1.5175829776076244   9.674965093229048   2.3176274039260294
3.6460377652294653   2.951392657840435   3.183128459725998
3.973637610459916   9.91504811382734   4.3283877717085275
8.014434578437118   4.594272298090958   3.178412164697063
9.600876844657314   9.085798193843981   4.337728691458172
7.375655819982818   0.2660721537462635   5.188509406317476
5.0702009782058735   1.4808856600918898   0.2633067035196104
9.75445649316353   0.738011587725838   1.451108964728227
6.760412231143772   0.9760894998126101   1.4989065993975341
4.2325198391357075   8.933447124523234   5.218211322727509
7.6421820693415725   6.140413270288995   5.594312576676981
0.8335715669798278   6.595901198767355   5.923304388007533
0.39477716326739165   1.7895962461677115   1.505345345544606
5.810630670056099   0.07019989292492179   4.017269093547476
5.433806287967796   4.430277012937837   1.9325534439567944
8.753668788900926   4.8442105031662575   1.9730800306123648
4.869423259381894   5.2831078330744745   1.6275539156886936
2.275384266112271   8.304548129356473   5.238218171223098
0.4155648267789327   2.5837768390123195   3.1863108281493595
2.1287592118850913   0.8598625429976415   4.318649842299092
5.962985799368617   3.7074803694533385   5.883655314529978
8.100346290660982   3.179575486077121   0.0035733686595973146
3.0895968105031693   8.822527771040438   3.5725490315590718
9.897131165437067   7.025639838825011   1.119761707550375
1.5289798408498494   2.2865062186765996   1.8295625476767428
3.853441464737455   7.897162182428949   5.446911557895303
5.710219276999638   7.341264189249824   2.106568303347292
2.7245237739480297   3.1834442984997073   1.3137095485574626
2.4653018437632275   4.222822101556893   3.884412385407529
4.698839317859882   6.926401444133609   4.25153859649202
9.701852395377676   4.823748948237167   3.433547363117691
7.953796616631979   1.6636255410813567   2.9840296217244617
7.178260804326548   8.417821500331826   1.5209087074736192
0.5478933189412495   5.284032578213774   1.430788459499459
8.962717264346583   3.435403463622105   2.7377655631671547
7.552704641547378   7.310972163720023   0.045137031568055264
1.478178409366919   6.199208120776127   4.6973697564305175
4.353507508568835   0.598090126010453   1.0011972790788484
3.500979420401586   1.3316476813570037   2.941372057069373
8.869782766095135   8.002259832255366   2.1638215804756666
5.335114411488861   9.228184696956374   2.9510529011525226
7.130521516214286   9.165489171083546   3.083705476552296
