6.113285567433266   0.9865561060571361   3.9249238968014146
5.946150786104274   8.206347538824662   6.171292124382206
1.9978364897596248   9.931720072534912   4.141411094138841
3.1034550708467963   8.341636116561027   6.209219163028828
2.4815443666855734   5.005182174018016   4.245279877365556
4.94140693688421   6.238704858385693   2.2184189661887186
3.7353796878155716   6.743851497011143   4.5476225209047625
0.39891756222171915   4.475725514228784   1.803131057796212
3.475070680484309   5.479709737374878   4.727191566154394
6.384629308040915   7.315215380603011   4.767489178934057
1.245196038809567   1.2303885156689915   3.449513105178801
8.67678862866523   0.7632608730428737   2.1088910546034656
8.00214143176937   5.9394511629319915   0.31063351976537773
6.201544469028856   4.322045819918369   1.9492578378596919
4.587453486438383   9.020395640808545   2.359125488182326
5.486578322921571   7.306890129762666   0.5409973652733128
4.8726637030536   4.758501823955418   5.021027799984599
8.533929595139016   4.340675861946979   1.9129720291825834
5.44670615892061   8.972296870467545   5.860188777095475
3.8381879747116523   7.9002390259255035   3.100785474538876
5.306739118206812   2.773429448339556   5.4046054921321565
8.203710518650153   2.3639085988661064   3.056512575523117
6.350510754150344   9.025705476079628   4.148635932034108
7.554303900711891   5.108757406365119   2.169484123146867
0.9073570995235559   8.664791447173668   5.677835088492754
9.531133001525303   8.81139328729546   1.3471977135895525
5.942162830474281   6.12412984886522   2.3812038234019925
7.147222101259892   8.738293691993519   1.2327555348620785
0.02737827802066911   2.573410496738565   3.8380711027834975
1.2924630624139821   5.754058218430629   4.661017307202504
7.233295301668729   6.973609730430115   1.147974002076692
2.6527579190106283   7.753115799607426   0.7151307876063201
6.044826418578082   2.484034086006808   5.077153933117387
5.315498639200143   0.36087353369965347   4.283592465607141
2.2415070174200293   6.054669588285567   0.3551621298589325
3.730838631588867   9.221862210269894   4.868886932633021
7.056170390641004   5.8344408952114355   2.921695857689725
1.4511104358550218   7.9101301955871515   5.666798841347445
8.884080060337743   6.8734143640102285   1.3624936012104798
1.5519192765399998   4.325162822413669   4.216163807677484
4.240494332624944   3.833264375793656   3.3608419815864394
6.243436071616626   5.025459235902063   4.647879254271338
7.62786560832389   0.08280983786748691   5.484581130954588
7.209426513155989   0.7251444839816303   0.07669856387697394
9.696841426180226   6.09796935839422   6.273041513673971
7.292062990962965   1.5712281819951894   3.4229248559505967
8.669681068630153   5.346247129115278   0.9073765717913462
1.2431519625383731   9.839779741454802   3.325284271551148
8.934885842026361   0.06947368080750671   4.804460535567614
4.859399737931847   8.011766140209446   3.220763070568653
1.9794258435476328   9.117349500685762   3.8752997427864053
4.2859872520059845   5.237685022181358   1.856862462018293
1.7709573501833389   3.157733803843762   5.465593047809325
7.758855133122605   3.699622264023021   4.8902065487845965
3.974028387684714   0.7597065931491401   0.35915861588391085
7.168873565744525   2.5070520412688384   5.498665732523063
4.310372235788987   7.308721904099523   4.3513788234044775
0.5466779402842411   6.487603028357953   0.6341894439695233
0.26117956742280496   7.539469676298907   1.0856658822808252
3.268668254845178   4.629573985230375   0.22315845258055458
8.515265915067069   1.5469583526756465   1.171220550332729
9.09360239595704   3.414735880942371   2.7568003770711016
9.802519167541266   1.028662430766959   3.2014120273719215
2.433113354433294   1.8194752125147713   2.076944082983437
