1.6587441683007729   1.8400765172686806   5.37138104728974
5.34889071921396   3.5930757910019895   1.4005522426316528
2.5339456002685465   7.528976318279968   4.437388141984478
2.0449571909863535   9.021334427502833   4.180388786425002
3.686077780650639   4.795072923373498   4.944819635621838
7.16688729193725   3.9915651824794964   1.749909400840875
8.891167673636225   9.71287846842499   3.5820145035903836
9.8582855945432   3.124698548227452   3.339688945253764
8.291685541089402   5.911801248075641   5.799953962301743
6.5969608587353585   8.556343221255702   1.1197943299725348
1.9242355181117083   4.453138621538263   1.881058105198574
7.263934373108455   4.831594177919957   3.31436176918842
2.7044759923424406   0.47904761702740506   0.744534653301683
8.573488852560834   8.759236892616295   2.5663423391451983
3.186105884285068   9.851923651650127   0.2791915178201797
5.610695981072892   2.0730929980352917   4.368617069324814
5.228115655930451   8.480694717441958   5.814083694378019
0.4999128146397561   1.6068653289256518   0.17538631047538294
4.700320826987175   1.4760830669462188   6.06027193746278
3.145235977725436   3.0271169471626935   4.043728644072619
9.22481380101467   6.250125172307157   3.7695634280665247
0.13945284297208893   6.2932957847029805   3.955382228316208
0.6502364442770828   3.4587192139911185   5.145772970936278
4.1154478492756175   2.1600291868487447   2.6121858234439705
0.9162863144784616   2.811471169890232   4.009973036828894
6.186060455452426   4.707440240946044   5.028234090382596
9.526177562043209   0.422647140263696   5.658228363354411
9.571909833450071   9.028965419598817   0.9350720336209343
2.698006634410987   2.1802674463998066   5.1745343281899325
8.129928712644825   2.096143434084549   5.17274992446226
8.035989777836317   0.09937767967971778   2.336879579907294
1.516082720770679   8.02266725256832   1.5858362429876878
7.303322912960773   1.1368691654353045   3.9793591529775996
4.471351351034036   6.162434076866403   5.186070126333829
1.3448911327073834   5.009004251506983   6.014657172088485
4.817724515583213   3.0016142290360777   4.039853260621142
6.026272110987246   6.64721025535913   1.6981834662467072
2.081690739456478   2.621648534778161   4.457299776485398
1.929807682083899   7.011892829538257   0.009524423015333738
1.1566411731298367   7.1808434542803266   6.255138491310697
2.58769181676593   6.64933985157864   2.063021683315556
7.778542078545841   6.620939440686886   5.571569128270827
8.224451396694548   1.1295663734670782   1.1178351397960027
1.5368807275358367   6.42629330048851   1.0403432419275138
4.966539272491733   4.513151805219707   0.572280761451185
9.405439189508748   3.810134649442593   2.1135306872622546
6.289437378186299   1.9969908862382009   3.2648682076040845
4.324218186322738   5.08559150488254   3.7089045222105526
3.374359461315017   5.765303763117551   1.8220506600109652
0.7418781325554652   8.299244466624105   5.263944351362422
6.341673354016028   2.963078701264971   2.457074609513229
4.024467580045318   7.816162758964058   3.4220898136419375
3.0620811749855643   8.598403989296452   2.790042254676629
6.298989050601452   3.909703549680258   3.9852235391843593
0.8598834010259404   0.275467123245722   4.087073808813092
4.015962477903018   3.9956748619665388   1.3227786583918164
2.559890485154647   5.75833567971937   3.926776393434005
5.61983218816478   7.549265852064588   5.187558657970217
2.75380937336773   4.0614282186794854   1.26672608208283
6.407979510499355   1.0274852639960275   1.8539682060073075
0.19601300963846247   9.486632546862564   2.0503521172866375
8.204923840403273   3.9134218666275   1.8026559127275346
7.489588661414538   8.920648016986965   3.4824166086927493
4.532114699928353   9.228599180593163   0.6512903766470521
