3.177992504932488   0.5092619265674975   4.006601895745667
6.436632574639243   9.876192591181322   5.6566609771563865
2.09123170202832   9.8210785214298   4.156449825855898
4.083181038109546   9.267079216244047   0.28425775094226086
1.1912772714150133   6.030886261993995   4.32404951412056
5.826643021048214   5.827109831262937   3.0186689602200945
3.529798650531923   6.804654115111391   3.6610010812284512
1.0920480231000416   2.9651345261189967   2.9110510124189277
3.2338422664408233   5.0202520949209095   4.063762730859738
7.237519728187297   7.830810065065212   6.084825228115697
4.293020833603604   1.2715202211154262   2.5471706742649856
6.363909339753664   1.670376883479212   1.8663489449197432
0.8239931399069655   7.023295834801642   6.027203860188523
8.191326328387598   4.851738964781052   2.1817243889792346
3.3619159550878375   1.4596722334820138   2.4877729898354812
5.8933202329504875   8.004799009196592   5.406662590511091
5.245016926282825   4.791980926481129   2.9620119033800667
7.309946184871669   3.8443371081195212   1.4380601176914207
5.386404441355034   9.745292764082405   5.994970782092532
6.203193973018499   7.073694026159152   2.4529381764711804
8.705875441682869   6.5383269273216165   0.22545673776141173
7.939256082142479   3.0941538546792224   2.740590593667239
4.879240216107212   2.0700003823329465   0.08928586668953109
7.734911532156801   5.917792700993779   2.3245920392048527
1.4044592280920798   8.704120773746839   0.7390572972409869
8.4035470796031   8.103508987546412   0.4183707325845757
5.933864251695494   5.098315378801551   1.6436065107553877
6.409917168910584   0.6571554758565639   0.2897871076588775
8.993405456590688   2.5932755638803044   3.6604583752608764
0.21364401556218482   6.52394419299922   4.8004834712378335
7.8694842693511395   8.967813780093266   0.9895616475116308
1.3778703944883344   7.733274724859632   0.8038869794120214
6.964246514208106   2.527040322905667   5.565124935435
5.083334425756893   3.0245315879548866   5.0245243986280945
3.634072758664099   3.5070393893559393   1.4715585908595872
3.146701198616704   8.202499072367253   4.553249846152014
6.521279986056015   8.404985797528191   1.80679998458294
2.815542260554932   8.755129582860107   5.410435998359288
8.37241543099326   9.466685644110504   1.9307678866679745
0.12437126177479929   4.854382443496013   4.71995452206201
1.7204671365108835   4.43884855154138   4.8093743860508935
7.181576671486575   6.908143674850989   4.916737981215493
5.290984918117585   1.0220562669397646   5.601953480335381
9.067365772214023   1.1070303760079625   0.22520691927867598
8.304393502522554   7.205664338419283   5.0446652719455445
8.268531637806644   1.84419328458939   3.1501820267185496
9.120368365648554   5.279763936243528   1.2815148563146743
2.2715517719393787   0.9794320477359604   3.17504450350933
7.418653311153425   0.33908572164971734   5.178503415821114
4.5408221247612275   0.12655381053750497   2.8105202565070435
3.2490698595458305   9.55161656603133   3.731305034936686
7.041797986020142   5.540725434300451   3.474494311761015
2.4875843568042795   4.0776005409225515   5.724116407482456
6.24546156655407   3.766842409961996   4.610225895256458
4.776674836149706   8.33783679877449   6.1326547410577605
0.4998633244824029   3.4416488770989364   3.9904677187310083
4.14349796256222   7.681123708678892   4.669518784929823
0.721281357813025   8.456014046002338   0.6506342724500547
9.9239245110408   8.018981604140896   1.9130763942776476
4.191091533055976   4.903281779936586   0.728273781370604
0.6269153573641884   0.3805320909679322   1.2976413482180855
8.791436719160423   4.072447296478279   0.5733521188628569
1.410219700999292   1.5623371160114519   2.759253697628891
6.015819663862167   2.851479632768938   0.807737362017415
