3.291487246923763   2.228682438113316   5.244213110312839
2.9105675762110357   2.2986175624134892   1.9403293998604147
4.434713503522954   1.9790340032441183   3.282680833400377
0.42880927301302807   1.571380053365672   0.8889572591117376
0.9013088867706086   0.5658353217734542   6.228981469749037
2.934237281722908   4.628955490917516   5.371509542973738
4.0574838057205564   0.6009563975281256   3.833738588200272
1.1155098513848336   3.8850980404540523   4.921651762015346
1.5239906919577342   1.9291952994237815   3.2844603915029476
0.046598530745776634   4.646348395210198   2.825281795534593
4.650548159786501   3.6274479224048015   2.550755191785708
5.215864752655047   3.243695100565865   3.5891372861794593
1.6541385835331304   1.090893749016617   5.318095623954214
1.0184533247040373   1.6043167521990453   2.807148707112945
4.76621486894195   4.516238830400758   1.9362164651703557
0.2398325811017799   3.949363153143513   5.439745527558748
1.77824701585864   3.3243943985853464   2.3454746022345256
1.9711067226907062   3.742947811893284   5.245148165881609
1.0557177798642368   0.820837517423986   3.0983149518133626
4.57268314063626   4.101945441266372   4.8774425347573125
1.4759666029007255   0.45697804768992406   5.643630020706854
5.209725949524546   1.9845239871567117   6.240991755582242
1.7070203437282492   1.3168196209432723   2.224500568557099
0.7577433833390408   2.422153317357549   5.026134080091706
2.05684137736566   0.2569764697662986   4.536371909564865
2.6607084831724914   0.15819634471247312   5.926376051217142
4.478681947773214   1.1002346880026042   2.0254377921105706
1.6911976692185196   4.346318867562965   4.513314443936379
1.8562028486066584   3.109933037186727   5.36205495088033
5.218453815796202   0.25756782316104965   5.796485472435293
2.445370289139142   4.155845483440547   5.1655704649745395
0.9729069301268738   2.7632352116775007   1.3877707228414067
3.685463041719157   1.6453754970688708   5.77530120510244
3.2086148190862964   0.6156642344077423   3.306729704790618
1.419028219361787   3.6852695637014823   5.107669694482698
0.20805046105127034   3.739502794700316   2.2979891481117023
3.812689011789889   1.3616949673574141   2.6303046623403623
3.773224898221196   2.7857143006407297   0.5887205120172048
2.6697219474617127   3.6287618704385065   6.091662544945204
3.7816398955930532   3.8523429211736753   3.2779111322966163
2.728868113739133   1.2667867039823468   6.154249848085802
2.232849715180178   2.705905513724514   5.896412905618108
3.643816550829061   2.0345228045496624   2.7174466224865554
2.616218137072235   5.011812310135116   2.2411570671379426
0.2086740608238461   5.244089083523562   5.3700539740553905
4.9060789156679165   2.3907362801690004   5.21284066075299
4.2001173460820524   2.039379625128994   3.1651411239037777
4.364493831097842   5.057795557862245   1.5064626287466032
0.9804672200849891   5.18578833449115   4.392648761503807
3.324979771414056   3.274439509615005   2.2540957851915033
1.9729532014984184   2.6403217282207643   6.20826815183256
3.9129922008717215   3.781079427272311   3.251792523931718
0.740198319018242   3.241177132790623   1.7863136435127116
0.33250053976547245   0.547334048343022   5.8170152031567355
4.2495713466436875   3.1623714181293847   2.835542774898998
3.3705408764804896   3.829654787962278   2.5557804955325034
5.111298106121768   1.156370109819672   0.42702364971950985
4.73607488978606   2.9457442050041744   3.345577001984511
3.701877046308214   4.596651257441837   4.873254355974096
0.02021581934429373   2.8647395808213827   4.146712975786422
2.9945383685371314   2.7664084519314036   4.702315867684725
0.9223938431292333   2.1358925413293286   1.7545911760112491
0.956855066990588   4.432307106259444   5.862978682005852
3.615054998470808   0.38741614144007647   3.9067397161475688
