1.55234571294397   0.49813105069765184   4.234641787003876
3.946917650892609   1.9664481988058198   0.7231274737946249
3.070851069702103   1.615030080127096   4.4557738544856
3.6353435105923975   3.6640069830066193   0.033265846402074
3.339142778088943   2.5616555345481404   5.948437065155361
1.032855461787543   1.0444817841531737   4.072783123686673
1.1481357880700238   3.805069594501844   5.7134007890673
1.3102273837951834   3.5313359295341606   2.454485467424783
3.045564667362859   0.11040512549183112   4.279073557160248
4.80810071741554   2.078342578333341   1.1622710621553591
5.216364958485   4.4823078118100605   2.0872697812856136
3.4748824021386246   4.351519637364678   4.677448946659133
1.6978148605547339   2.7675214135733253   4.466450170913944
0.7801247189371491   2.7943995950251783   0.46971383407640166
3.2332756379134593   0.6775231622761035   0.14369876246048502
0.4312771365915953   1.4700430138616039   4.667048034485739
1.3386146051725882   1.0573475349517665   0.8770888454154053
5.265888907149406   2.608888942527834   6.167281843370765
1.0765517981414705   0.535213795823761   3.789725713918155
4.985227184782866   0.4730905198812549   5.232374815419003
2.7928941221806505   2.92258886414958   6.078920490589691
0.6272997515178544   4.783450603190465   2.1226471227504486
4.258626281767198   0.877112844308331   2.230800507470613
5.101860335013959   3.2614378230397616   5.70526281675439
2.9327360410167906   5.03436455329515   4.654427210509761
2.270567743174344   0.6626710740526809   3.7407027015081247
0.4285691897777541   3.688065810771378   1.2493074927123455
2.0992084970105394   0.08206226952695683   4.37462838408499
2.6351033577448044   1.9030821244824923   5.131500318687959
1.3956703400168893   2.625032005474672   4.265296192146519
1.4218124982721478   1.4890878385000739   0.7612665351598599
1.6334250625329232   4.875921560057146   1.227435229962236
4.718568731632537   2.726348556044705   4.713338623749919
1.6107249887982784   2.0937672178712203   1.5363620399100206
1.014226430550214   4.233556333429769   5.942595809913676
4.387668339994457   3.5251132880086575   2.7158939720432707
4.147901095360525   4.681703040285128   0.599568268586461
5.143050555125794   4.149896714263047   4.7768677445669905
2.154795297536592   2.961327483640867   4.715542082858977
3.969646895461563   0.2184117569334148   5.6563125037476585
2.008315211438118   1.5220677287401494   4.641289440541621
0.4092295364059816   2.422096485038176   3.7742236530802753
4.21181801906155   2.9567821527830653   1.3909351976364495
0.5167099646526288   4.49130009391149   2.0677484108258932
1.065537510065675   0.04522986943846519   4.6160138489766975
3.9708546379563345   2.4153263018665245   0.5608576687643254
4.128806313172882   3.9701229363713155   3.292973281787696
2.9845841187164686   3.441331105520435   1.124469899893871
2.509474062017969   0.12456183411697416   4.479568820574098
3.3902408838921203   1.0670783108297117   3.5887633451642347
2.91208258538586   1.161501193775691   0.4454581747507085
2.6077108672629636   4.749968765154655   1.8219733109383478
1.9724570798453396   2.3629429662512123   1.7927809520490006
4.930143494686307   1.0534679835260157   5.744849267877881
4.866306943515374   5.061993962711283   2.571836158337959
0.31392007789627374   5.110976010933026   2.666304690700925
4.623057653886943   1.512333354425798   5.691538278399391
3.098166353328117   3.927839059911934   3.8569722957274326
1.707335081645609   4.042558146681218   0.8327051759881772
2.0429960794372093   3.195834303545279   4.995287772485045
0.5039985455271561   1.8527159539471598   4.335880141735101
0.3415662449646798   0.4239441424317566   2.3402539723777127
4.598288896322111   3.60760779569375   5.750231705415603
2.9050429309775003   4.5280188307720275   2.177835120845826
