0.925747784448806   4.6891864710970115   3.9893283284563066
2.66759583503188   5.215116817861793   1.1967073434420525
3.3927025176909575   1.7512294304100784   3.674881716239344
4.870735941263588   2.992973712968909   0.6054731709170345
4.170951614112904   2.485376271468273   5.570057687434899
1.5240543465960876   1.4911557848669903   4.105504236565988
0.5394672083087277   4.222912804882524   5.632795858706108
1.255194249002845   4.054151737290385   3.6776408005781414
1.6156629513257443   0.7480851507215205   4.261389869093658
0.08326351227774598   0.760875274057268   2.003855905187779
4.231397424836811   4.418696183711708   1.6844140472052092
4.174593209914532   3.755865313055748   4.158451710990833
1.5928407053105365   2.914637771050283   4.112843881160596
0.8038850075673745   2.8535573552629954   0.83586725273472
4.123310382880865   0.07259672998666866   0.4126646690863825
0.49936540894963144   1.1524534081180733   4.443094887958277
1.1104350557735132   4.847669948405459   0.8555971273909962
3.429123831138289   0.8015138040171181   4.880560955756213
1.6739064083425639   1.2427565998617518   4.124271554865224
4.908280702405796   4.359735618133591   6.065512492940901
3.774699358539553   2.79487057050504   6.1901606245307494
0.07596566624616918   4.748384561140212   1.9464475878108787
3.730873048504509   0.5306399175425937   2.361962908394324
0.06583234044856656   2.0121871459956058   4.374026291408953
2.7741343420059836   0.23194577950598666   4.290164740226992
2.7885993013442727   2.29919401469885   5.115589656477148
0.17154132325073437   3.587423224862098   1.9598072019643493
2.597752878431835   4.8867057875786575   4.489498796695099
3.484163018657699   2.673770194119535   5.994085489507799
0.42111017803890327   2.2682686423171234   4.575334037697355
2.5911353436708455   1.0714302165535485   0.6657210452895944
0.8656853867928622   1.465447536445287   0.4144266836640779
4.25510619882845   2.3059066225799363   5.581445996895646
2.1372301007321153   1.7638432040401923   1.5343619800437058
1.8751717853405174   4.633092052275024   5.849111901788506
0.0312577494204751   4.158858775920978   2.7883072637336896
2.142382492046976   0.09606253645859603   0.5051250248893285
4.919141685071262   3.755884299050902   6.007851297215293
2.280968093439347   3.3342478901077555   4.901684177044609
4.389604585435668   4.72900849581758   4.731710699919536
2.2951344998151773   2.4484945341851287   4.601137436442613
0.5714277780060152   2.8087667759563315   4.070325807559405
4.5437730691752884   2.174437888246272   2.644305130804567
1.2956501916752958   5.190211275518457   3.4807696058672244
0.35423149885632055   0.32555238639442646   5.27098208503406
3.073684043304904   1.7777096812106143   0.5231660805656092
3.9733018437271164   3.15385458883917   3.1194944300384546
3.0127456671580113   3.9680748205433214   2.3465825592277247
1.4605619145023916   0.6218062907907687   4.154973547256561
3.363360608054303   0.029316463436696583   3.623891036212063
2.9578180516607224   1.6148799708678283   0.6509201079288288
2.9327394126735062   3.0844332462835578   2.2003812627847585
1.3100227220560055   2.053174720609343   2.134631850532305
4.719462514420214   0.5196727228887843   5.938965465300022
5.037478410428813   0.0047271895531038055   2.970615596172808
0.28604041322222057   5.176929007095342   2.281723159945639
4.691369012822449   1.0893636128053799   6.18028824588307
3.5392784024037174   3.6125066286003316   2.88264019967064
2.3729275509805223   4.283457019877067   5.801438185308616
1.8159418627770338   2.9525618810365875   4.17931941856476
4.891588198427222   1.6711302249444526   4.768350011788455
0.3269637726800267   4.302940914844105   2.5809729166999285
0.5273021984572472   3.315819313232675   4.935794439870536
3.28460422881228   4.5930553122951885   2.0447531405461143
