7.917119986890389   4.595292728744531   5.224832363618014
7.65537466650544   9.452655992021883   0.19585114715502067
7.213392628133753   8.018601795046022   1.1905497389934794
3.304873835175632   1.4406748115878436   5.782500863138762
5.458505403090479   2.3194429189328023   4.011118042470754
5.871946548680267   9.556596909383615   4.838322831437967
2.69494258226652   3.9126308949147908   6.280685927480164
6.7796005574928335   6.096480665112226   2.001577412684432
0.5141393294860102   4.667515739287429   6.223655232963119
6.669014986177269   2.3113596404685928   0.6577127226438099
6.821520670553506   4.708549731313434   3.8092661792324747
2.7599683360536824   0.09269632036360886   3.3179399132992797
2.0961505952921353   7.554896116040993   0.26832838246498103
8.664290325939609   2.7330795593735404   2.2739531912157807
9.048681939725707   1.9822772783740548   1.075915187099412
7.521507530058884   2.6931287417009093   5.806916567902145
2.450109223106501   1.0950859649070925   5.094852605884346
1.6591529330953672   5.228747838746062   5.503370409528925
1.7863590738983406   6.473808843949248   5.575637519770631
3.352577286546658   2.9630058218606408   3.2821293035455947
1.3764807696960792   8.22643757418475   0.7270640291379038
5.068383674607479   0.8108225216720927   3.2489035171221405
4.31896937885477   5.782745180243295   4.60497601894062
0.5278891725573869   7.997627715654263   0.26251579009176484
0.9002051943388649   2.6213790485614226   3.4152728141620745
3.0526471895494702   6.98291768778292   3.827614191952729
5.57057611375107   7.414680382973448   1.252709711166337
8.4289436806547   6.458938534335867   1.9161609208536414
9.789527363819184   6.901297971483973   5.820492131815175
3.295221021313791   9.080481065545111   4.522036410175132
8.429986493998632   9.009751367656197   6.007686020286298
1.6980119178339599   4.013586460883967   2.5083632232226414
4.782350827849555   7.177618712980383   2.7554787446611613
9.562465169140623   8.607833079290664   3.7254398355652416
8.86295797086421   8.195101011469992   5.447029462189441
5.034947982354318   9.323788276569921   2.624067693130285
6.166014410846443   5.1698657696636285   0.8409950038356084
8.145317089230266   1.5848821999701408   5.1971151642277436
5.199620129611078   5.666404997344692   4.627528358066268
9.312460704227416   1.150455683988832   1.72324946715396
9.435311841179681   4.137538516594516   1.9280002293526015
7.013061923455708   3.818828767053887   3.088620791517675
5.203659402667293   4.4833818480447665   2.493012793136035
0.47093275219490893   1.6762588001823495   4.591832556578357
0.6286926936241434   0.8200117452826003   3.197591607052528
4.229969158461151   1.1244131858286983   1.5904798303976118
0.8665758245436221   3.881449793938307   5.558194626548834
7.355511129392616   0.37145698566713353   0.395361342067181
8.594567975956698   0.7012690272587285   2.681297587546157
1.1677307219634594   7.285728965532426   2.6360185140056225
2.9239869489329298   7.665404537916016   4.248341992810632
0.3944108219971464   6.098386052834066   2.0675376266754424
7.928300743375285   8.368613270545154   3.832820376632463
4.009111719389977   8.179086722999957   3.705508962850976
3.370459643430047   5.920219926262275   4.572788593668214
0.1065681054652361   2.8830964444628067   5.060689166123335
5.443868242278618   8.167625236413482   2.8765416511391333
7.736518345334657   6.777630752095863   5.4447092663768535
7.484945341585455   5.566738745170312   3.8659149528644337
5.985953896071401   1.0449365590960058   4.255318071476881
2.4364705203083696   1.9819194460134626   3.159753572638824
6.334238523511455   3.2332209900002575   2.9101141060644182
3.702740578665386   3.980447133949033   3.38790338523282
1.596965521075278   1.0351684004596082   2.2996536429417618
