5.882875809257102   0.28954760242977956   2.9516445418651758
5.011151759281238   3.411027307330581   0.20917177866416778
9.506943705581744   8.953147845683963   1.3426374651931718
7.274254151958162   4.270712762684986   4.5087714005461805
5.376141095470461   9.12444137115235   2.821949841335177
4.793244900367027   7.803831474400257   0.9316119319690417
9.045066102329114   5.724220627677964   0.774585238312317
9.448932031312328   2.529879481376567   2.057778639141509
4.558664049631422   4.993287103468751   2.69136738161935
7.075135622273821   2.750583534711603   3.452274275732937
5.960579641686744   3.1870823560804826   2.4120518972108695
4.413329406266648   1.1084106789639123   3.8918628170142915
2.3129377172560392   1.9925893389501452   1.0673288214741874
8.353523097319819   2.5843789705777684   5.170400659446543
9.147212231832434   0.23579595520343427   0.2315825730525663
7.773732153607221   9.449286213706197   2.797562787253917
0.18571071055230642   5.6910399911343434   4.649205629732917
0.5530501352773982   4.034097833166346   4.132003991759792
2.283240848903489   3.570684311233264   3.652617291719734
6.811263051796958   5.186168343109265   2.8981322108117156
0.40123334337505706   8.415561343431362   3.5340173888333957
9.781264699100984   6.698788255215428   4.33736370322291
3.309991577411723   1.7114119622165878   4.559061330419438
4.189816742390963   6.833561943762261   0.19256938385483166
9.061200181464107   3.601841777482233   1.0839542579309303
5.976590187021857   5.134142957377614   1.626933849487161
1.4441284044179   0.1443733165174691   0.22898174814441746
8.780477612871003   6.770172175355294   0.34410638265333915
2.5444511333667914   4.306891568901256   5.847982244592339
2.6975040704056434   8.87852217961812   2.977627525983621
6.71605003957162   7.210005720373453   4.918713891417351
4.635520302619255   2.1278944508782693   5.885722217651124
8.08507130565898   4.814413952849014   0.810482976896729
7.362490594970253   5.698434434568138   2.992491274143572
1.7783363994289358   1.2851600013791435   5.199519521934187
4.132332982528   8.96828280520453   4.585725150207967
3.4017594058625633   4.931458464711275   1.2146274713568814
8.454380972838276   1.2200583007593684   5.763472252274496
4.761837457663313   5.890497107607021   5.412807213415947
3.2979669436949686   0.24920198040006802   2.3788585588616913
9.325901319871488   7.9567558209507965   1.5777520262044047
1.1925002520453685   2.475545202631908   0.05791519992720642
0.7841635051223863   1.552770010260529   4.901499927956074
7.931323814449836   6.715296324867975   3.4255569447614653
4.709099739112783   0.017203530691279667   2.8049349865211073
1.9934907939994995   2.703958660559085   3.6957533913796268
2.388930978406848   5.207137746362985   0.8900386976157681
5.086266412227012   6.894350512259236   5.164776289011972
3.542648085382525   3.9661313496804818   1.8391221007152851
1.4421841692343897   6.478068479823506   2.7473598447045844
2.3062103918520815   6.03273900828174   3.0232503226018723
7.615522146253034   7.431824845735684   2.3081124592724747
0.46196235321669177   7.671267875479549   2.806626481549092
6.671196706137739   8.238909418287175   5.844303099586668
2.4555270141859484   0.6234089263287832   5.149863634462208
3.119833055996024   2.7824358004804384   3.967826236588705
0.3097419079574617   0.025478313589804458   2.1720525974236184
2.6930307386275345   7.243466491204233   0.665943550053955
5.702464103182085   7.551230394536909   2.3290787857942203
1.4308363197585972   4.689438877891618   0.6106551276764508
9.621500060311341   0.9262536389410956   3.835372187282127
5.308391473766477   4.410800768620889   1.7619551272771248
6.778070016068058   1.2847620009531926   3.955867743984333
5.856876340772413   1.2198464255938464   5.877818882375912
