5.51583986863165   3.650950112138188   3.530744846738801
6.592632359263284   9.426210737802252   0.049170491181168244
5.926103407789096   8.090570579799486   1.714432160717521
4.72642706266757   9.59050179668838   6.017978922234258
4.171831232413784   6.550312334641074   3.1820324938044795
8.708778100321918   8.567529930200438   0.412343500824531
7.103847134678235   5.02648187631607   5.809933433380611
7.933029204251456   3.037787665043708   4.053698997983062
2.68116180122664   3.6379826306029477   1.03888669092883
4.806214699278246   5.245792938040788   1.9988188934468765
8.403417893060647   5.293638761838264   3.4374615806334288
4.551277279718656   8.744482544944226   3.7630279349791493
3.848873894853041   5.767462690320844   3.90237194862914
8.392175490551475   4.139792871330872   3.2566947922295992
1.8958492228006003   0.2959152550920252   0.8083578354071501
8.96370986939579   9.591557474572907   1.6005298112663688
8.791114592927222   7.486939704064403   4.137270078629652
0.8890880046109133   5.557883975165824   5.1044339867252315
8.742440477251058   2.695147301590705   1.3115143055199379
9.737581497450076   6.610322973381884   3.137768139388505
3.6379129553461786   8.58098087329972   2.551209535618075
5.39438247223471   2.2764346843420324   0.28828672789072635
5.100822087001996   6.360798183760972   6.124037348359359
1.8568799044069997   7.713985490030675   2.9620709625188395
0.14744982828016795   0.22351507320958874   0.7741305039159182
3.2811452330618494   6.324984476547835   2.4426988086816843
4.754706471406009   7.87513197019308   0.8439738892847463
1.877496888352813   6.9076433796819   0.6612190308704591
2.8092622800009255   4.8217470616794875   0.2699775550725423
0.9926715550172251   0.1863029174226239   2.6531726041580876
4.472396476325867   1.8206654441412138   5.279238033853619
2.900524465116448   2.6836846046410563   0.8399288411321031
6.711546522352604   1.464327339958802   0.32072117677874645
6.435411472695102   3.915385059391558   0.21876151118403936
2.1455118347670963   2.6284339300108206   2.4578854976975877
0.9433100826824218   7.933159998262014   4.236254556776173
5.72751612420685   0.3319119266428837   3.2140179416378345
0.9673662067066304   3.951420647807926   6.221796120275286
5.7884710946909905   4.789505243780892   4.853711276863147
4.366013892981472   2.7050516281091572   4.323616015229051
3.859192289439271   4.599747751804714   6.239734117985364
2.1171635333936476   4.345344168952313   0.34379410579838116
3.187429159979078   0.020002954062358747   4.826995951883834
3.4389339325988213   3.6431599898072817   0.8695308007140321
2.717988605684869   8.544310084295557   2.784220819684668
9.399079448682675   1.7653982202032683   0.38115895439096575
2.9960749914293476   7.135528342800818   5.400034567441915
5.940969080419613   7.147446348822956   4.7222893232137615
4.020004376047764   0.6181723983056658   2.4442102383518427
9.221786718099747   5.195231252212922   4.2286633659519755
1.9406211739144776   5.866566481165482   5.306676206207552
6.064303538061439   6.219469087750376   2.709626787836264
9.676596498847045   8.027298369642669   4.581445042739751
7.134962533761567   0.30211408553278446   4.36119367046339
3.2557748054811126   1.0888473199829876   0.6482857689808291
6.77114194090867   2.313288501575151   3.2171903783757805
1.323564473589098   9.150199716558276   1.343307787105038
7.151785711853026   7.044142655974297   5.959259875735405
7.756866282123288   5.864824782782224   0.7768745007731847
0.6603221807413249   7.158111555390145   3.831141775844959
7.677416070975057   1.1797723948744525   5.14001811084418
7.812342901489853   7.56674578879603   2.2952683392542084
8.439966724604792   6.543323613533681   3.4463402334195177
8.242506214331586   2.032315517193669   5.069003233940732
