5.834230576642016   2.2263298536808187   2.713080554831821
3.5472468545422378   5.02852211426801   5.915402790404598
8.725814241332703   8.465003643082266   1.4828125087437827
7.554832472667124   2.673797748918627   4.743511972738092
6.39579814553307   8.86516976847663   2.5092763994465552
5.278969016987608   9.11276335048511   6.016910003786617
7.539309993167365   5.683240873979751   0.6796856788367451
8.404451772556746   4.9878449431739895   3.3392425508923447
5.001328455898204   5.816949384337043   3.589879700989089
6.571419421204413   3.39714794953186   3.4504277911197407
4.7724379379755355   4.503486648434013   2.9627531449320794
4.876498907860911   1.555048569445102   3.568822165844842
4.013029993162051   1.3916865951551074   0.8637848150414936
9.735113106515135   4.7733653112997665   2.7527388236346746
9.33080672129532   0.1007001606261877   0.1544033351360234
8.413819357051992   9.256743895966194   3.012017363851374
8.575288645953249   7.4950194317515   5.200987037365442
0.9857465755992821   4.056315798000137   4.663751022837517
3.6491962301073917   3.899090898413882   2.8975639193987575
8.240318594423298   4.045130507686698   2.4060495671962827
2.266604587208003   8.286831076302082   3.7151067212688167
9.490517730350337   6.079257373154626   4.559199946095916
4.0232538870277255   2.6712497201840297   3.4657201148989776
4.024455278130363   9.529475869418324   1.4534474475220742
8.938747463744859   1.068263649037478   1.464878018036231
5.814258297237999   4.88646241843462   1.7400382486180743
0.4535734770570813   9.12332349242494   1.1144312816093944
8.277264355077127   6.4924527984100715   0.34996890195823116
2.7266533699263635   5.488199395589597   5.103612533113355
2.160017214986815   9.62592945801282   2.224725384066311
6.000266557082132   7.822256079212366   5.571777373233754
5.073816197537306   3.277284850164201   5.882971877407033
8.437500785611734   2.3955429548344433   0.9768424978131569
7.2343614306476285   3.8840439263687454   3.443133818596007
1.8936249451335052   2.2052824414864123   5.640036777901048
3.096088576396817   9.443174983943836   4.244944949289757
4.721725312607691   6.985624258173412   0.8670520034944307
9.415177589676293   8.017809916298141   5.979325111810704
6.254838012482724   6.924536525648163   5.966259815887977
4.9588427241119195   0.28638265003975616   2.962852922542004
7.140224312073538   7.954620533002776   0.17985398252785942
0.7909517771091761   1.2114633528514163   0.30174099113191444
0.3309795944856305   2.1225128785618943   4.966984426477878
6.190585870650833   5.586581371532823   2.3646298245127144
5.9854873551957155   0.5763610840215709   1.710596049873348
9.319715165772715   2.4165150107932822   2.9084013172929915
1.7240732174165692   6.524241810261524   6.02954339123905
3.4258423437706824   7.353861497705606   4.226833031129511
2.8386571847717965   3.05930191591266   2.188006069259094
1.747517668548574   5.583399334775793   2.5603621909249883
2.6741353211414554   6.808023467206246   2.8696406424510292
7.1596877564563055   6.328678918920568   4.103167691303689
0.4648991941566059   8.034211732484263   2.527154897946906
7.5578568188262185   8.724279272840644   3.9028693700849724
1.4034006317612664   0.43831097432415544   5.0592305747028865
6.0799075427675255   3.9581100397038647   3.015879593171075
0.006680228156875856   1.1222355787730325   1.7065323944013624
1.6992268268006094   7.60807586441496   1.3231863437773166
3.639418220859188   6.201019194149131   1.0313702385277868
0.6461857514424123   5.967616443500509   5.638763718005993
8.519472752519329   0.27357429248368276   4.658628867743389
2.875180305584346   1.8122150884404657   1.2742599588338583
7.175832262267138   0.0014463955822865415   3.9812201182036575
7.296241694148468   1.1902403918050448   6.19454481188563
