7.489733382639322   2.382066302206314   5.431464606605429
9.100498869672943   8.361305551771261   0.12972320200154783
6.061628656950844   7.868456254435956   1.7655624988116139
4.440457385760657   1.20953580557736   5.724528776054418
4.75102644714568   6.818753447785851   3.2768657081428607
2.059108938679279   4.801700266885771   5.797581926393793
0.7315414695065939   3.732062099933588   0.035829327946112474
6.124029897917045   4.404037296983274   2.267008824809197
1.6112107025535023   5.621604563221027   5.954252754070115
6.495847895940378   2.6042993473089466   1.5024131563098386
5.367301201870056   6.212100980068348   3.301438808851987
1.5128854936086955   0.5435411053702436   2.9251979543776945
2.8317570988050615   6.357111090457803   2.571388376480603
8.070327028781017   1.880697021773083   1.1444867223416288
0.43462014410729843   0.039581396780381084   1.8246253663352971
6.334062501564256   9.676554338575368   1.4672174088987031
5.096904855813698   2.535493711624173   5.6681937659380175
1.1890340539450839   4.595678619850138   4.591328464055794
0.2136190103915544   6.468637896919706   5.820938281467939
4.938059443855685   3.977791049905678   1.1429960098001677
1.635057365511138   7.890396958037208   0.6148214195771604
3.1502008545360667   2.8610683972134594   2.2503711953740524
4.863982525145456   5.639501435869808   0.09433998737365273
0.22016136067093073   8.341196008162889   1.602089856795179
8.425855836711685   2.9795935023185245   4.738405347693997
3.0094878360339203   5.006026034098601   4.603362049453755
3.746517469947263   7.9538662231858215   0.9493137423512982
9.728284807055655   7.347679984410206   3.393331159556925
1.3510726719864836   6.872159882877279   0.3579730710017067
1.7632963863365236   9.311460231947395   4.460132442809399
6.664972369895422   8.302668257316503   6.152721633676955
2.5759297436294823   0.3105689090115348   6.151693117283976
5.715836532637183   8.931201253867766   3.072831497096707
8.018187276703962   0.8862722588772451   0.10274824028548007
7.554156350668894   7.514728743931606   2.994415458506476
8.547055311873994   9.562912686969362   4.264357483915102
7.017485219316258   1.4203655839391958   2.2218978937332663
9.064577642372335   2.251052802302086   0.5249511618165276
5.772735589147404   5.370922432239002   5.017738605089061
3.841005943302438   3.3960148663692165   3.1084245537162314
5.448799608057566   3.2500077641987217   1.2229205579041158
4.029442971925221   4.955104667851559   2.7146210703399642
1.265063668174978   2.8341004194483057   3.361339386307178
2.319301693011117   3.407180860315236   0.6349298559301776
9.09314842628827   0.2995783479755694   4.834152232580313
4.223731791648609   2.519173431853678   6.070071304241155
7.5775829049979855   4.466724619139264   5.706444399023072
5.977221487001919   1.243588940494376   1.3283059152040944
7.5725499175370405   9.226870765582044   2.9814396786407737
8.53301864579397   4.8583914105883945   3.035952981752385
2.1312276652325455   7.184612359013969   3.4356808144079007
8.17680945717402   6.80215809516652   2.7454080991906586
4.0528602669069835   9.23649432437218   3.7459270723730884
2.9961529930008526   8.607965085181284   5.099168758994196
0.5120709605523148   5.241258066846281   0.2723077689219915
0.04237829136897581   2.9345375931358895   3.231655594518068
5.242187275368933   9.775496202328135   3.1242474262692843
9.099194566672908   6.29254846498561   6.249773425086346
7.287363440223702   6.426798646732283   3.9149097784663827
7.4095535403165345   3.1851745255923842   3.5381087749550626
9.786325740862331   1.6696790792061542   4.8363290459406
8.884150703884474   5.541679198017027   3.315203592046991
3.2673169199593293   1.1646521201340039   4.839585573963383
2.3581027319941343   2.3216551374005543   3.07959055346344
