7.1688616273473995   5.213834767802112   5.783010117353813
9.756172555636127   6.796465327983502   1.4666966950099762
7.147570711763102   7.615808436066791   1.3587883563438523
5.275215453659131   0.8919489591642631   6.24474077561619
0.9658136624236962   6.855248023936032   2.6117619257262237
1.9334677853909459   1.4816725391057846   5.651628046737664
8.796571860784004   5.095291756923068   5.811839604364677
7.409493539905623   3.8333748749172734   3.42133033482599
2.2164896741279194   4.297326580631243   1.1269313853349154
4.602339221379905   3.876069918487158   1.1465128286908288
7.640297409080343   6.3423145532807315   3.7513004890133406
4.71517087291604   0.1155868042968956   4.364003776554886
4.520156437657757   8.066671183146207   4.760494896506237
8.096817388129   1.2191091085929109   2.4823186198890794
3.634603802937107   8.713336987016461   1.130835011262268
7.925766026501228   9.214385654632034   1.4019686643687483
9.799614055310197   4.668790017081035   5.428572890998076
0.6372015314673704   4.02717645404893   5.618227110877014
8.954805555882746   6.160808864280813   5.59842348898739
7.843384726531072   5.550241854547002   1.9577432457395938
3.1643272911472864   7.991330048682499   1.3970774491541498
4.682631524693645   2.3474837294261937   1.5088270734907774
3.9314811443748634   4.578644587075474   4.6439933868711165
4.270776696083715   0.9939193344569526   2.5038246956864976
8.14929843045168   2.5787723643079317   5.593948252633965
2.081467067052054   3.316352652922375   3.623477009442913
4.5679585903008135   9.0188081275943   1.450238669322128
0.7893195825806213   6.160050794770447   0.7363099889078321
0.6118501281145251   5.282040532871296   0.03070467579680969
8.867370174617957   8.874384420689942   3.3383774374733464
8.190865184715467   7.9392269961308966   0.7849865122893251
2.237700091231153   0.5397227888722935   0.5963229002127564
7.318284816364203   0.5305281657521457   1.2215466098775742
6.830266563813551   2.0866081400542824   0.2608098207050308
4.030482989701018   7.148575476271145   4.000063090405591
2.4466033140043093   8.537983203608972   4.035761475391745
6.248827211314238   1.0877631893423056   2.5393379113971206
0.7045642840545912   9.46035117649769   0.2535687676103941
6.19830539361334   4.97407699849979   6.065203149349562
3.7797652819562226   3.2665367036430073   1.3635168426737967
4.675922102737448   5.104367510132936   0.09015936784614481
1.9695559979095871   5.200087471655213   2.254609539445171
0.9146573905341339   1.7132786767357424   4.017863583383465
3.2171972463388236   4.2010230581470145   6.081855170329449
2.018260696515277   9.586165406543708   3.9228735498909377
2.7808507200218013   1.21222504926858   0.02730256324599356
3.3144390970156765   6.455372926875582   5.711470289879139
5.417249434161498   8.39671952866404   3.484803236981814
5.290895846235211   1.6415772722637094   2.5277867978058257
1.55834029541623   3.9699593612760413   2.8476764136083186
2.0957412074532376   7.805291252576878   2.8076805331256502
5.374868733168147   6.861281742758447   1.684480917610862
1.447960089717398   8.806690022547828   5.312525204665225
0.9073848597816193   7.661189423682873   4.654171904291295
1.1537963284623691   2.9832055980150964   0.8586455934685666
5.556592757294254e-05   2.7875333617990696   3.3161345615182753
3.270935014091588   0.42249122392316885   2.096957871000118
9.80300807834459   8.576874862170536   5.872114293304298
6.192022344750872   3.005968498325771   6.249111371593232
8.644688827237816   6.976717619573487   4.372569920038679
9.063338398673388   0.7646903854166713   5.69523073834745
6.488189796511743   7.002692728565027   2.756137171242729
2.3362246081383335   2.489946780675101   3.3911954955705492
1.3121209016100819   0.15337783746102307   5.204903450748021
