5.802456103684439   2.5310469710584647   3.488840276322668
5.918806613235293   7.666581841488531   0.18557688726206967
7.435816264949661   9.398546066234438   1.2531658827344825
3.9691496148950143   0.9252941735465422   5.356137484394279
4.934810518986917   7.2476204577678764   2.81552963859958
6.527669268789613   8.463745921468586   0.8138678515076186
8.00492525874816   5.9131375876322325   1.1312976736706513
8.732751529552505   3.3875439066133124   3.6116483326925235
3.0264482944024174   4.054698539123374   2.0648494509682775
4.328089087936865   3.3800485306990384   2.6520534744492856
0.378427729006312   3.973430707262327   3.066231910161455
3.6774867079485762   0.09048352069615495   4.581489146910238
3.018678208058431   4.982233921263113   5.526231884204463
0.9465826186268484   4.681493190594187   2.6697420281521143
1.0869633824955636   0.0238307910472777   1.0002106358974718
8.558164997137126   8.851905490447852   1.4366140863378982
8.198541958591099   7.530513661532252   4.3092791290393615
2.1343592756898224   6.321678703392014   4.900676303750282
0.3262991809713842   3.126606038428827   1.969541944977713
8.972342994291097   4.718288583557155   2.4314589614895374
2.8604754336577303   8.509737977091255   2.8911165852139167
8.043478844489888   5.062814528514812   5.720184001090769
3.758963510125791   5.181532898766513   5.746549426817933
1.1218053799998455   7.464561365816468   2.491634877410455
8.718795089582754   1.1746853507543413   0.7001995296481911
4.3548705194785   6.160055664794109   1.6046011692569688
3.7962004402006935   7.517276499357972   6.082772022622893
9.689689360763392   6.250700049414698   0.9880198125321427
2.103366581368837   4.589598370456883   6.171105214368726
9.203990298022026   9.713740592080214   2.8252684254115605
4.956556989933705   5.3307003806673965   6.277445601853744
2.550837814320937   2.5064160798594157   0.6158131902011442
7.396097190100789   2.6117714353325856   0.562485387445993
5.874329762248754   4.387441459786292   3.3166867273391087
1.1462973038114859   3.6210112423755696   0.04031066385732185
1.769707117305827   8.87712803229501   4.5892137833877715
5.463628595536662   9.377493302462508   2.613879506922461
0.8169302232605475   5.786033369620952   0.7642055260342717
6.917268425414182   5.008039744046493   5.737089723008841
3.909441464167856   2.05253347838401   5.382078495962556
5.497984576711056   6.3783248032313935   6.065102873927327
2.1737460812217746   3.227528703650465   0.5545469002460154
1.6454517667263968   2.4391906740062255   4.8601186928563695
4.994952429029076   2.9006548162693484   0.8678579073777486
2.5070372415395927   9.577563597484795   3.0728487062146144
0.4193234787121194   0.5901879995122141   0.678339713586963
2.9606195210012958   6.683207302482231   5.4796488083329
5.713942665056436   8.628009019214376   5.53721076043041
2.754108640913712   0.8698623315187817   2.604734366741995
0.01542249988490596   5.323597704611936   3.6183823948209497
2.6977029353280133   5.775514505251515   4.613449414187179
6.6641905686433995   5.934341804482402   2.7897125970669623
9.778896169816266   7.499098970722365   3.1184674687100866
5.28424582328122   0.9017646361792828   4.145433765603285
0.8828364560254519   1.830584124609781   1.177237832136759
7.976118873358335   3.733200702545281   3.7221964657675937
0.4427554424992821   9.255345476256858   1.4939852210180988
5.791962917005265   5.402169420301261   0.5294097086164486
7.47475284251215   6.625445385825024   5.93917214525726
1.1938290541233367   6.704501867401359   5.077810205121895
7.680090849669954   0.7001421735218492   5.025487325229203
3.7666489334448996   8.902907430370464   2.3199505655530563
7.6492857807481265   8.582928589140097   4.019202217443515
8.864177397096082   2.5662813574138887   5.192967692931418
