4.780448126688143   3.692986842636735   3.2982389952215905
7.3792645786433395   8.39955342725131   6.236022217739255
5.755316525048167   9.354675920064286   1.1129249200563835
4.745605149234266   9.546388376301039   6.001841302913597
4.3151567321786315   6.885513882836451   3.31464519895607
8.092434278995256   0.13049959878223305   0.6559039408330753
7.300434439835883   5.7964572953924005   6.259113868913531
8.311431661180784   2.787683407424186   3.7328736419306288
2.7480937193367954   3.653194017115239   1.3503309607084264
4.539499398298168   5.61263965527076   2.4032997422098035
8.82859682318052   5.057294375804858   3.331667279503335
4.551277279718656   8.744482544944226   3.7630279349791493
3.386040568458229   5.134010841392569   4.25246720010639
8.477956025430066   4.068242717569863   3.331591708905167
1.3397197113315151   0.5121200415206468   0.8909797573438596
9.331956002550404   8.93993862454351   1.827656153165715
8.763103935881746   7.067158375314527   3.900302506080024
0.8524975874384463   5.474675531419693   5.038677710111433
9.715600210286395   4.236646161151609   1.5853876563767801
9.109584675710378   6.34300468002026   3.0166785267881244
3.542152566873738   8.45949210325464   2.9424074205443285
5.6291120039147   2.9621856032669527   0.32501387460837183
5.441665296582487   5.843556932238704   5.870546699881241
2.538500684950869   8.242166023486318   2.865763567841272
9.176424219776456   0.7707718717709743   0.8850543088044096
2.682766352505068   6.350402768472197   1.9790335499893428
4.237058021096628   7.886514343803171   0.6776233654454812
0.5931215245654314   6.2368251202373814   0.4201347523815042
2.5646087423659916   4.525040982334202   0.6750158728543786
0.5757266667458403   9.637205102181962   2.6928958804737695
4.908468154328621   1.807376874834782   5.650060612958952
2.7457744790525047   2.6382303812275074   1.0347363040339312
6.410781201645773   1.9254398002241477   0.7394115075827511
7.190741677151907   3.699090204688091   0.7246023038855082
0.8791614654959219   1.7367258316614862   1.8333741286500995
1.0631554920587738   8.024415292215709   3.9256196343548853
5.984036626478484   1.0071358503213688   3.0031213339698892
0.8888666620459755   4.658067903334413   0.08133476488402547
5.442293293325787   4.8243555671723595   4.852921649578458
3.9343355925257995   3.114706659773608   4.526799071926615
3.964680098609934   4.508475912738554   6.209231325907112
1.668391827373822   4.077928508233246   0.0664197764793595
2.796137239215116   0.29319400501597936   4.600049063550558
3.4453991693189843   3.803718720183578   0.8731250256441264
3.1077154331841728   9.43878081197581   3.1732220096977484
9.751274445453586   1.4325971584317714   0.23014310184185052
2.147936305980806   7.107936548984829   5.192611494165565
5.4650444083684935   7.552000665841196   4.739869147907389
4.119879370589613   0.2787435932888616   2.4286729897998187
9.639742292038939   5.492766828192888   4.581631093625395
1.572053300358962   6.050944361683263   4.571717901912015
6.360578199889402   6.085074055009851   2.8616805596308517
9.613704593426988   8.038745390918706   4.05493054612327
7.066293869926909   0.21945920845804096   4.647347325659005
3.7752210906865833   1.4579657787651086   0.6383859147396159
6.8387117037415095   2.8301662305761845   3.6394071117153897
1.469517733302169   8.99399811096229   1.1117865183675142
7.1630947977029935   6.682662161556605   5.855030924987105
8.094655844713309   6.278368049462445   0.9061055777715169
0.3962583590591811   7.045963212151138   4.0412739377914555
7.486017017864876   1.5829400544080827   5.2322100109566945
6.883652274155625   7.761770998215514   2.244845412846744
7.847810441575593   7.251055954826061   3.404479390912723
8.697999389176175   1.9641682264567124   5.141359246713405
