8.947372473731013   0.9891586175085691   1.8274961525157551
4.430194135158447   1.3273002268877312   5.729029784337761
7.859815473285774   0.884700209462358   0.7463159769618601
1.631409079370536   5.683161157035927   1.5054706221080971
0.13765322292745608   9.27073123790499   5.2222632161277405
3.605669121317565   1.8718766286578559   5.8684018929268325
2.768566247600679   8.831339875797038   3.201833957793847
2.281020205706991   6.544219418499381   3.0927249708132574
7.168877367145836   3.382082616076988   0.033321609765511545
8.676998945495438   5.491187287950518   0.2350353082495261
0.1988113972459491   5.279267825739491   0.2946374235178599
2.171022670262813   1.2492919388838066   3.0563294489265727
0.27240573166202264   1.3213999510282899   1.66739281108119
5.431093485764878   6.48633573252743   4.803978597753384
1.468983134477497   0.31254611880546435   5.56181841304356
8.345358647315502   4.471999316194948   0.8952864416221281
3.154224891962759   7.021526899645608   4.106396404439251
4.859852278978028   5.660656229521866   5.71908837868184
0.8333823422788946   6.163245089986079   4.55904911624059
6.546651165658337   1.0379024261415475   5.486784470283115
4.089272849050701   4.3356248992906545   3.448967081088918
9.107063610363197   9.233156448690881   5.15106905984385
6.151694197278628   7.7388398791702935   2.611312542044522
7.8003644781764905   9.129037331857342   0.6517209720224324
3.3654610134264624   8.163874916496152   1.48063532535118
1.0501586600481103   4.225298628699768   2.2517343881371197
8.373385797566137   3.562978291044707   1.991384255899016
8.974833423807526   1.8476937283257606   1.8957997948520073
5.832714176256147   4.4865900356361035   4.8171996187483614
6.7834376483799925   9.377310968607752   0.6555664359975906
2.6424578001279553   4.859104131162511   0.7243080656802509
9.432368000632597   3.1348466531160364   4.9178980607628695
3.0876045235112684   1.088099844100109   1.2214181878833652
8.320288303723807   0.08316778453712992   2.6234234703101107
3.133131177506185   5.7324698256796704   3.017905374503462
4.341619073636826   2.407353548989495   0.15608288958974278
4.543610861773165   6.9799634177709295   5.9261789021608475
0.3302323838976804   2.526298109815259   1.4503572525997408
6.926091919204157   7.225172056240598   1.862609909747942
5.659238169602264   1.3659395416647697   5.064560249507389
7.003181485737019   5.714077798670117   5.39001545593684
9.644435078181333   6.245975517794677   4.28206947077359
2.4105356776842397   3.8823331335828586   5.2896957667679825
2.304478209916454   7.762444649909413   0.9291955149555805
9.26123705848907   8.310023101933677   2.6521844747188332
0.4244302164987372   3.4763766609959452   1.1405771703669587
7.919697739386922   6.24245704617687   6.088256073531834
0.38841435392499374   8.426606765555231   0.6423210624331811
1.2436664546134615   1.6908193170552175   5.96892447871301
0.0015297735718515781   0.327446711175591   5.756933594187991
5.924674105456029   3.4995598923765643   1.4736551705954963
5.993682375237291   5.735025652807152   5.697896443927742
2.424982510623902   2.533842092515751   3.3999780218730646
4.745338840613645   8.38030848558774   3.347292996743827
3.0059100962565037   9.765557866951621   0.15663473084240467
1.2877905170770139   8.661974807174227   5.315369115347715
7.258150231867719   2.237060884314714   2.161654386230523
4.228008061812672   0.3819411723839673   3.278875470765191
7.3833911707386655   4.8587521729243095   3.0912437331410416
3.970681978058215   9.062598410823123   1.556185143050434
5.971690826477487   9.094684887093038   2.8541242031059872
5.078283861818329   3.1289423043430737   0.25178385194445074
9.426783695872068   7.127955810722749   6.013896979016594
5.3111379698062695   7.493657784302222   0.48202069198551556
