1.2276922582477967   6.8771054562961185   3.1569245432888455
6.072814882429871   6.347593423959122   2.046485777872228
1.6207198533336937   1.555848273778996   5.301209936614424
9.258264858661763   9.232599176697477   2.4980815050174936
7.192154498109559   5.772784724401184   2.559027192694042
7.99986922409312   8.039237025684077   4.919104264305613
3.8250817514360644   4.632486102727078   5.715750167026349
0.24852727977120564   5.924337085142523   2.091730825548406
5.5917880348360125   8.727771554732325   0.41212345493763125
2.514813542636878   8.819721573786918   3.5866990866655937
5.5992516599113795   2.367572885304505   2.0033488197850464
1.8353957881222853   2.949076396957387   4.323591276851163
6.675048207355553   3.738943172436806   4.346944726081194
9.429931289008865   4.277867138799935   4.128699113521682
4.94205525905695   7.716914390238838   3.5866243526437174
7.141884126895545   8.61625369701256   3.316169812567407
2.9832835969197324   3.335847298824017   3.6290821428612756
3.551009094169028   9.346601764603244   4.327361109745572
1.5329525847874201   3.798727812716172   4.6887474853336775
5.213560085303483   1.0166776299115083   6.237819998265163
8.687683858476298   5.010268078601192   3.2509112445023356
2.4520371508846495   7.978107245169103   0.6215900734510209
6.254557140344491   5.27235799713827   3.7434965805121045
5.0997170869224   3.1480012401592448   0.7682963895495968
7.818329330724394   4.217566754172281   2.5105116890491757
9.784047532510828   7.695335641483092   1.5920507094247445
1.977853937771553   9.622337723821957   2.885151396335217
1.1725033827670557   5.902124364214111   5.362635128997057
8.281556300772847   3.4208296616781104   1.0943513935799332
6.510996957781107   2.6571923089639453   4.1236995720249965
2.710066756290517   5.1604057432624835   0.3582061153146131
8.22568790700863   0.40084424475061053   6.2249090511407426
7.347959926619174   6.822241177610062   1.372048770497384
8.419483201805454   6.6816661962992745   4.0128652979825254
3.8598832287279614   1.71374038419364   2.744330887847961
0.8960767845283435   1.0128366773036823   6.119853058536324
4.493443926063829   5.784389452027137   1.9204098355167678
8.197997386714   1.3539067807048175   3.2610035321058324
3.2971279538820335   0.5118712513587579   3.351133870159206
1.5563045297772677   4.70346923648013   6.200590898866657
3.0070665876097293   6.6798332424546345   1.0367495857897717
4.205975087719132   3.8656031943471336   0.8333929284140872
0.5448142126680616   4.895924793809589   3.4588150537530598
3.2965335531963014   8.423016099392761   1.6127331259440543
7.3886540299601   2.8824711775315994   2.544615510974945
5.559902457658334   3.9840158286085563   1.2516544865394768
9.303648221372034   1.9343290494854966   6.029748757011989
5.252670106282696   9.774050221618468   0.6099154665589915
7.374452021896713   0.5149959351928256   5.402431153342526
3.981856265176391   7.823988902055465   1.0361955298057142
7.029795919703505   7.685899918546145   3.5509873384386084
9.253181381505449   0.578220329495217   5.628201446497233
2.0167290131121187   6.4072660163662984   2.5120431804682513
4.6524539051340446   4.5949166787809155   2.1497779180350367
8.233471204240438   2.2411108523756136   3.7570340889413294
0.4813921813200676   2.5503201398932696   6.190573437269443
0.8281930469453469   8.581232754781864   1.6936239062421825
7.349282036717803   1.446844913501729   1.4264841051442974
5.278053488136693   5.44669877693646   0.18658618079047562
1.6032485368520348   8.049976831879501   4.006240711560441
0.7243701129965461   9.592207863218016   4.061694343140095
6.557094121044753   9.395326834156075   3.694650562377591
2.660041122501605   2.2340327035205587   3.4001163709102507
9.245291218256465   3.004879806638299   1.0639395679893278
