1.803393097171326   7.863522539202252   3.7519103088877426
6.332303985766651   7.064548726173962   0.7521837743136939
2.6536130061501177   2.07356125922055   5.965179907199782
0.48428505538520417   0.20473746645060148   2.6154064226284692
1.1674825538577045   8.506990630874611   3.110834314119102
8.628677924648766   8.890648710791051   5.307765815216962
1.5688103798807813   3.4470067608389923   4.020774300172902
9.177988917991446   7.724798875373086   2.86425937890246
3.548230711873367   8.272450038835744   1.5152566860010108
3.6110516206050125   7.285286322172438   2.9669301814837628
6.078781293112269   1.6901013348547997   0.9119924293718046
0.6442535822486228   3.9578611892373057   3.9802640850465774
8.80231665485239   4.927854275677006   3.5269844013108216
7.076789145888332   4.576042701951538   3.7210148287391354
4.777962216156787   9.234230921139767   4.2188916145806035
7.170991449960611   6.785401916406182   3.562532310816728
3.0480277782584437   2.967413558400316   2.564081384423324
5.172878243981205   1.3284087820144248   4.67861961718885
9.675845275205585   5.543564395893843   4.162019343901228
7.025497304679705   0.4227890167816897   0.7003742311867012
1.1724751208025666   4.9526193430592755   3.0020538076968406
2.187288616245772   9.396533572765117   5.8095708246687465
5.060280283553445   5.078099502619795   3.2611786887189096
5.45972950425427   3.226800802552467   0.5030860172553132
9.400080271065882   6.530388498840169   3.7563489524961686
2.7950096206428787   7.805996081636916   2.313478118844792
1.4120158404153398   2.423116778867425   3.1826239168909787
2.364515140073073   5.268533122615738   0.3539959194563375
6.7348859010326985   3.6069210742346183   1.5135424119656244
5.762634233752223   0.5118527651997928   4.535019949256004
3.4569847076125013   6.276555766673767   0.03250479398342847
7.525030009409604   2.3833296764225524   0.17510934685468102
8.332174551459717   6.844342105007153   1.8627659712470281
7.005942063854509   5.784228504063148   4.59978341291598
3.439802664285615   1.551464004061486   3.0622246058952807
8.095609465879058   0.8180486635128623   0.7369240776697105
4.043473311177009   5.047265451233308   1.8385356841998646
6.518245276489995   9.106535632652038   3.885163033988042
1.906763765052331   1.4500220642792978   3.7851773624081915
9.205846561167156   3.7140840303900005   5.634400825990778
1.7723488293002052   6.414954061051569   5.374073390345541
4.664574495071679   3.7746996699389825   0.19048503777095857
2.4140580631300637   4.028375405648157   3.742826946574603
4.538054703451363   7.291279430062756   2.704938051369393
6.208380326343473   2.648500233853189   1.6717908332073825
4.801501493761515   6.109071387533586   1.6182826090370506
8.814149066840574   2.4157403530153303   6.070984482559547
4.610475813962164   2.0775756650373625   0.5109900794988596
7.703365749557126   8.524608798530325   5.9643561146307285
5.7962819373843635   7.98239797521161   2.349188896212063
5.981054992614693   4.683910471835227   3.090850605117234
7.32941749419455   9.36535189220089   4.52733585694737
0.4642968117719753   6.998211774324654   2.715421614147107
4.296147974891874   2.943334272104103   1.2194687850688852
7.81310019075411   3.2244030550258733   2.201380733916358
0.022569971407962797   2.2072848598462924   0.7521415497584479
8.2383377952257   7.696697463628785   2.739117929064777
6.920513621600243   1.5206526910106988   0.8391200491655229
3.339776788114221   4.516709719442054   0.31412833077591445
9.787745354463187   8.613774213058592   5.079289630361824
1.4983955996676286   0.19913330637425283   3.8974842603014865
3.3413954795279834   0.5070233910998834   3.74433810710998
0.300680442217393   3.0416435747801076   2.891540521571926
8.004378079678272   4.41164829770501   0.12039453915112168
