1.877540472672822   8.396736786202124   3.4097640817007564
5.711965831163999   5.3192145255226375   1.556114133957972
2.7824809142533415   2.1794022677130016   6.1400945140827305
9.713707159088235   9.081052938257132   2.2702582759295558
9.260256324560368   6.750942422022124   2.7470480363114738
8.830505778043179   9.21319855632454   5.25119962024621
1.9055076137058873   3.29674410016081   4.78835260436123
9.497138791827687   7.928987069001625   2.823084202847635
3.8074677077109556   7.748276369889271   1.474747259423414
2.921866960981596   8.060410452934535   3.615043083071829
4.618031689712561   2.0402324698909284   1.2863903353359192
0.7923890692380278   2.1921005796233213   4.025186688070643
7.723762282698271   5.15019541371165   4.088519968000226
8.377445004147177   3.6918264377131464   3.5001818431600324
5.610460851706282   9.003445280175965   3.9602106899909733
8.49640809004563   7.237071986422272   4.217753481801154
3.057226215319363   3.3449455947039763   3.0311750273814795
3.530414293307933   0.04294969747438593   4.728896174999741
0.283372173965688   4.923405250034167   4.806918174491172
6.668486821738849   9.268678830011375   0.19936583128278407
1.3971733038475893   5.07816298655437   2.8004088265106124
2.801072411662192   9.08088559513477   5.398714380693828
5.520571820976346   3.2531838173922427   3.3334303917897112
6.659377558613961   3.800326623379224   0.777089667423576
9.314488027034276   5.541149446520657   3.097430650687677
0.6593911802269138   7.302576396271193   1.8346327439840602
1.4226750467794442   0.6592949765211126   2.736887420366603
0.8044251035022538   5.81320742346056   6.261494320160125
8.353906352563522   2.6305309028635646   1.2382510161184423
5.802778935141021   0.5251416647892339   4.619212167174352
2.9742738708117353   6.181540183731895   0.31812017124926395
7.701040472078585   0.9209623792107235   0.4060453977723858
8.089504902988272   5.977775156006445   1.681204136264781
7.197247789029784   6.318350461925492   4.631647050513067
3.6624291705510648   2.2049803488810342   3.106386624570443
9.439744320842284   1.0378944678754292   1.1785569792748825
3.836842621997252   5.147336504723908   2.066722492739497
6.083422773366653   7.687280136066818   3.7300719310697357
2.7070020016220395   0.639956863186137   3.833250363509405
1.0776980438124582   3.7276861932791583   5.6386365750278635
2.799025032292575   7.132788230086837   5.875690286017949
4.230961738208552   4.330940203129197   0.18068331041342478
1.9884995104431777   4.187391578487463   3.308514344939679
3.6059380361684767   6.840127973925024   2.5786781507804775
6.425679015748643   1.4583520653191022   1.7323604896502671
4.8654811942043965   5.271623751291291   1.7923938266095454
9.086949244645671   1.9198551722899877   5.610800925049666
4.7834972592347205   0.8074041147226865   0.6496521324424541
7.631890609598201   7.71751108733921   6.058115011558462
4.3986804568612285   6.2619234852936   1.546684220590676
6.576534516511898   4.746140661027741   3.522726083600367
8.748458219550182   0.36237637270418777   4.9955736011440965
1.884818909020193   6.631332260485892   2.076729962386189
4.3063389819939655   3.381119965474365   0.9556293231212952
9.16963524840441   2.9739527480541454   2.809151123282461
0.6727265100784301   1.266134297392428   0.3109941091765348
8.37984329174727   8.358950611793784   2.4124825974642956
7.540687570306271   2.3091185133800116   0.7057414718715012
3.0159854781550766   5.165993113910608   0.25007884120906004
1.1699489520641908   9.188822993856997   4.432470269372409
0.3916955742656888   0.3190471286086609   4.418054268155965
4.5773483557426   9.446294813317909   3.4819620695098337
2.04260093739792   1.4807809796805347   2.711311454060023
9.303849109314958   4.27004347429276   0.337975221151093
