1.547363376675925   1.8580220500257085   3.8038538451613624
7.995812572620401   5.523001980033834   0.5582673779667419
0.9123030192319168   0.9009598762413932   3.0714578335677967
9.665704209529602   1.5141746119505164   5.682672718551515
1.0164205378135542   8.42636164415372   1.1094824437722968
8.729379549223845   8.495261691542662   5.4795904276544185
2.0336852059827235   0.6373487357083502   1.732398113257294
0.15609916342838298   5.106878601092226   6.063561214807793
3.2640733927864347   9.221959989277705   1.984249721020452
7.039449603330713   0.10562772984326801   3.7249573482581755
7.628530826300452   8.21062058867087   4.7731913780698205
9.602971128062444   3.5256128069754964   1.8684103928780167
3.8696584218455228   3.659989854921683   2.482199063441138
6.044536239196294   3.4838409770302636   2.972912419981839
0.7661437613212623   7.566823640710386   3.37530576600475
5.655424392986455   8.871242462269807   5.002906096464595
8.776273059584886   9.574791641518365   3.022871888363461
0.9908987430910561   3.197019216172607   0.17000491800695883
7.907799327272034   9.132541077337146   3.369501005784297
6.6625261027533735   6.424505818544969   1.9913868211823376
5.921151787220168   0.8435866578756694   4.595326752904906
3.732509709032031   1.77248972640393   2.1036507264496906
3.2221201959639263   8.296867329430789   6.093830340205795
4.689684780982774   9.06279534307239   3.676179809116953
9.161004451192817   5.611588891990441   5.736526159624462
5.418725853570039   0.03195899052318474   5.511952474244542
1.451588381979779   9.265585586126477   4.688848036513395
1.171975492186882   5.281138130357317   0.08648758094401021
2.6751392528850455   0.07999821045979733   4.304228406241689
2.2513523815576475   6.615979449048046   4.155891423477525
9.769706890207354   7.1706397649805576   5.565840648132365
4.7353352592885605   1.5273437830178016   4.697602633131483
7.866338380942709   0.5711857498668924   0.600591007220977
8.720775941917996   6.640127522452828   5.919617076260523
0.9148685382587394   6.714602856547168   1.1640586078547146
0.6895133359582128   4.198867860591939   6.0881490675499474
5.259721457130907   7.963564015685448   1.380287540512897
0.30230630873935965   9.381085969051531   0.4566551724726182
3.6297557668246143   5.35379807474007   0.5970656050870352
8.741803304778188   3.725674113952875   4.149959588340943
0.775926257823568   2.2913518173207947   4.624356356704367
3.581804463446911   0.7400127066531309   1.9295824387011538
1.915631114614965   4.474616286835037   5.004213489478233
0.19944526727606104   6.015352037571954   1.838284678457472
9.377663762173393   4.40506643794612   1.1415037235468757
4.594690550955998   2.978959774762813   0.8473684444001267
7.4739556409372465   4.463117887710664   6.210188604335187
3.7632293350523267   2.727110595450981   1.1912600567998657
7.092245609253432   0.9592580325530112   6.215864750818062
2.6796875808385145   5.054465336470208   4.561218131271305
2.5048674883290634   3.394823847725353   3.1696453638819846
6.400113649827831   5.075000056658141   4.657751576873594
3.4154227637013133   7.4132148469297   5.269269808220556
6.420056650320463   2.628653427982573   5.17589860836326
4.310514680796821   6.756549890687643   3.774891181399662
7.499485979974396   2.1081715300867883   4.188933397105169
6.630068919218822   7.509074227902593   4.319490617598696
7.2266640466042835   2.94301700323378   1.1569252721035945
4.9727935866507655   5.684160379557411   0.47726873227613964
7.755096801298193   7.304595123678478   1.0641496474772307
4.4037372251971085   0.5294791730679197   1.810109135809702
5.31558171356761   6.8537376032256905   2.731535496528536
2.864328998910334   1.4943417350150578   4.800067442870311
8.940309298651663   0.817436206017807   2.995135006284418
