0.9541526496880296   7.701850145547729   2.975561669551886
4.509997851064435   5.425888018041241   3.0192618464422885
2.3545731418335656   2.019950344428331   3.205598430826439
8.464456994547177   8.296581975697649   1.2743450213305594
1.583687866888666   6.424133908201759   3.969592680816731
1.0068098002282608   4.602784211565428   4.041569918986912
0.36211059746232793   3.540699100511884   5.693215943791037
0.36538157959526457   6.599402310328102   1.6135580398643201
7.989264552452466   6.663271433543271   1.3779870579643962
3.3251426595223865   7.09555637364209   3.9683424122114173
6.21894662922399   2.365626775996778   1.7773857226039815
3.440380772471499   9.511237276444954   4.659079302438286
7.045827891937013   4.866978687900063   4.134164509545964
8.97748105292961   5.107770237010801   4.2129571958649095
6.086434204574403   6.509793666605946   3.3997281077605175
5.7795423648274795   8.234665627238499   2.768997258262178
2.4147833907878136   2.869290646371979   3.428637222253018
5.4618620149955115   9.245755767218675   3.801228912045869
2.278473596076561   5.677715091147879   5.8848824567824405
4.15523374658731   0.7539050514059399   0.3395475282384387
8.220872640593418   3.856581583984277   3.6881124342313325
4.913492887649449   8.106653544653776   3.9889493243152803
7.335654437090628   6.060157802558485   4.6170006757638955
3.2354964581682633   3.1266073790457067   2.366668979533858
5.803844342572815   1.543917071933432   2.9781643695230273
9.553791807237365   9.663533377023398   2.3008920551223215
4.02161493984983   8.71445293651474   3.211737018613627
2.5054217333729385   7.254691929008749   5.3243816617237565
9.319804748101333   3.871983798504061   6.26552494453726
5.128454622236799   2.7290806753249743   4.717467477666638
1.91213001416489   3.697144562639743   0.8004683059323495
8.30838902851774   0.9337116842497469   6.1754452171272805
9.186811049175708   7.564941281940907   5.694508261083366
0.025402740110479882   5.731303615680279   3.6708489919674596
3.908740093619004   2.4327598356159448   4.130146208328865
0.3801893607190938   0.5872320519210354   0.953326842548432
5.766498973906228   4.239511980195812   2.1757147077769647
8.267873975206472   9.478364185777698   3.534399436233937
7.333774521865102   9.574109335321722   2.4773490664271587
3.2192469101351544   5.49541920531568   5.017568396383644
4.33375689455085   7.080183228810074   1.7160949381780952
2.842056992329356   4.006986488387772   5.832413689364045
1.021883107097721   2.102625050240824   3.3551157302417227
3.7968186484413184   6.250944269560005   0.022250174254168864
6.2253795566778285   3.3902162878366147   1.800735063163842
4.845362092635495   3.573147317465349   2.186629435799409
7.330946032508089   1.862964254869842   6.066892125736588
2.9204301701025384   1.1230523289978427   0.33180054507629686
7.140549932537278   0.7025048665886491   5.089495873286502
4.953263286940468   6.3077139393485435   5.805553435204412
7.964279930105291   7.566174235043782   3.6625458491905856
0.08695062770054895   8.316864329978852   5.958051266574447
2.702321552903803   8.29514382608704   3.9670826367074516
4.491944813935901   4.476062390709935   1.938055229211384
7.330699832619833   3.208237686137521   4.997394107442258
1.1771899538963877   2.976892618461793   1.2843278155718474
2.2434837410688075   0.47171391240926525   1.538859357408719
6.384359729455291   9.115076796343256   0.9963323709414578
3.6703080100599736   4.560643613429938   5.864431385817315
9.208272634544544   6.65898071595976   5.235623870873929
1.8997100556194615   9.1605477274016   4.445706341951792
5.393100546149451   0.5134228802975398   2.908685536324908
4.729204946061458   1.9192524074820563   5.568497199632194
1.3881506430246024   1.287577551822404   1.4969185400534764
