1.553607030532027   1.9568567266691048   2.940681528782953
7.372583185634346   5.855826130089657   0.2551795558147839
2.773195166567203   0.445146859353077   3.0955249761103123
9.792909481241288   0.9016302523386822   5.958510925452108
1.5768309919147538   8.189171501904344   1.758551111519153
9.15992562495975   9.59395935345101   5.603898988587518
1.3554438369686015   0.18094233933998893   0.6502163962228455
0.7725101461903189   5.142071089834529   5.932628115403993
2.665089714047186   8.912974963814865   1.6662807566938418
5.8251379032720685   8.776327678689382   4.007509910933683
8.358354330976825   9.026677153227823   4.538918417625768
6.33584005758738   3.5978305408496287   3.0258193606734456
4.61718210843851   3.5974489427911145   2.2296227802879
7.664549376280596   4.5351159290537915   3.630464914609853
0.7450832398767705   7.039474871447639   3.3525665587683293
4.89312289992859   8.769138091577592   5.109532704402807
0.3136136628641583   8.757827236698054   2.3121862529660078
9.780080375365054   3.7595616845598223   0.8217359640830556
7.456668793384   0.526216504231319   4.2196875293679055
6.3968108811889115   6.26643467928396   2.015501072520687
5.165530440716114   1.3937531204659506   4.531090590036715
3.8645060209086757   2.9309232388225155   2.6750631733936485
4.12876586435132   8.294636368760024   0.8370128195060688
3.8062419940085017   0.14543394950454092   3.7402151560312014
9.285429697601362   5.671832365018067   5.8651406320583055
6.668739448007431   0.08124854104929533   5.295776633532008
1.3144088327045904   1.0412258359159514   5.030306981000399
0.8615486995928252   4.1773076421784925   5.9623304388050045
3.3286657138063402   1.130622871161524   5.045294336135055
2.786740290676848   7.997532739484255   3.540792695529256
9.103520356461726   8.02416263434449   4.57918348003018
4.76625421543209   2.172323960254418   4.434330745490397
8.282700598995243   1.3309865931073117   6.090048752791033
8.331444178499098   7.64653371360087   0.030037213873088192
1.6568645895852567   6.971772821024331   1.5626314780751358
9.353407908954603   2.9433101143101723   5.825318903436944
6.086102518156866   7.7361784447462245   1.1810418089172061
0.21448727682699237   0.018399844833879797   0.7959535564873552
4.632383148281451   4.899799499000044   0.2577119629456528
8.039455391525008   3.047895341196649   4.923859824244772
8.793390056273102   3.811184245914509   4.996058837857515
4.318542138310438   1.2272118104761416   2.33139887010827
3.023850630678564   5.668543115879617   4.930838551887393
1.8598059047156923   5.500019942009256   1.1907611278235755
9.71057944684649   4.825048393551701   6.162063536926768
6.73324584760014   5.253783795628249   0.7476086530267684
5.866310788393064   4.3413942668067635   5.576690379655798
3.376494009053996   4.640641055556005   0.9085919172220628
7.1483092496932175   1.8022273737568686   0.2671904634221336
2.892855878822272   6.6270898192891075   4.810810413060286
3.1743784786367852   2.154316949609342   2.931682929724166
5.682910888214644   5.5444998494106414   5.105584915499204
4.179481724311962   6.938748233367836   5.352530718050867
6.104231705510189   2.150778951126459   4.912331700602541
4.96870323399691   7.735664809752178   3.6235194323673787
9.241351523635466   1.9087893168769845   4.52804186340349
7.431357509996143   8.47987201751231   4.000186423288079
5.5042990384165   3.4661130168795165   1.569447448110044
3.716752387272969   6.207993132794267   5.945286089945804
6.9368341773580315   7.379414823794962   1.171266158038848
5.07881882709767   0.24403391882923664   1.7612815640399508
5.518496959517423   6.494605337121467   2.469500003543121
1.6141191540461493   3.4438704222494105   4.537743279515893
8.744715641996114   0.5561546978447997   3.2950409431552727
