4.716172864377967   9.121761310992376   3.0076981387744253
7.421203676901142   6.3580512920426   1.2966811690394673
1.6212822834636529   1.9754094941729696   3.1626297725571932
9.184949414421125   1.5745311949143646   6.0555925097159005
8.484961186615793   2.3534842307745563   5.699890688518716
6.090332386686555   9.767160925371575   3.96825256887535
1.9666991948929384   1.2016273668274566   3.245720029279195
8.069305613242667   8.638659116777983   2.706845851116276
7.137628449166855   9.494754664029779   2.1584700244845716
9.007063766637554   9.208087726833222   3.1683375948958634
7.404475201254561   2.0896487102980053   4.677089600597829
0.06487200421799422   5.37738057342842   6.258219070780254
0.8007065534491198   4.86236509567135   3.0814595791644357
5.801074770589159   4.524821434559281   1.9943722911011275
3.8065552615076537   0.28604990760629884   4.482200543706992
6.776571383428456   8.642310274896612   3.87937285726677
2.473736107824516   3.9295199260062788   2.8565398192952047
0.749859618336759   0.9231658615954393   4.989749758500955
8.125346226862328   1.3328213249334917   5.037903350543479
0.8323243310011377   7.847762380809661   0.8738055717735639
0.12536588278943103   9.020284269716507   4.237078964783193
2.320849902406357   9.030557968202535   5.0022811686989535
3.73538548265367   7.634084136260178   6.026501956058004
4.871747357338087   6.168032038549757   0.10998068785313286
9.209401139700361   6.8849994939833445   3.396753542831442
4.108899702939331   1.5663011268604239   3.7837965396285775
1.634090895537067   8.395024931353891   2.050688400190935
0.9436875898239065   5.817887080704181   0.6085346876568001
5.705513616195699   5.640199058583787   3.526201228167345
5.2833509113191015   0.30591792756753544   5.2195834627328574
0.6679237115694714   6.750328003230081   5.390107886882104
5.730269540746165   8.894015597851247   5.37619276917792
8.720029966903656   0.3297554647902071   1.7123668079741465
1.7207640732138991   6.296172829910906   5.445286215903351
5.931946406665002   3.48527355150278   1.2657129340323157
9.610981238679397   2.8331081298784113   1.9553138287178935
6.7812192515688245   7.4222465787803245   2.771864191769994
2.56274578243844   7.9047685861051695   1.6350039059055859
1.8767838892118494   0.11286048784728822   2.9654331461982206
0.7402040253273212   1.9202700976421596   3.807732671471316
0.9261338864058237   9.546295217758711   5.76889115651404
3.1723806767237828   3.0456324790693703   2.1479168196127625
4.17955236893409   5.26639866686241   4.07196217678439
4.497702270004326   7.181057048416382   2.158865182335444
9.359253609271965   4.491676016831106   2.6267402259022594
4.7981009699272725   4.523009455645645   4.052274728260493
0.9804459427893091   3.914338413543298   5.586394546777056
2.7916698672850817   1.11785857905334   1.3555372013795952
7.8581562885628   0.5025158639313103   0.14574274774128104
5.645399979596577   7.829142941097642   2.271666984014482
4.180928601313343   3.5899350984965923   2.748122227881985
9.032041668441458   5.567913318581387   5.6378194424625105
3.494494738081343   8.768444760516989   2.95461546915212
3.995924465149735   2.6232274352798033   4.0053692665977305
6.564722956045897   5.671385211155196   3.0813328425283157
1.8035477198923857   3.204901924051   3.1147970530396023
8.57427678998214   7.585911608196379   4.457840315520181
7.375136063538581   4.006275084283143   1.7103403009047808
4.466918058705874   8.274186571608752   0.4257641162992061
0.15315405466517773   0.1366976821933676   0.8936792958730229
3.2825301788807297   2.0773376769880194   3.887755107970899
4.94092685716395   1.9270855433116059   4.40659173444626
2.345604974558544   5.167260525204909   4.143762247843064
7.873013942461397   5.244114756738534   4.797669990075704
