1.1650524785884837   8.21507737294529   2.245000382314407
5.472253127914803   5.658643774702562   2.4390413388475807
1.73856933455924   2.740955640968373   3.529975783460102
6.977619688855824   8.478045299922345   1.278729047408083
1.847605869614624   7.544660433336317   3.4195584555920946
9.761252050621525   5.538193531258524   4.440474509767466
9.393043079669837   2.5899963017278673   6.202572833123246
0.3736350950984014   6.3811603517817685   1.8101138661769123
8.852376933657302   6.153651082996573   1.7152362852054206
3.75885322322293   8.146554670991149   4.1396095461161595
5.748184081938689   1.7138736993138495   1.3688171519691206
2.0072560084533846   1.8887293936414111   4.4925093681245745
6.243765720106266   3.845719791795589   4.511160098844613
9.442813586084542   4.448367877771331   3.8871550208451406
6.543673495442692   6.620377021823168   4.058479563837652
5.934108508899099   8.493188768793015   2.7999049036749786
2.5930945937249033   3.0365246196503506   3.767410150588312
4.930588228375332   9.334785384171653   3.7674127726348567
1.2788225478223259   4.905700744932122   0.05778581770563432
3.90134189416399   0.7392860711455692   0.795481420266917
8.511483713749664   4.135911465088705   3.9383949607998945
4.722173310973244   7.094726949489998   5.604656397857151
7.141075346140447   4.004494316646937   3.93668421763582
4.57039252378165   3.349560934061192   1.971258484842749
6.998730859639554   3.022677661892955   2.899925048189316
8.55053813174755   9.001231341481416   2.4412842959868515
2.926237528054018   9.320716298091812   3.6429426112567023
2.233368235270888   6.484136756666032   5.017735746592152
0.48953496046919887   2.2456288292563777   0.4605607533754449
5.004376395409572   2.356474445050458   4.57518109980133
2.1701992178799006   5.433948007266221   1.2896482799088058
0.1067743141401909   0.6114643165859083   0.023809281413066014
8.58163644439355   8.057279683085444   0.19068201296948567
8.36816257308739   5.1738948556095945   4.389678180154093
3.637335916192621   3.3625030644693163   3.9544108593339233
1.0301586529176636   0.12561769049798796   0.7918691389213177
6.067457101103171   4.936160465002661   1.944477865269861
8.17766193218763   0.5719101411990836   4.70215593470232
6.19586174597865   0.5586039592465805   2.537095293460596
3.42573868932814   5.528707518834323   6.136989849933884
4.125504630376921   6.322166143592621   1.3719224037122142
3.1376915328418242   4.269649446601217   5.70032382874106
0.6680145690759631   3.900162986542309   3.5326630868804023
3.113391899204845   7.31586080388824   6.090152079106914
6.2250516666758635   2.65469676116811   2.1283904863794003
5.43521740020585   4.071862309400425   1.432371502774897
8.591533381072875   1.9732206683913571   5.790789368112685
3.110914699593325   1.1552544347500457   0.17389159003898624
7.0785397505110055   0.3285014177734099   4.8933795984158435
5.625201850631492   7.448647887035152   0.18681789535646667
7.529102736613937   6.415730638166153   2.8796194393835957
9.754357360758686   8.8227041886091   0.2150136632112399
2.2051458208803085   8.401125082817265   4.335928893501181
4.541885638879399   4.3616342645794335   1.686516104408995
8.46787723425507   3.0216536499047213   5.353836669310918
0.9109267531273322   3.0259038903469735   1.161780761320572
0.7882088944778229   8.969803553193461   1.6488640446221432
7.222405100768236   1.5951713691687959   1.4883426119968408
4.576820625133753   5.25336912822705   0.10605269101332038
9.668984563687264   7.558097045125659   4.499318831598967
2.0185335335837884   9.359514406655165   4.787969155456182
5.274575998311583   0.5942021787843118   3.465448975440271
3.9212834953055187   2.005586870282042   5.136622332436542
0.992364046479762   1.4277897775319615   0.831640680202203
