8.870288124352738   1.1811694222003037   1.7524973351907553
3.580007725307979   6.864505794567838   2.9423212237901555
4.552118851874603   4.254117304633954   1.7147885443922246
3.1163402804026967   9.71135617577489   4.3483035726414725
3.309818728969181   8.531145203900918   0.7127152222711031
2.860369141792167   2.1613792311469977   4.003087821770044
9.485831545260002   9.053140711202573   5.9254432536695285
5.058036742256105   0.038929092743846594   2.794370895864949
6.4227889504479805   4.861367311271372   4.899624350921225
2.4331545599152626   4.889383264920707   4.36348013236461
0.6410515418704604   5.114163517237488   1.4861155615838717
3.156017636853242   1.2692157403242552   2.647345010226364
4.187702576875865   3.4117768737358323   4.340203755008847
7.35141614290006   4.345098378759388   4.705183861836498
9.002113088189592   2.7359862287900802   5.539877152149271
2.4961196329514252   8.473657521907183   0.9186591439424565
6.860241485530876   9.614643690667208   2.3915328000884233
9.303835348482789   8.193496701445344   4.995641379934262
8.991184395028213   3.706460387850053   2.0596684680131463
9.443860565052843   7.002071535304278   3.5681691675990472
0.320672569555735   5.781018664000688   2.208618330767119
0.7163737864542157   8.012616315415874   5.305533165484394
4.14348296501643   9.088193022829648   4.542085039994814
6.100910617869224   1.8379269749208609   5.534786422038499
5.028155435175665   6.780774206925694   2.8429113957361722
4.071399278578204   6.086663848725227   1.4006172107681936
4.462361287426648   0.6020836953451675   3.9837711130030162
1.6462791361951188   3.436291496347758   1.2015522330044108
9.242599043115613   5.873409660376917   0.889733825443789
7.858583778581365   6.62223325137961   6.109713136701147
6.7873238126025175   2.8787039068119906   4.038544765062025
1.9193912235882487   1.2308223935508806   1.5110343601635168
8.555388245542593   7.584947871530339   0.6318707801225656
6.842006754107254   5.886783997658757   2.5535366959526686
9.536794481556297   4.547900775555633   4.338243333557082
2.7481612787581122   6.373616660099845   0.25052012364761755
3.680782185608421   5.155295087920631   6.188853246615885
8.965340966320733   0.44232877312828855   1.2751881093768422
1.8294227676142525   2.364621062630676   2.178277844362308
5.689095607332493   7.451731958971775   4.26649640355556
2.578759470404261   7.192316903427558   1.39869650285232
3.0044788298979865   3.5962545679381894   3.559830704410351
5.56461229750265   4.4103082084779945   0.6951821297338504
9.718815163040704   1.9565383589282923   4.724497850502329
8.031789844694954   8.985573890250693   4.215591130091692
0.819211670779182   3.712140767608232   3.402695487803954
4.971444605713149   1.3283178537979867   1.3647586675588297
1.3328187249927554   8.55279200121517   2.009117307247329
7.653848923377956   0.10132293034782924   0.2591848254011069
7.403623080085032   7.832399021693604   3.257841024475906
6.168078821242496   9.6544319824   1.9790377316149348
5.528297406561472   3.5909024233375404   2.9100375823297395
6.500777203761702   0.7362690327967133   4.065955397961079
1.8504463878012931   0.28748251548499415   4.398000292763173
4.787630193295862   8.20855633833085   5.6776681877109105
6.427342767474024   6.548261023751426   3.6839010408429775
3.5663568606079736   0.5516542304290195   0.7844702120919678
4.192203986768123   7.6559187218198375   2.8212484759902825
8.168496486779633   2.7495792868366173   3.6009354323055054
6.671060239925684   7.475369657033198   4.634958442968254
1.4677795711389416   5.647168836459602   2.639902631021184
0.7330591495911887   2.909923247383599   1.3972909629893833
0.5483491032091261   6.97095596349607   4.368817024999235
5.668144802378029   8.754326983061457   4.657014573828957
