8.272580607640979   9.757762498770438   0.9391646014908747
4.190270965322249   5.6498405995828955   3.914897952478387
9.3425974754664   0.6654867257217161   4.8275170189380825
9.630366093379813   9.157359719203475   2.3960694379131198
5.136401791396039   9.609764388076224   1.9818437752886986
3.12749976103734   1.9409643277859199   4.225939254864551
1.1136930941418797   7.9789150618753215   0.7928323181741366
6.3675940359976835   5.451545331740397   2.6903550626004025
1.8975289277796585   0.6626461017198721   3.7792808719749607
2.093448694075029   2.7417788747930394   2.931381435907165
7.770591231570183   2.32394703250264   3.55431926531122
1.2826456710796739   3.1282335277495523   2.212111598793049
2.3464378404714004   5.656027498653771   3.494732705217707
4.498187361760348   6.625507161954624   3.312254705316434
6.8280943921401684   2.4956454858627635   5.304813227206216
6.40285998122024   7.15156535919495   1.8144344672260488
2.7259818935274924   7.421914303471488   3.3797637855185214
5.525554000854276   3.822407773253416   3.679933232014027
0.20216372240181107   5.582841826404365   1.766459533832404
0.12531861548645457   7.930068587362554   0.7283836217629828
8.46489341708688   5.353950156089678   4.975844555080318
9.063168645406066   6.641467101057143   0.3670814835639833
5.091081655775121   0.782234385474804   6.154971334833617
0.5765072208094468   6.889882034825659   4.319137618817605
7.869286710108763   5.980978725546936   3.114820142292379
0.9595516561752578   4.37156285026696   0.4020571374582187
3.936618238866732   8.061743824725342   2.121956671100872
3.325778958278135   4.966175667072036   6.046331661072915
0.38039521974642115   0.07017580894305359   4.836615730327514
4.1119991326338825   0.18497190340274594   3.377485167589928
7.032945540536195   6.019446286352167   6.06763057524329
6.879270675989689   8.012529436713576   2.165584264904064
3.1802832756052855   8.71991972208654   5.67577232725831
5.214232749128243   6.415291830699796   1.7027246508176257
4.748603033019897   3.582766238736787   0.02342409534433809
7.423137422677869   1.5154279890926223   5.981179674183568
9.7874903315598   4.340273291336105   0.9458764307068245
3.81984143146168   3.060575305558777   5.277546170894132
3.7982797931320165   7.225822999216244   1.3991841971169565
6.683431905345637   0.5104577666668478   1.8518078122555357
2.5524781164810357   9.508342410998228   2.0470957889223396
9.443981301431819   1.646238836599978   3.9817014607847385
4.149822342068921   4.227530036207991   6.084574838921811
8.713887320775466   7.660653297384193   5.548277313284603
4.36924462687089   1.9026288873840418   3.726676621916538
1.146057672104996   9.652838686730298   5.5124112125407825
7.340013653854406   9.099522336530773   4.904430855440897
0.49200615595300695   2.6933684075642153   1.516964155305503
0.9978347353330463   1.50163284733891   5.827916488569543
5.542160077011457   8.356263513756572   4.2997909492864155
5.070135856815132   4.928840967235882   3.6767216479311013
4.951846178729446   2.553650933438463   4.991800620640612
6.298184961717524   4.165286457060087   4.121199250407182
7.81303931283384   4.733516649285774   6.16636076609923
1.8613287210093075   3.9391111678692106   5.277870874867664
4.195710194041267   9.081328143123306   1.8396801546531856
1.9579260811926358   8.778392602308436   4.239976699724085
5.8981743647285985   2.7449650160710934   0.625024316651527
9.067542195250468   3.700996024636117   1.523097752764298
9.335293541858366   2.5950991529571836   2.5984691765399277
1.2142269417780245   5.066636852833947   2.4926843471872595
5.595509031950805   1.6189610114453137   1.3096464943119022
2.7748658196275873   6.490372404321657   0.44656918468527007
2.1867015226662576   1.8471947850605483   1.1452012488153376
