0.3973461213193446   1.5178805243929956   1.8430568973350892
4.91765972738322   8.245640155892493   3.0536689634568437
6.102706708562958   4.940043452095026   2.7340935129107153
1.656145012035509   8.160905382282508   4.108236978090194
5.522233795385932   9.527748069801405   0.7898616421095684
2.0957431783158955   1.6803695209309872   4.087469557613597
1.159065887579577   2.3222060977689436   4.085514928578965
5.733040236372639   0.9350536057720173   2.0860643811876134
7.8692218035648   3.7415479051116276   5.008279592745481
3.7078404682909856   5.798381334222865   4.2816865944302664
1.6287729361438228   4.61691914851706   1.9043571308274339
3.476600690199026   0.8729757885282603   4.242158890305289
3.9297097816773543   2.6382467435927492   4.187695049280469
7.8887555896827095   5.407409673564214   4.5157583532815035
5.45413478092423   3.8402368717449593   6.112184587697528
1.3857024314554014   0.2642405789231823   0.7407478783320852
4.901977845901291   0.8662645918501753   2.3906733497245356
8.830318822289547   7.331831676545396   5.355762839614119
0.29942463327768587   3.0795494381409796   2.477710477237821
7.839939855510395   7.191008848667391   3.633338985011716
9.360516861023168   5.724599627647502   2.328752799015171
2.768515564554911   8.67709385325596   5.084471602432022
3.805711633627509   9.138173740019072   4.4606164667299195
5.047438035475237   1.7703113946537463   5.969777385751557
6.037805160863421   7.979653321354968   2.3340379992301545
3.0945912552264967   5.268254957606243   1.1469729187176176
4.234893942612553   0.38373103709329737   4.599624680709823
2.7433392479788896   3.3743729692077125   1.9335882538235298
6.919185189177692   6.229873697716098   0.1943703675121351
9.62002008859772   9.638078252424208   6.191758760503485
9.352648021490623   2.5602119775318464   4.385433189964871
1.2884438788922774   1.270045761013649   2.1223382200781824
8.267737476283344   8.135802151411392   0.45345084283605297
7.141286581666764   4.975232693218025   2.6196763816498723
9.241320716842818   6.6031261947528135   3.006664961767931
2.492183659718258   4.596328094448984   0.32945054247613603
2.0818064668025387   5.429117649585724   5.9899441773522275
0.6971742777334811   9.093414134340573   0.8319035810395159
3.306464410896364   4.150657894377754   1.9490302241329618
5.944710294963411   5.887080882598581   4.619643639054452
0.6617138711996579   5.049820975717225   0.9736355332769125
4.865719592759684   4.7786445736571554   4.64427462539246
5.2770859939308465   7.086119776116292   0.8824080358732749
0.054181869209990186   7.809674827907311   5.391975226958178
7.761990771945774   8.74314577227676   3.6317149233443557
0.6494078907748564   4.014018677630225   3.8665084108598915
3.832989202109672   1.835090730641401   0.021750078312361865
2.3966805795894506   7.76201857625197   1.6864787509089447
7.033678456844405   3.1308760480685622   0.27822557930424063
9.664042254427454   8.755986470112775   2.971675928779551
7.320879378589276   2.131888060748362   2.464958937450755
4.6401589971647965   3.297093137949934   1.3471394876094573
7.4848678137911335   0.28373202314362056   4.513971346682988
0.3261276439155609   0.5891621372655202   5.887792024913444
6.72531257636268   8.75903741380942   0.40286958791643673
8.556496463430706   6.03307165132275   4.253154709676995
3.085893982057711   9.70238104617475   0.679977014870782
3.1414839051128727   7.140376144158948   3.167341333023022
8.968008948130784   0.8338609179924427   3.320791734257962
7.032104243884215   7.580948749533806   5.574724302701713
1.0713584460524224   6.668467083088279   1.8326862788043552
8.240028347157228   1.4900645313180543   1.982439531280998
9.523212501116511   4.582270941468546   3.5115947209327
4.628872628399711   9.122441681913086   3.9742413842748507
