6.548612263537211   2.1747316061828172   0.8513806783106972
5.394813205197311   6.519963006145915   4.513728650704287
1.7080259823160913   9.662558939081329   6.115287060574259
0.02426971074485912   8.03581187975342   2.1837152458209284
2.037452880869089   0.5426741438285484   6.0357758223671265
3.569888295961324   3.625461909065861   2.737836212725507
0.26152825487900816   9.085869573557156   5.841088513653037
5.139869943039554   5.515947354563569   2.8408694899358027
4.687651952475476   1.7197271235510119   2.800216546341899
4.735387142492311   4.083180327165097   3.6985884608154502
7.167954022464416   4.713889178388037   2.6800031792641326
2.5083455964929895   2.5814085026599116   1.1842709159256974
2.1139595814217955   4.105717355842582   3.2751040544647925
4.459615263883753   6.162841950912328   2.7981122244184693
6.63383875364873   2.915322325443919   4.2142518190794895
6.795668291742198   8.270525594427895   2.8637402162590853
3.692420815293563   7.59749420420484   1.7335788873859124
5.14529238057647   3.0919001890726685   2.5817175549020743
8.361500175637602   5.5747650193795995   1.4332186010617558
0.9407734056257175   6.165806750003665   0.8560906407050295
7.389699663543299   7.629449488119073   3.387754958310397
8.055474836615618   6.202918528950171   0.9130623382955377
5.016044061294992   9.786626100309773   6.172832966955678
3.074274517230664   5.217645983225418   2.6610036621376874
8.889771728010071   7.6937696049491935   4.454082795848543
1.1122590238811187   5.093989878956359   5.800936062114352
2.820267904536868   9.689257491954482   1.6315510981179755
2.065624858471798   6.40926974400846   0.5487176015499963
0.2970649605514879   5.551999425214889   0.1656805735737094
9.301679891789862   8.639530288047029   3.9497410464411367
6.21362259872173   7.281496880840358   2.1345988296839025
4.758288935554778   7.474883693799019   1.891415558256921
4.083231063313895   8.548353819455688   5.779813257122451
6.775671472426681   6.095727154240415   2.125659391381653
5.6822729515667625   4.491574819690502   2.254065872173849
1.4090662528843492   1.9083082591572391   5.172043792788005
9.68234403428264   3.920596970314125   0.9739806265737548
0.7530320938340325   2.56636168150561   4.083553208566926
1.4920681143736494   3.372048781392264   1.3529639583342685
5.628290877836648   8.003252538759677   0.1959218364916544
4.042953735499853   0.35290704751608687   1.5647751058526886
9.317730910729235   1.8350975321922844   3.8150170386487936
4.180015123269287   2.839926206224498   0.5897452131980324
9.058795214806667   6.843906195733806   6.088829379130137
2.902180848732287   1.6773262408605254   3.4497614397797074
2.16638670860058   8.696816600114692   5.656742981662566
7.7960822302158554   8.41216884160534   0.29260291288853413
7.909328597235775   1.5556117403896772   2.451796755480578
9.144006000551519   0.4677806055747842   5.867162191856215
7.4608557481015545   9.373861327790333   3.587571627506117
5.172499272821877   8.91658944468595   0.14464740158788575
5.449171812514538   0.8481098853422913   5.719424234191266
5.689893311002619   2.245232727431567   5.91417514689369
5.8889676788858525   3.667152074689522   6.1330346163369684
2.138606644490801   5.203875512591331   4.980132764384732
2.9620869659410616   8.540331364728376   2.379629869191559
3.5562899935973453   6.592924390024641   4.085004495365309
6.4420031173445835   1.2058653940718485   1.2524852388407772
8.951349980842753   4.646828798868677   3.0640049911268004
6.916851052691649   0.5264531316449854   3.899042617714799
9.211836425376113   2.8447859486476017   2.3646464354708097
7.104728148614666   6.766049000452689   2.0289534140303878
2.2884794689672048   7.2958953859087226   0.3913880919880346
0.8333168077610629   0.7457404103452707   1.1646680135594467
