6.396067579183424   2.5415815347414794   1.643450415765023
3.187373445230662   7.355207252881305   3.0878930642462135
4.529480280913493   8.062466280324438   1.1004391606171118
2.493699782052107   0.6867762160286124   3.772439371901682
0.3073306959432324   1.5524756908949562   5.820673674153489
3.66298755738053   3.8979485204376787   2.1787904031146965
7.4114487751843345   8.207414110467353   6.142019326584418
5.00133767548545   7.026015212051406   3.6564183017178693
4.92266483639379   3.3922618483989293   4.208381223889371
6.082401268930821   6.497510960622119   3.3422106186951206
7.109875506065213   4.980545558744758   2.776357775767426
0.6552997412809818   2.5067941166687477   2.620693927734046
2.80441429242246   3.3583258128841704   2.473523255050358
6.960474712789201   3.4593994662881147   2.4585048385941524
9.586333317438633   4.189266572708827   5.5376966600496385
5.307201729910832   8.624987355385203   3.4638853720901626
1.4425997388780227   8.466311044452544   1.5187110567477202
5.445611952753689   1.6953123777562904   2.3715285220190654
8.530821237387427   3.9729414580192515   1.059595395771082
0.3999688783962691   8.255989599696095   0.8236916423503291
8.315651595088859   5.904176692437788   3.147369948978766
0.5235475368764579   7.349371246639686   0.13701579697620653
2.5475185462743197   2.5623992121949923   5.747072401563136
4.202478301438843   2.782729931675833   2.51511272018305
5.810149986679562   7.7984727425683396   3.922148969655789
1.0832726798478973   4.511787913418712   5.14637284536038
3.5294338962010445   2.320639660935136   2.109652196590386
3.2279733278867484   5.591025349052963   5.980740563940546
9.217143587680367   5.193146617966349   1.3167675653622999
9.002776149705971   8.414806216614691   6.259248103808744
6.379378584993946   9.75226642432589   2.407006233885164
3.3698912230260394   6.509646050358477   1.172615969433449
7.068381981214225   7.257767524800565   1.7716934613198012
7.916099344784832   6.837096553657663   1.553032038291121
7.880379098653326   2.548164447207659   3.6125149464815567
2.6325572379167435   4.418236218151735   4.1057818877127366
5.864674056851906   3.303748645511594   0.7877262250076902
8.742404602295567   2.044159137424839   3.9678445850090664
9.63792726404125   2.785192711789014   1.9198341318055225
0.25410794867059217   9.432113546466745   0.12813104359198504
2.3507780373922937   7.034924866949838   1.99807334823143
1.4526589859799663   1.0371106755555124   4.977877760436971
5.07225596707641   4.913579337647528   0.18396859315357536
8.93215480568502   7.437517706766818   5.210887908758738
4.653919717624235   9.128847500029284   4.082910008355145
0.4356290041778421   0.6491181179357207   4.320882554293205
4.49964098961278   1.3890832499158376   0.44511286682082124
8.881747087311297   0.42771087872874747   3.2948913943182845
7.929264207239537   8.893216950738983   1.2723920461937472
7.955685098215614   1.0491490671988783   3.2521710887874473
5.416608806442911   0.772581963570842   1.0460938002867977
4.721445644755708   2.09232779745727   5.046781143004534
6.9319703659982   0.8576817943754004   5.49132048072757
4.900564127667615   5.753742076714771   5.130848656896359
3.3892712124027806   8.588152232162514   5.580444889529025
2.371656336536285   5.954890942838382   3.2187664486339
3.6185609499439932   4.8783264633525025   2.241132468143173
3.9634012615947998   0.20513525145129297   1.7999939368591928
8.859792918986635   3.24571588771128   1.0922810730432715
2.139265242797817   9.02912595028691   3.7287920838387913
7.761228670952036   4.296073938682513   1.803641224172994
5.891547010401887   4.619142812385264   0.8836356470974123
1.0607038751071625   6.022606264985001   5.108477295544483
1.5215550379829685   7.376061403085046   0.30447856455510325
