7.7954007965523235   2.8685379201167214   0.6150275514778105
5.2532941428371425   6.323029155222889   4.523797387113207
1.618247065402624   0.13252959636812023   5.027143418899153
0.31479992160101183   7.755548204102436   2.52552971570063
0.7700943720181264   9.435873187771747   5.720603730443638
4.193167241073556   3.7436082114041858   2.383446172719552
1.3449931108486033   8.099198787225939   5.77086379637487
4.472315184352965   5.189183988638678   3.2366597925894633
2.567768661350604   0.7422702952732363   3.5004138156686553
3.352546951249292   2.7531035989028654   3.4146672111641267
7.041095383913402   4.902516371610469   2.4099954409018527
0.6747276050047009   2.500682323307012   1.481594802303245
0.9198100431077136   5.339812158655275   3.0052009224320657
3.860415741704388   6.111423279674017   2.507253211537742
7.027517286356484   3.1836642570649945   4.22116206198746
7.101834611517308   8.455857441603195   2.670327629785378
3.9752535998178553   7.393076160350254   2.02276881889293
5.572213430915844   3.986701114254466   2.238386165998433
8.669078789129271   5.600969591251963   1.604113153839454
1.2473185403112366   7.188169683440417   0.7271198743148028
7.180794919824132   6.848311882090104   3.3038094098436983
8.202849502063406   6.801477257240675   6.057488401353691
4.45633421403533   0.3770950381398355   6.131351653183521
3.0490917224173533   6.43585290741969   3.3057804272541054
7.9902336623054975   8.549166184639267   4.046516716553576
0.07301265829965775   5.368218767712056   0.14225392291358957
2.4028961117073324   9.594063852830608   1.9323672861716237
2.020276659045589   5.24139290128793   1.1117104616128115
9.554371645109867   6.25676849040707   5.7888385703837795
8.91803460052923   0.1352135928352567   3.4117300493635137
5.8425268172128995   7.230448909265823   2.574271308448547
4.8743490314668545   7.370803146539121   2.5187084724407933
4.1605701180130605   8.417794344128701   5.922481007288006
6.601003100450568   5.776678572985706   1.9430687312824702
6.39146420311895   3.8233177463813504   0.7629067378871129
9.52436685838871   2.4071092741782785   5.5173651149387855
0.03675698081414602   3.2300255843115493   0.4786364419018494
0.3411342752526261   4.160225641186919   4.699561004854963
3.3311411863585194   5.011588911323383   1.8257986639418733
4.972204162772865   9.371825629490209   0.632816403174648
3.350512972675898   0.5638953366583106   1.6183580369918384
9.71653375697621   1.0655625576199161   3.4385972139054983
4.132054460975275   2.147064673718751   6.034742314596712
9.475712145357392   7.041148593395986   5.860534548374989
2.9763265637426155   1.4341327560013728   2.8091158231277227
2.272085045146192   8.78484257658819   4.975895511057985
7.529570152135392   9.225687174793325   6.23765387408772
8.582077176335684   4.020223653927061   2.4759863143739516
8.743330782012356   1.2261248677326066   5.599541169169265
6.11852885998194   9.691708281986836   2.917640197084181
5.819471201860219   1.5250576750485765   1.4985235386206028
5.154295324166092   2.245260538725565   4.991637576457859
7.011412972919752   2.06617463727163   6.111680427481368
6.085617418318286   4.9547076164469885   0.5602385291011517
1.5654714185929468   4.41442606455915   5.501031978787068
3.3501684394516174   8.022999796906364   2.3839130238529096
2.396547910885146   7.836089109137662   5.097635619901432
6.718587931504472   1.0949408706258552   1.796346476020362
9.336880983964694   4.431481611676992   1.9444783442349396
7.701727370975362   0.3355401209339405   4.079743109140687
8.56338285549351   2.3025332423567066   2.2870268227748074
6.269674511844853   8.485428049748597   1.563334915145404
1.2159597978230112   6.248870925006754   0.3683428117715192
1.7351510862184663   1.652155703803876   1.398221099686905
