6.816824358174256   3.4988119163775497   2.5191349173856805
4.098792198956919   5.720534946734851   3.217432142839017
1.9621544685873429   5.765608507020717   2.4112507234188665
1.453111054659237   1.581884732944234   2.1722812556931803
1.7583142133545   0.11660939309068974   0.3574002424742391
4.995582832852123   2.974384923472326   3.667168420606655
8.525634068440558   0.5864118882303854   5.607278195685189
7.336271215734987   7.767082517054642   2.4127176096113296
5.74086074353687   3.6011004291636977   4.338695762959059
5.0200468114622465   4.2690743309431   3.1800168940161155
8.806136466300611   5.354859860431233   1.3556994448422304
2.305104792842043   1.6982958235204175   1.9819144980437928
3.495695055428826   2.040864419132826   3.3379267373594304
8.595499554812909   3.60116326317491   1.0038637576899383
1.774486624460293   2.5516746764790676   4.367119552680308
4.1276316075704385   8.489412234060541   2.225537136579322
8.108343682976919   9.610113132485903   2.1859457743446953
5.664726603108823   1.07829348530952   0.06829829458400916
8.688089184323191   4.468781540131937   2.551895537298922
1.8482465462985336   8.972411686543666   6.205788553386266
2.369709028068489   6.6511137586782425   1.3491103220585217
0.21053011718041148   7.6754928861216865   6.062440808216523
3.9987753981150895   9.60709529131411   5.384941730261235
4.886120720656958   0.34112374930184236   3.423977353082663
6.3887065930765345   6.757138900504775   2.7585984057761186
1.9727543047526268   3.6790216582341295   6.094159431980066
3.3945516378296126   1.1227075698991618   2.672807855642414
3.355788337775554   6.616904639669154   4.906651701810951
1.076699331906734   6.604879723956324   1.3725656454953794
7.72088643803873   6.6493419712924   0.034593767246544616
8.302005814914992   1.4789443499304669   3.9098254750721932
2.705348934117617   9.418617316278288   1.81839688716659
8.551315117077571   6.5305859348843756   1.7830470853117726
9.000798078410444   7.496659505171822   0.7351557916022439
7.764134876653283   3.293493125910052   4.873209274431028
1.274179739866951   4.880877142397943   4.741287724425528
5.7165362945987654   5.466214698484056   0.11396602081229962
9.088472925077225   2.05187344532258   2.714917100008982
9.548670359675613   4.1628068810634815   2.4900941442157287
2.459761584784519   0.7018166968097986   4.756970926758865
2.3753708624133063   8.287235579234178   2.31519690337986
3.1311770997752637   8.132880551172445   4.411264276575932
3.824627071786005   4.802701640275611   1.3974027569975436
9.082423797997007   9.618327169961896   4.927587010095767
6.508891692153845   8.132216427342719   4.598487019783752
0.7811447572992243   2.9251234858977964   4.607552813778516
4.447345552865785   2.0229760233686953   1.336601230309032
0.16091442999678673   0.188029931623592   2.7558275856645174
8.820443724606092   8.635425117139434   2.510006272463327
7.2817418252197355   9.177584610943184   3.2619934677740865
5.532161839964758   8.845565931624678   1.396339074974607
6.5117748062724425   2.3555059751261913   4.070231654312465
6.753650401469569   0.12144373892028895   4.692291981909659
4.1467683902894015   3.5688404229016   4.777318392488567
5.598173132455404   7.8277075216157295   4.902209231507112
2.8524936709303312   4.627312447292557   4.00019959379624
5.9267880046780075   2.9030997529982328   1.233160824113891
4.840150053034963   9.181885876410572   2.207918007973683
7.554523547712499   4.210214764474748   2.1106889829295277
5.4660227704299125   6.378285580250627   4.633583832365354
1.387569105167787   7.473088014928425   3.0440049686544124
9.562980750821783   3.0912339573319954   1.5314633350077924
2.870809591628646   5.7485151943323025   4.568691657317017
3.666881687186798   7.532622450880976   4.73131854957856
