0.25197807297413133   3.1544183203335474   5.198872838153757
5.783687657388042   3.6527369916345194   4.697305340341979
8.582980903155493   9.914029962292458   3.7842155747510757
9.140396772680884   0.8244377096929316   2.02985383705549
9.651773126169976   5.084823127377462   0.9692506420524297
8.731360001998546   4.4996821577490165   4.648916793744755
2.1066680950415577   8.047413093001982   5.031739065009428
4.161983922868092   7.568015668216344   0.10431223511023002
3.851851197978394   2.8796018077641894   5.67386125952424
8.021225184646157   1.0558825671059289   5.095787010706842
2.0805076868586267   5.277577727676642   2.218925834275919
0.4135794855815009   6.769690854807793   0.039265719902593865
0.4471738703937532   2.080555748122713   3.994118296216306
5.1345726642941525   5.288377741421486   5.10293280375691
7.77960816296995   0.26043845502284213   1.6685766833014073
3.1210017729232167   3.750502676634747   5.60906143524401
0.9243273025011733   0.9944717567457126   1.3584420131656376
2.522432771129769   1.5432558195307005   2.598445433094319
6.0102317097886475   9.673495546294719   0.11456530462206424
3.765393805748122   6.719870419327904   5.462114478099281
4.325407688270836   3.9854751717247154   6.082574906271326
7.09585565066226   9.012260459746125   3.955509988031056
4.5199260104356735   0.6788033366070979   2.6711834188886963
6.9145124252993755   7.820843520551465   2.8222491751161156
3.5023089848275624   1.1923710917574137   0.21533324861873698
5.925532067931005   8.513494772262838   1.1783859904173002
8.550112719167494   2.352997828258971   4.035433836871379
1.1059515878722104   9.061105794360563   2.5136113223246324
1.2454930430530715   7.162546852801955   5.928033773333494
2.801656720184044   2.8890415036829284   4.238974130589663
2.895303479862677   5.268054258387303   5.736973599825904
6.529156482391674   1.09126218485223   0.5828835321488858
8.986420871190269   5.737978218073987   0.17996933409510188
5.9523042715259615   2.192244403809496   4.708245474859418
7.2864846258124025   4.683330401504294   3.104900035275129
8.042949486962474   7.782297766253528   0.2729202435148201
1.573471131628577   0.08788983945360584   4.72613480956456
5.734873684879058   6.079871331946757   4.224447791382293
6.409789711894145   6.819986112705329   5.095503538350831
3.868603499339941   5.154298718992302   4.1266583743115595
0.7117187698678111   5.881545498294347   2.812566681769996
7.116069716825345   3.058912729103002   2.6179729332881494
1.3756048233889988   4.872984710837173   1.0220154231438228
5.2465559272959075   0.18102269886125189   1.4414533429902163
6.394184509781329   4.738189959908067   0.727803108311969
0.10238922958572949   9.41889006487458   2.8659195033981457
9.473210441030822   4.10992488770932   3.9334920390647348
2.967415812136138   0.40471928450433536   3.802939775723911
1.5403284566813258   6.163045979070854   3.3280527939896776
4.888970045272277   8.78470285342267   4.596928604583316
9.37658622706908   1.947988235627008   0.39880883709311044
3.147996344887386   7.832559981473016   5.953773475513228
5.091477682802197   7.053525683021247   0.09827994853641986
4.643857299298943   1.6432929286450078   6.033756481650193
2.6630978134356837   9.222537263319154   1.115089683624508
2.8533190407750793   6.167421543649127   5.0829525074106074
0.5679474619663869   7.890773576317737   5.271370835507364
8.17933100396101   6.5221083848518075   1.4296928945443232
1.7257081454424466   2.3237067766370827   3.9677671471205973
2.2256122611128015   4.158442090346294   1.2238539985722787
6.49078207591262   5.5587964289611325   5.101643566376309
7.26049593785606   6.086883689456148   1.8974907204982505
7.121644161002353   2.1100073433013824   6.115519929912651
1.1396861097691864   3.6055007712187184   5.718239831493911
