1.238208473305035   2.811311364003391   4.747612315084322
6.53093645114133   2.9934284209242885   4.950889928266793
7.6614554917869135   9.203189254147206   4.080362302518341
9.192884307441965   9.912489127214425   3.1938692272551483
8.227150189014347   6.644502854459471   0.16589739133833292
9.670245875769258   5.118409254664292   4.865955588810438
1.532717235796278   7.96150973621734   5.326543136217643
5.053664678685943   7.829110970427723   6.076399068654867
5.717838590311327   3.7472626883037408   0.01558313951909529
8.858013723177038   1.3259644590493478   4.37837595632881
1.886109199050023   5.7467427102291175   1.496074368141731
9.586933481890018   8.525149891442473   5.755720268129111
0.87534796215045   1.5705891834856334   4.304419821917298
4.14984327559339   6.872832163910467   5.715841394387109
7.666514982121224   1.2954697825172032   1.617858235267329
3.79692985464686   4.860934554277311   4.949442643414164
0.1040917445030656   9.703928168408448   1.4025212215786769
0.9682034039833304   0.47803430805871583   2.5375123896177256
5.629768786342396   0.9987375909257385   0.06470776092406598
3.2861706093434666   8.93052492027867   4.994928868010794
3.4484372641166186   3.1785310607947967   5.94383126635672
7.953236366265098   0.2875684780863462   4.970680058620883
3.905482462775791   1.5298119420702032   2.3865899738918337
7.915630147423493   7.495090209918367   3.2995594133150896
4.298507609199218   0.6912606484588802   6.0053776933950465
6.978735859975333   8.634187314199902   0.9393329967662276
0.2564146888920216   3.8003856349382072   4.602075740062292
0.8298875563982321   9.056386375201336   2.379576506538165
0.5369216292284549   8.205478855313745   0.8572622440710433
3.1473858836512196   2.152934772834395   4.436584304556917
2.603346259012827   5.225075199972832   5.742304619377303
6.515989920294399   0.7880091971087048   1.8222455277478804
8.876003081208756   5.703544917532637   5.836034608286158
5.253729842790424   2.630026451769557   5.116998804873161
7.749714925516186   5.548824564589254   3.6799183347278235
8.62197276740969   8.706561706581274   0.5116346690864217
0.10513577218523373   0.8215871025484376   5.078787311641703
6.652032319859184   6.215169961790065   4.182865873924665
6.348693349658538   7.822361822597339   5.540547121895566
5.28398532681126   4.482287978651576   4.616584070204366
0.5965455764623447   5.97740409140383   2.0501657844229606
9.135235800780146   3.731479932770114   3.029075520209046
2.2202286014713772   4.377067395724011   1.2914787599221675
4.352299451434641   2.439204851538187   2.2072841073667204
7.138861409284188   4.243364424678322   0.6668706901183166
1.5350922589885916   9.692529246251825   2.919466905698152
0.5529080676550683   4.562109359283598   3.504671193811694
2.6454383752855444   9.946227227065162   3.810137721603622
9.210847557039779   6.489729845690853   3.378298538475108
5.566256625001304   9.958897019825002   5.237812389461267
9.80365710962959   2.634283709298495   1.2785327618289284
1.8651308527741257   6.702327024140658   5.721351708040264
5.708526638577105   6.014914641038192   0.08593866764710763
6.100256115943772   1.8840763963635947   6.257021065718762
2.37085187762231   8.119585544339058   1.1169728322495245
3.060836822503843   7.172709574784538   5.069626002559282
8.840228606064546   7.587795336431551   4.290564538107429
6.832283100119429   7.0930588490326105   0.8596126257688956
2.5742374667154313   1.4526334484916186   4.1386754901111855
1.477926653111763   3.786443766320658   1.589289385610882
5.941346147243948   5.1613637716486895   5.980981306762854
6.9434382947318865   5.447673557939895   1.9501592219564394
8.203826360406593   2.058490739520354   6.108390425522695
2.3482237476918932   2.9895097351361315   5.758135480710367
