7.6110553087094335   2.891138843885488   0.20341156751105935
2.646891377462598   2.449573499848005   5.123097713737144
7.720951746428214   7.299486329100691   4.3940603454115
9.421881638358219   7.252423883055702   2.739194636331592
7.826782455498261   4.217692625958846   6.0810204854467
0.3396493159049697   7.517819225405669   4.34462740598576
3.355639356508477   9.519326630079366   2.597386075348472
7.752698312296373   8.32101149424256   0.9562414636802781
6.619126187965889   3.7229230497971493   0.9091842983162082
8.523093052895263   1.5935847080539696   4.477738031683209
4.712564419289507   6.3286304154754   2.044435981136997
0.3388940772331589   9.20682716105678   0.12401813037967457
2.1446799575069218   3.7797427656148597   3.7679800246346
2.111334339724193   4.655143034733254   2.0690388011340906
8.945682973210916   4.38421024072248   1.285222042696113
2.915679074436887   4.197577041077228   4.779758205850543
1.4029848483663647   1.350374936820697   0.28797096626498286
1.4439986615484226   9.317223315607418   2.176372344710312
2.966998145308077   6.65016086060527   1.4154595624064645
5.449672782013948   6.8218245138370355   5.725848543038475
5.202511918406378   4.139709157002477   5.573575172116094
6.693484948511353   0.9156492449302179   2.7601115265501432
0.5527249986777903   1.3695481261470934   1.7219888517974657
9.328795063064202   1.5382290718630283   3.829500994937744
4.172809662755412   9.713715039529541   0.2862359252649713
5.532711073468666   1.2591867870364921   0.5734786493448454
1.6822616706415137   6.65050645378122   1.8860396520570035
8.980015278521027   7.963742462166581   2.3268330805869795
2.4950750081623982   1.3467930169481468   0.4803472442946696
3.1837749167721863   0.465506810618181   5.912228526515578
5.077449638209936   5.414311122743881   5.877584941198513
4.25217829084362   0.7600399801684725   3.32663475659979
8.122180266353197   6.142718225897015   0.6271675019990862
4.217651278686419   8.88021961464638   4.913889206943268
7.298471775734994   6.074469140822266   4.3342746129967535
6.972713982686594   8.000186269335858   0.366523823778544
0.3223026783930786   2.2781418253346617   6.096640030231592
7.183891532688133   5.04256839408359   3.9579238066357627
8.638655456598329   0.6606535203330761   0.8249771497252529
4.014146146541658   3.5224173511900982   4.8713435146823025
9.14455969194019   6.377416056040804   3.43122505424149
0.4191686462912784   5.070982472717561   2.725572693770075
7.116048712038696   8.869968780657649   0.9461332770048392
9.409333263548737   3.5837539792879007   3.6867145414652143
4.9793869147019825   2.4650668010827776   5.410907360923018
8.808974917897903   2.9000566014000912   3.3550191445123687
0.0969789477642361   5.91128462515853   3.583175326244876
3.7080151836487936   7.853417550512397   2.850342226413686
2.385091487974745   0.544090036910765   4.949882633920253
3.278604280381599   8.63137410838045   5.047070073828005
1.5671736937252512   2.717184106481266   2.3581530515910454
1.5517092363611833   8.193867230219844   4.645610905822317
4.6238639535329025   7.600790435738119   0.5688357160647647
6.789891544638047   2.8410976201099567   5.152267338744045
4.0926512901734835   5.39997852483083   0.5111172996520414
2.655704952191097   5.802790162748208   3.848177545170034
9.314245471335683   9.819675830115061   3.2953390907917908
8.55655314281785   9.444035426616141   0.16560115262243824
0.20878138583800993   3.1646030600352115   4.170893190654035
3.059062764641905   5.056843912619779   3.220723648982801
5.74609656748876   8.089420640438208   4.925011773951553
6.159207903890086   6.120981930043406   5.740555693818695
7.677587247169624   1.7012621428084522   0.15673026617986505
8.783160074129894   5.297958071126473   4.713769136277076
