8.279033164397806   3.986183182563816   4.0002899471355695
6.403521319188137   3.012964873612831   4.090320692744529
9.179563151113157   7.976709149681144   4.406313049114209
0.36166596185833483   2.4934619497013513   3.3205169655921973
8.283709570056658   4.947588246929974   1.6720129799078807
8.663921065444185   2.8014335507104664   4.092939138716627
2.3692808309161197   7.4723135032243455   3.8409930789329443
5.2167661417673346   6.776752269185889   0.741774508006124
4.725856907364357   2.262892360093825   5.273230502185421
7.3482719450580865   9.550760922294037   5.001791761911996
3.0377381455798464   5.485794295198823   2.52639534393163
1.2790906967693898   8.100707238134632   5.777853615081367
9.414283868797655   0.41945725341087403   4.502247869457055
6.932612107000109   4.623615047386099   4.875886974144393
8.335270045973708   9.393333082402624   2.507585024197381
2.491316833423002   1.865027813002687   0.3867027553972371
3.529186104557038   1.7226966685411342   0.00483633928236446
9.758198246298816   1.5035483393637068   2.307017365109157
4.417091073115235   8.196194374456423   5.913649582074541
3.9226963250290723   5.279103812558641   5.454971692053449
5.414968398469056   3.848511258694703   6.07534184350358
6.89239930294459   8.820056626556548   3.852759808123856
4.4532435196314015   9.423398714171134   4.338301983874615
5.441959670625525   9.240873101197835   2.1564962046856846
4.868923042293834   1.2212542252746705   0.1271611822656612
3.358613596798783   8.939703535054688   1.0474030520963142
8.559044257931518   1.200424251860978   4.207562692296182
1.9883015482581667   9.31961117941922   1.6146021310051213
2.721497635575758   6.6277944968626485   4.956748986943322
1.912347104059474   1.2821841331065589   4.207811370971745
2.2674106295675944   4.839587940114312   4.545684117039943
5.13314935788156   0.1494992607304842   1.0283812974382402
0.0608890815162102   3.5422519688324994   5.514762704999974
5.7512821262253375   2.34432376319398   4.215301263679492
7.274207526613991   3.8340481101708943   4.7515990724122155
7.706015982431939   8.014670059482398   5.068196914449002
1.1277754010493517   1.7870029134545762   4.67618232396546
6.074501033834595   4.975508257573991   3.9126109397407567
6.214738289704886   7.07055249446203   4.915552357247885
3.1057293738939666   4.0085595155555245   3.325246773200292
0.4935112429121058   8.738018599542661   2.8871152162337115
8.02554397928167   1.8511084922051815   3.49186055281052
1.0933003299976876   4.37220577498362   0.3329941414447727
6.159910861437649   8.342135010477142   0.6257699604809928
4.593986330285111   3.398076269108604   0.07774094081520566
9.15898769744591   9.110820769026677   3.853892356926213
0.5465226778621701   6.189942450373662   3.6965230181710336
3.9580707839720195   0.7570288472800903   2.264960771461501
1.6748041468532255   6.542550347395359   2.817927683432602
2.9848364702272567   0.4280801587679175   5.56940792697876
7.653118117899396   1.068164547279789   1.1279821925635056
4.353130793767079   6.446159069467584   5.759100099791205
7.576129888372618   6.916246121468765   0.06776326362590934
5.85798732571433   1.0504852519371097   5.451064466816711
0.2732152452733019   0.6040687057620421   2.061341874147689
3.873552948850058   7.36085731132383   4.301039151442791
9.909941512876312   9.601918798897643   4.302144609465158
8.89482864797665   5.759026347514923   6.130149530570345
1.1435928088735354   3.5314120808568843   3.6585441586689496
1.7818514664247003   5.541979748485446   3.179444127364373
7.18646919888381   5.63273622121393   4.625298826753396
4.728077240732725   5.207979237405908   1.9790324802336754
6.564789553845335   1.6443206029345132   0.01016474982288873
2.46637188593298   3.142165913316129   0.3713968859117769
