0.7732058746944388   1.440461693026799   1.5621997874128548
4.841022807326033   4.116589458910099   4.724315834308586
8.789324919468354   6.451922435851659   4.565416410548994
9.949345425276414   7.358879295775742   2.7914177110758596
0.3062576800232632   2.46041166582791   5.346977110332533
1.1169049216912268   9.110552018505402   5.07038968016129
3.711379862158986   1.1424260095128824   2.7190019074310476
7.285828808897721   7.1143672943971366   1.5011275200481224
4.484444246807486   1.4513865474134324   0.7393333080237283
6.577299667892303   0.32720452322325255   4.136538197715891
5.529184135890976   6.225558121860338   0.8348812123732318
8.900794806577938   8.061553496802327   5.628244547110606
0.5418440201022325   4.990318537213869   3.4350322922579757
2.192898657683823   7.1403155037526735   2.8976180412928056
7.799408810632893   5.271446128149268   2.0149727151125147
5.855270424086268   3.8378696294457386   5.3576474070903055
1.5738403364983262   4.003463870337426   0.09243912431563572
0.008994817736808491   9.167328982352307   2.44415660835928
4.306673460298691   6.903760616749008   1.7960367194313438
6.5398225285318246   6.440012436694319   5.225155810754333
6.974686544381949   1.1131696480485198   5.927723180247165
4.793184673119205   9.444427300055796   2.3347382790346525
1.7816476138867674   0.848499622764065   3.043019736402668
1.0158485158885417   0.39584698618483627   2.688706357639813
5.77082011318896   8.692176657441259   5.894716112006072
5.1487770679582985   0.5194865690293071   0.6271702565403762
2.2343131202137947   8.316610180667713   1.937938328837655
8.675181244814304   2.3448175649533356   0.6341829421798949
3.876721936694282   2.0610921891577756   1.9423916680821713
3.7120923431603847   9.04027003003612   5.027302246339438
4.74430242081962   5.352316662535143   5.560941797967464
5.284400818277349   1.8313454887071976   2.1293901861555082
7.765640355031038   8.015381115881059   1.2117454523504985
4.997271804221299   8.165840285271747   4.471530769488946
6.771410723447564   7.895860478952429   4.108284881947959
8.215138491410215   8.80899009700476   5.8688637539303965
1.341845571557736   2.2299826107487695   5.770805714412115
7.7111919439121355   3.0776147683593384   3.9998296519777194
0.10854262813804272   0.8845682289660356   4.0630641563245895
5.841693416921636   2.498424505851755   3.894828430793625
7.437097989783251   6.211925185815683   3.848128651814818
0.5271319677336704   6.697912587120675   3.8680668356165455
6.696521963619334   9.302550111740459   5.8839929229079795
8.350944197464552   4.203510476395511   3.847361461942398
2.4024643023940286   3.6029916740478205   4.394277420072413
9.689613583742537   3.208734720927961   3.271527848872063
9.414271891825031   4.70490661520129   4.576938843816112
2.164806249297992   4.630982904694334   1.7065390383352033
4.244074321827093   0.47084737768916707   5.869739687779842
2.630092026978109   9.161554409655603   5.243118450310157
3.6160232961115972   2.9109746072863616   2.3900564973507947
3.2627854650974855   6.9277922012317195   6.084022130537546
3.299332802450901   8.159712528910942   0.45329354891641555
6.274828273501964   1.7066391878254912   3.8799941629554415
4.6778052167535815   3.1189150011613194   5.286735009250662
3.6269811089918833   3.9685574659238134   5.079496932869062
2.532455746125578   0.2603134770100073   4.020908375418287
8.640578448029682   9.769933255605764   0.9770190757540822
0.7413948254670873   3.5679002686457304   4.887559238592032
0.07321934992443602   5.664929536163108   4.046114423269936
5.688220573271407   9.543491934790154   5.036079784639073
6.678157252658493   4.6879047006110985   5.752217223757453
7.399269606242383   0.39410003488484946   0.906072321988357
7.421714301000815   4.1638203307732295   4.249448861959802
