3.7347492262963806   4.664509621569578   0.026362412983846895
4.316527826097688   3.1730216946030594   5.304786618179585
3.483880685851477   5.566003654977003   5.581189987313275
8.4320439043209   6.837385748223621   1.8693589569932698
9.318888990725329   2.3221035625478232   5.336828940089116
4.421841623613066   1.1487781505201045   4.594448217464217
3.043331198962158   2.85598216246759   2.476817994923617
7.688625751979623   7.333342609932776   2.945200611574548
0.9763852714262317   1.997635738185941   6.110231812298195
5.265985499706946   9.094931837928875   3.4344609135026025
6.814528663257702   5.925492248676973   0.05349483748565831
8.502101696844932   8.623380908740742   0.4400291285444814
0.7130639486295482   6.755953169530708   3.2222183915871256
9.784317260311402   5.452544527533533   1.6679223064944528
5.951552818196998   3.235549982068242   1.9284679154630096
7.63781196011602   1.2709399788716724   1.4564494750704056
0.6718980546636344   5.945704653698579   1.0537162693102584
3.9869654146004283   6.86381257956382   0.6074941558807059
1.80893953000586   6.012559983681934   3.1305803803107284
7.807385386686403   5.405969125688521   4.208863369639033
8.255677742311944   2.432627510555183   6.102499280340995
5.970779506073438   0.1816421766680814   3.9363245737809245
4.111895528077998   0.20912329049507705   3.205867716630687
8.9462601037536   7.84114556625046   4.3146096790222215
2.5667240065350754   4.491815695855343   0.28597605330819087
1.482767938042672   9.644772865982185   1.2094712253562905
3.2571212748651246   9.190692450223509   1.36922687892685
9.352365805870607   3.3450988469474816   2.4944109498329587
5.195700667187948   2.4660963255486146   1.5229893508447836
5.79252622481075   7.9218733381379085   5.263371509192604
4.972111399218465   6.673716608108637   5.026404365148737
6.355444155237766   9.338492922562924   1.8108866962803385
8.274424830492622   9.92110501966831   1.3457899256901782
4.283435502619941   8.766498277699702   3.3388679212966195
6.066993509489511   7.023234586816451   4.9977155859209095
7.826101763237819   8.201533242649871   1.3311962529148327
0.9115758105113954   2.935370769557127   5.51850248210541
6.907594049229552   3.904578960544394   5.228824326776581
7.075801689298527   8.657900529102076   4.740719414852405
4.526013598367285   5.295044633178361   3.6564637155396618
6.517285676584826   5.122044477959235   3.4223552473597265
2.5808951003509444   6.944792504256951   4.413716470452864
6.941670218559507   7.7826108954934   6.137798779621944
8.80692607061798   5.459024180184795   4.740186842305009
1.4342166229791697   3.692664846092194   6.081679831156646
7.947134418234661   3.2623972810431607   3.5897048493596087
9.903584933401033   4.602304671972568   4.775057743477004
4.3550359359818085   3.974314748244905   1.1357242123309108
2.7999421864412475   8.37604920725388   5.399748800167477
1.933877995006759   1.120632417584473   0.41400580429876016
6.042612260908842   1.8409233262535372   4.906732164631205
5.633093598494973   4.626674886251583   6.263039755869906
4.927359999363325   7.6208915393708345   1.270552910400046
3.8504725182311885   1.9425277845896631   5.282701097700859
3.5527677412134704   3.610786381993247   5.272517512997132
0.6299879132599635   4.053690074858212   5.277419152014587
9.925835300654496   7.811444750838584   4.040906965071499
9.031215293329868   0.6413701753073009   1.2050741762494854
9.3660094439242   8.72942951003522   5.622025278230736
1.3092463556512781   7.593397095428923   4.0045330034293825
7.106048365485599   0.5770744733942459   0.6994113780193281
7.5484922910206205   4.46483422907692   2.4038622617580807
5.417337295906581   0.8632641674670753   2.7084294366003174
7.076129339731341   2.4068358526179017   3.848584052685303
