2.163014664664799   7.296315076136277   0.6407693468396913
3.68463391422095   5.91037684900739   5.517180705956825
2.186064441780453   6.008830338139634   5.268379571552466
7.040039851258642   7.22930846713569   2.7730967483478093
9.912467949652646   9.947590343186071   0.8406448146238353
5.697635283038003   2.2175714704208405   4.875196968115459
5.289779453403144   3.523052652047112   4.160092156294715
5.4610082298457305   9.147466154179055   2.736389965157196
0.06778611074758001   8.333500283129956   0.27687870257711655
8.192239741709354   3.0928817453835915   4.661942667107226
4.793787507470365   6.053194095922464   5.76317268663785
1.9548112717555373   0.8700404015516865   0.3408113037671289
1.0520267717940714   7.819243925670025   2.8656154397315503
8.917548968305113   8.135275913289767   1.6807925491790876
6.6570690346563985   4.837985882585762   2.0716646846461875
1.1008332388264959   0.9881452841330929   0.8663553178184041
7.399341395474702   5.612391479183753   1.3806217149035966
0.44508354390213656   5.7848857668161155   0.3556218138878481
9.826346917180137   7.049761543224404   3.6995808905150187
5.654994139898531   5.684271880986513   4.0502869358012905
7.906503841025248   9.073657527650974   0.9482477331165244
7.902008469078004   9.925679990019788   5.498816175398431
6.854299084514741   0.13628332469884674   3.0633619990756724
1.5303556212489597   8.562877934501358   5.553767472842086
6.659560601284629   6.02357690487149   5.336999199051231
1.7394282481684704   3.0123685291976505   0.21204400052459688
4.093076016732211   0.9991331579925762   6.196626556795737
0.7024675817631023   2.589582960881636   2.509991247885277
3.311793358415795   4.246173647987934   0.8203093728074268
4.655115734350558   8.720600118966493   4.471599123338839
4.061523074966675   7.039370761757459   5.813911444642108
3.7049461238685786   8.918597243407927   1.3318332973131408
6.509191366701547   2.7714189655642607   4.584998917375179
2.169503631024917   9.169840358199247   2.610860301997898
3.9133191080319283   8.090028362168802   0.5178655287980919
8.67888076109539   4.442348833668211   1.1365145430157002
0.1738769983586721   3.7762499779271   0.12421544313133052
1.292201434367206   5.818620797773557   5.782174056676683
4.360618009066021   9.731983812656164   3.1028612136053852
4.170914333187785   5.040473851366533   3.998643936500655
5.489853679242518   8.09241061902757   1.7394128424828277
2.4988909153160104   8.171593140469444   3.746899030805873
4.673321930230361   4.291616870530838   0.4925062625943278
8.021910900115298   6.483654175000634   0.5825907692863035
2.485963073912756   4.149577607502217   4.317284346154535
9.533782634023517   2.71381141345855   2.3788977162928133
1.2270819997750058   4.707932907622411   5.480938831812228
4.403092763061338   2.4319596312452734   2.88339452703405
2.7561096190948153   1.4705722436134134   5.2716449213955645
2.7548033248709944   2.728885698012512   6.174050238748558
4.889918152751138   0.692921347511891   4.629157871978652
4.1975882323209355   3.6073205172594274   0.067182983909027
3.5723134094239843   2.0731305371874864   3.3706028989492562
1.0287678681822947   6.812206586303073   5.562490724727755
9.372610228470114   5.849507627825035   1.4841514507311646
1.2987063676589923   3.828170085612803   3.8882770201349866
6.454070245465617   7.880340156321438   3.460836391002694
1.6759626055599566   2.0039259588349596   3.012526919939263
0.9492865547794953   9.574737976816357   4.572309453024679
3.285598660882459   9.91603715155986   3.0776079700453547
7.9693302130439285   2.2384545201717723   4.839109933730825
8.738992285035414   0.45085871376393366   3.0093149230793332
7.803389990985316   3.8994656392381377   4.63015316403421
5.634094469031146   4.484340805680269   3.443642825779471
