3.4820194772208235   2.4859353918649996   4.229849430498064
0.8159851775817988   9.522545853871561   2.1002545976242257
6.714196163361021   1.9611546044495458   0.9786214857639697
5.990594902934761   2.8267176220974397   3.0792024005965986
7.899078287198491   0.6505862217225429   6.061863384901952
5.5894706861876005   5.576472261383636   0.2574429149694926
2.0358915707617244   7.854931204781636   0.9953040668274644
0.14239934757367934   6.953383776916315   2.7674786393080137
6.103356130564916   9.606593612405533   6.205270781782322
4.381079381880546   6.165700337805998   2.3547812362407274
3.588249158678611   3.306503884167395   3.0350627386305282
5.541461308762436   6.435548150913288   2.2745363454397274
7.049105536089502   2.9040834116042893   5.41645930977419
3.4363699877854117   0.7852228739958089   4.547574228290166
6.309401663983944   8.666478006644068   2.382475955138011
5.926571273601129   4.677945083674414   0.875589234158972
7.946002801429105   2.3895542272221673   3.265978746020029
3.8973821771566626   7.7402896266934595   1.4403888590740794
9.747990534163302   5.628632290551691   5.564941460078152
7.8217411771613   9.775713333623637   2.820437325689574
1.7533866443896615   1.2709816190508234   2.92447527404169
2.3763348360644705   6.981559205102598   4.318655936012725
5.37040630184163   0.500368098073823   4.988685784467039
9.534983980345942   2.6887483651180886   1.387540717037873
0.8583344865914334   8.43152213519895   4.515166964929076
5.169436700396649   7.528592875936819   2.7642087793986345
3.1044961293827287   4.109669353733393   5.984549187039963
2.289040944332267   2.5485412701708268   1.9138990605739599
2.5137338514832184   4.92809094142579   1.1432063843261273
6.312832816369027   6.448029175081863   3.1868916519458477
8.85129290040337   5.7890679405270005   4.914261466898416
3.6130696849827046   4.8124376581516515   2.591342843314724
8.191775299490363   4.273652074811217   1.956392018110758
9.452814124153806   4.363397036271679   5.557121711450245
9.143802342049863   1.9877136674874256   0.004821441752716815
0.6407238346809392   4.985440678849995   1.659403693707849
1.7900089115970006   5.469465083452833   2.1941252412681274
6.925273594169552   1.1290535853082142   4.422843697836117
3.410146786917224   5.843628347315551   5.003532272288111
9.20097533710205   6.620107028467894   3.510420774776068
3.577974676588641   8.991632388868567   0.8869448535935682
3.734682419696087   0.09362483036702302   2.7003644203753967
1.2819080697053882   0.11668657459133946   3.291490962271494
6.082854141656029   3.8828767695238   1.9369592512914064
8.618340785417267   7.985089506307089   0.1802569636636609
8.79716309038322   0.46360155734056296   3.916660621601425
7.810299760927958   6.2657463774010544   3.06979211204147
4.417279218163906   3.4781234591707526   2.699362215410978
9.710280230089444   0.77874954620686   2.2928902964386437
2.075688113943772   0.22430739779774012   0.7530293394499085
0.13368921907725462   1.906487680797995   1.20773685404843
2.641668715323505   0.4332258088285277   1.8723965370048656
0.7212869814311927   2.7350312516278725   0.8361200151273426
4.729782165606353   1.1358445521145675   5.5299867723135145
0.4921523962662112   3.7051719831269474   4.232190590207027
4.315845634786191   6.970048375796998   1.6675974580327706
7.559058332873139   5.409912521782291   0.08840464467663262
7.1565253765765   8.342496717804158   2.4071395929734685
7.713027222473679   1.410849379941866   4.51058700545374
4.977694717435262   9.042978327827068   3.2275299126652297
3.097429193012316   1.4204455415444162   3.116021372860296
8.62428141558602   3.495625717920023   3.11908391875423
7.622201821285498   3.453846605592408   6.211393275666128
7.594863980254093   7.308350117903517   4.949209355711394
