3.404041246234813   3.4588467182569147   4.081997194220832
0.5540406249076943   6.487417892564365   0.8960898970044956
9.169714888064261   2.685824201698243   3.613181175096722
7.07293587455691   3.726660366753577   2.5049700720047525
7.6019805977343635   1.1340928010161113   5.804373397960798
4.833577402583792   5.106516527584526   1.0360576063182654
3.318765515431647   0.3620263583792876   1.4760703858231383
2.1474392408791214   6.202824714504509   1.9651983598945135
0.6515592855012103   8.412869552057513   1.553062644585703
5.203346071376391   4.429216566302708   4.4035085418183835
5.0427717116658055   0.34724921573517337   5.696014548643552
4.863004978603777   2.3097279666114248   2.712663850236669
1.9009264718587853   4.656630744930421   3.8607897118926426
9.819483621128523   8.895794730910136   3.1683703889215558
3.261910420256275   6.775251738379649   2.7633120880387554
6.042826900915574   4.474728168248742   1.330292875078499
8.226627295729557   9.84015909032331   0.5335034951723481
1.7950184348819969   1.298701985270943   0.42843944697478653
0.2836413710488891   7.623207300845478   4.665344759207576
9.275810440902609   9.365676055384906   2.1235450504327864
5.96548599764589   1.0323194579714077   3.453941519574942
4.434647109875563   8.936073862953416   3.3389250689701164
6.798354924177345   0.0693814901064228   5.086362896160417
8.85863103780334   3.841342306958176   5.772266130489346
3.9873107955258953   8.024809734788969   3.0949482813241365
6.790196721711846   7.802537716738976   3.5211729568300205
1.5302978199861588   2.871869452395838   5.617877962089964
4.033670283369042   0.7535805934984925   2.1127741526023587
4.516372612022324   3.773404256025838   2.3654820335507933
7.607006961518317   6.620910811053718   4.272311085104615
8.433873381438133   6.595877837390773   5.361158242686638
9.469812557973158   1.2161715293376008   2.0547389277666834
8.856886581114637   0.8763271156801031   3.2383963079866644
9.488410464608599   7.17617691599846   0.8429223193094418
8.959352114766745   7.633221687764895   5.542559838519624
0.03296450653302685   3.3792476033704717   0.3465521132131253
0.131812304703379   4.1271039593543435   3.111603739365806
5.816401281146833   2.0199580747166483   0.41166958810897925
5.936443551352379   7.273213844427569   5.9120074869411905
1.3830881655351963   6.855590796118847   4.235844354814031
6.438367069563837   9.211361715208161   2.6456264126613673
2.551017930336751   9.661198470779794   3.900741626871596
1.1227872885278247   0.07569456710913602   1.0347367566781727
6.158388865669532   6.137790426200107   5.352291498501507
5.092677546461469   8.003852546492261   0.42051283385788185
9.935521919585277   0.19386606920920246   5.315662604639087
1.532960735437086   7.649439869473836   1.9643797441871593
2.519113222764678   5.352985103437603   2.0253683816275396
3.869408812174088   1.8560672862327037   1.7756330864987866
2.8987165738438554   6.07227300217056   1.002411678768476
2.379297869781259   7.393312877398914   1.142695829403478
7.280105668329289   9.420287236908594   1.9246294244218063
1.967235569278845   9.134322777613574   5.089762382157913
0.8559479757814663   4.117940835007638   5.696802171046724
1.6907294254632022   0.5364405060164608   3.88505188342146
8.092802213581313   5.454220075501804   2.2228417224267445
4.65304114312168   6.799148612054598   4.549052414110561
0.4445720668932203   9.378426388285488   3.2573829878923934
7.964688187998067   2.222146902020405   0.5184956718986748
7.1213588127128675   2.790552938052379   2.1783305088791716
1.706721224488482   3.7250213839582123   3.5773982942853637
7.346656697186481   5.059666823922678   3.768374529930308
0.5024245884081545   5.417055297509377   0.3542441736821471
7.972071761068839   7.3837944715661195   4.470530019475928
