2.8202670142551005   3.4814277979777417   3.3781260037174214
8.774852924352961   6.8150005192441245   2.161329502773154
8.53049325982794   2.08671111568907   1.8374133959736358
5.9698398572197435   2.052101201588848   3.235776850599579
7.524802663831585   9.656055118108478   0.008831084770187153
3.244621805977721   4.227671080276458   1.2913515577481254
2.1432869408325494   7.470006424678436   0.9377757559349942
1.5602606485576653   6.035562808816265   4.091440495626468
7.997282953565054   1.293226411558567   0.4929944189955662
3.6808361274115833   6.190745997362154   2.9014291051704237
3.6997492703562465   3.024932378002591   5.665469887025299
4.731025451425856   3.6078705122149115   2.942069861578895
7.284393864439039   1.9187062744866523   4.556820571869023
1.9935733703598275   1.157888519618959   5.371141894857177
5.2560353063174095   6.141498261270142   2.9836653119662673
5.907495849519818   4.449668172881118   1.418158214920346
9.053974405692578   2.836684340877959   2.7236217796799798
4.431587204154556   0.4581608628398029   0.6690003120556032
0.6711699526772217   7.526709111026498   5.966357236166348
8.134725239300398   9.039667215677083   3.5866890202518467
1.5555886621055972   9.136093962770293   2.804738487057622
2.4789777600236196   5.911925428676932   2.975162745542244
5.0282439616628265   1.377212833644166   5.192472176474916
0.02006904669810794   3.591244127640684   0.8263885090883353
1.296025193580952   6.771172515586327   3.104207142036429
5.572975595093358   5.520834786486654   2.4235752297708233
9.73613410937319   1.9433519557180003   5.570471669223104
2.7949718704527275   1.5334851276711303   0.6413764787843628
1.8229086925522746   5.3123576256217   0.8821412739251485
6.463436145338928   6.868963950702418   3.941124376416102
9.113433892181957   5.3301113691852935   4.7478105065121285
2.1390340145412536   4.251748917638938   3.0553185316493483
8.127461929822216   5.042603380069096   1.766076236574123
1.2355562677154388   4.699353800332628   5.573157684353621
8.777813388548626   4.105121709775236   1.2166901481270445
0.22515765720162784   5.813723223562971   1.476725298244999
0.9612076949475046   3.8571418409070297   2.5595621956419743
6.534113507498097   1.5708882993976292   4.645900867421391
3.7016729125554955   5.0397169452229305   3.6862684444870504
9.55824487450787   6.078725469270321   4.421205826072223
5.37418759107063   9.852801114553408   2.1075262091734497
5.997877701456368   8.400876460611133   3.0350694864580596
9.41003519224204   9.768850855240274   3.0277795405223946
5.709215883753544   3.5692635213622075   0.17035962512240005
8.098370096002602   7.992606883148641   5.821927116544738
1.3106277048509853   8.175705152491663   4.1493125414239245
7.462733280664272   6.864070100721232   2.608455772085352
4.221185214859771   4.324803914704105   2.186429531782199
8.801078279767985   8.778620245188364   3.273363691588051
3.624989994622971   9.509238925181394   6.072400632465942
9.539280234296811   0.6911898118648845   1.1117532663862333
4.432388939805699   9.316020478637938   3.035129375725576
1.9361055747275324   2.6987245424888537   1.2025087598266024
2.692113659195332   0.7213034944407326   4.902184173263694
8.063192101159425   3.101898441494082   4.291402213485849
5.667891048159767   7.370746918488796   0.7232800156125379
6.68621484901452   5.972987829812474   5.216274416042247
3.3822986749204533   7.669493253263745   1.4517478183199595
8.86009088336215   1.2688580720938325   3.6667466156076753
5.824309826895582   0.6515894511458105   2.8235629810583895
0.6877287263085639   0.5644326089145852   4.030831373236889
6.723288364350641   3.6958392901551256   4.869457495244499
7.0895678472181   5.081719400358591   4.536560928046072
6.801336774986514   7.664342204726336   5.280978652632886
