3.0179623394874624   3.0490799178647134   4.259065390132424
8.392148815235325   5.7052064775857145   1.483442877416073
8.402962267002415   2.7813653026246055   4.141290831697316
7.258773332505015   2.890690991645241   3.2849598769800004
5.49864867346321   0.438190387529856   5.906441708733668
4.969183425142267   4.918856967933685   0.346650569638953
2.726401096031862   9.868911519659626   1.2716716841674875
1.8944519237198958   6.858795299847105   2.9555557902170637
9.85573820594955   1.020126448132602   2.402292311883931
4.24232929945485   4.887607626267686   4.952027296466379
3.850988670750154   9.682232390042971   5.710874640144016
4.548132492237382   1.9575655087588895   2.5952781613858584
4.757366298971737   3.9991022015093742   3.6723373132784713
9.160382261251147   0.29418738832128   3.2504548707126553
4.8175167727274895   6.345423758280346   2.6878974799306845
6.043146360215747   4.088156080768367   1.7289226845245054
8.67187256223264   0.6554412023165525   2.1791506527377407
2.3931487451121836   1.2569940405061049   6.222429886652402
9.663283157294703   8.02558188288325   6.020074761530344
8.993369473233503   8.22420107932458   2.6028504176315717
5.143755484516102   9.529732584535795   3.5347093724666308
4.886074072178736   8.573585908981535   3.823340379502174
6.589076658639095   9.320648333168837   5.9417647878425175
9.267784683239359   5.087084903050074   5.598454984211886
3.272817215253405   8.133810429853549   3.8393413194276937
7.057391698566402   7.620704893698326   2.9140242980776927
9.75916426140364   3.8953757613536553   5.786162200164132
3.7261105819256763   1.5641043193224227   1.0720356561161613
3.422350015942436   6.318258941142825   1.3758700723551658
7.341880301344223   6.841669467560781   4.771025198596123
9.838488736610763   5.800307697158518   4.909155398749316
9.942700625960178   2.572359323640436   1.1515959444267885
9.021588599962241   1.545576367119828   2.87200220728992
8.9661966761828   7.227832080239734   1.074244624602965
7.704885421967816   7.62892655119122   6.264333615403187
1.3386659220790307   4.672811806798673   0.3563747926151929
0.8207508872297729   3.3822442735823612   2.6732630594178195
4.85678679461374   3.108381787695571   0.11376277729297407
6.943282579469346   6.075638233755646   4.8083667611811585
0.4091765451479469   7.345907533964895   3.849529385894271
5.884395487606245   8.995598098709841   2.989406008508166
4.099002842445335   8.972768925311833   4.624207138925293
1.4184684239475638   0.6799163930496589   1.4822815057574683
6.0040185007534355   5.088635160353891   5.505334695847693
5.631223951594112   7.4903985997234965   0.27369360892725336
8.048071908970902   9.101546003570569   5.077751325234501
1.572303040842208   7.925183705662003   2.148525857787799
1.084360125792027   5.490711115557097   1.9596955944621244
4.925807162309962   1.1472288858454853   2.573087427123176
2.176696560979829   5.309367041280675   1.3413977997403248
2.651329281600853   7.195482206259145   1.146683830939318
7.511252088151236   0.23906648512832335   2.525372874696908
0.48787185338423344   0.08205478533240695   5.248111205456239
3.8411659388587536   4.112435507177331   5.022717934241529
2.4943867995232587   2.0332798159075676   4.634224025471108
7.122366103973664   5.307247038278361   1.7338470405161435
4.50125404150444   7.0510362153501775   5.717518948513564
0.40073906109583746   8.765176189561993   3.0113110308133733
7.594131364583454   1.6112439390455078   0.37608688679889385
6.176656503106139   1.6635883974637378   2.239233751694119
2.681868860878407   4.231130748156269   3.5318577828280624
8.702224829883688   6.4428835631592305   4.50707979991067
0.6808540007244441   6.665678861777053   0.3351202048741635
8.070720281245759   8.516488618620755   4.212665579472122
