3.24844478691479   4.765151277780348   4.008524914054296
1.1008116870870628   8.036460667842086   5.301186907996174
8.024273996510018   4.152667288094961   0.6400959134418168
2.498203471490185   0.08156096126256784   2.066998802896087
7.936389042502291   1.2152924339536326   0.09463197534533198
3.5823693368680196   4.176164407554199   2.929414380049826
4.872835562979322   7.690972586384672   1.288248299156578
0.6016199799981903   6.871512116520697   1.9072439014894003
1.2018856866193794   2.884703075337469   2.1467284665268966
4.338054994640535   5.876848593140833   4.327666608039237
4.7661408538359655   0.4927566272485216   4.282627730502886
8.015324175044338   3.0760839488219354   2.983118275930931
0.46137653196315304   3.643460950952687   5.279137185476774
9.52986106595726   3.6857663098579727   2.6207870957563304
3.7481929684337576   8.327451025489069   3.4918829163289407
7.284436358139145   3.9234555857917646   1.3537133194023183
0.062335318409751816   8.315297944481577   0.4452191583333414
3.3048168473507773   2.578712699131145   1.489860364487063
7.88493981283787   8.182485650095026   2.8563936601515443
5.2384844444951355   9.624093269874793   4.150736618979167
8.702027718138085   4.722207031584607   2.3886883879176932
3.342605131600126   7.071634135136891   3.8385179231871573
8.716930108469448   7.971650335819234   5.1353851033108775
7.088490990900018   4.818820687465861   1.2258301692807458
1.6880107852061639   5.517756688145152   3.5263877316534455
7.341263498436847   6.491264306734505   2.5175624195231947
8.42926664743796   0.9069934565304144   5.408544825574641
4.5441353908148585   1.556424963483768   1.2479157800404395
4.260101226336005   2.782985585549118   1.3599755467958452
9.350056796807202   8.051339846423787   6.152238683727092
6.417745259534213   7.481993169325158   0.4560647406709111
8.568995047566045   9.385949749840698   1.5498004177891394
9.423900017011693   1.6267674660043554   1.4726371908952274
1.605989421998172   7.410695824867994   0.9343353258302058
9.843435680071682   4.761380723277027   1.4988836717061553
7.926719457003222   2.1699675655417163   0.7315272149857223
1.5034344624591798   0.2516291338323653   3.4204120729712595
6.4912573709118035   1.4288979303126341   5.679128604891332
6.441506821690141   6.703933649584652   5.6743807717216574
2.2958142306365783   4.461150340469026   3.4904456567826907
6.356457993559044   9.183888306757625   4.860577734906959
1.0670938473530176   3.924795257645128   4.283913541559432
2.7764885184598316   6.581202191002304   0.7657354190583928
9.172404344975352   5.864702241108746   5.167384434583303
5.325306272534298   3.5288970411023186   6.218953719663379
0.5849128009308846   2.212840991151792   4.943993605732579
0.22780855787351634   6.183012969161688   1.573410489081504
4.4258747863543935   4.609380210054567   2.062873301586734
4.950685695038599   2.0394641869740053   0.3027525042457988
4.566186759519836   6.704375259935948   0.9513600730976142
6.305555360416245   5.909562758839285   2.1667082388828085
5.779103617318042   1.7659298219784414   0.4393702583110281
2.0977534692097675   8.001477794242474   4.5831397457925895
0.6980403947638046   4.939382849588791   3.7629672839802195
1.7388861960146382   8.771719133320886   3.404922283929647
5.904316510787577   2.9503806677008066   6.201325229376448
0.25481400547239574   0.3713938096744903   1.5616676734957855
0.4337148867857899   9.249477474091929   5.401748557222036
9.054749595648023   2.7541817196835225   2.0224466911969943
2.116730613475525   2.370975868134925   2.9636305988012146
2.89951391036615   3.324124194463495   5.120961139678938
6.293568794307258   4.49731202678386   3.359848831574397
1.9553645516651408   1.3712442365566884   1.456420790616725
4.837589145551542   8.816214259109293   4.362558012301944
