3.573454534101239   7.020647157520115   4.666824126282705
0.25277642447416393   7.954912720826651   0.23688769384543645
8.772338801354001   5.029154806075471   2.917008732896174
3.5791079622022606   0.630300960731914   2.479420734738107
7.439949361513307   0.7902966368864931   0.15086178475546677
3.4346093988636492   5.912110331400752   2.397358054269508
4.929428992532351   9.485686896235904   0.9374637127670886
0.8018853666114989   6.766931708803184   2.5938190438129753
1.8112410290577556   3.2002084759344482   1.2002815824555981
5.354740708866382   7.219443374001723   4.553375066066067
4.264710432241934   9.727192375953315   4.39377186192053
4.634043814968156   2.591468832501688   3.5976810242495323
1.0272062113414964   5.83624944127673   4.1763287231530075
9.857317028640841   3.759693950801722   3.7330257041180155
2.523169000939982   8.747362753079862   2.639887605355162
4.512396314725143   6.702511967826765   2.2604237830068277
8.486128954890047   9.93721839841879   1.377932907079494
3.1040533751401482   1.388302215248537   1.4297320785780854
9.793841144211914   8.86402587474055   2.294220208736677
5.981342330552705   0.0461992205433171   3.6775766856597527
8.416607068217708   2.7345721239018226   2.6016549333012025
3.176222808358232   9.409424673470015   3.6958773035332055
8.759067897403105   8.649621458772408   5.067762687122912
6.885050735466561   6.272371119560839   0.21789892888614965
2.281047276703281   7.952116683998106   3.7228442477113965
5.4317618351507875   5.322159406590465   2.2997426967534866
9.149615435748139   1.8690012120081492   0.41367622902412593
4.3578877674841285   1.7778716355637303   2.034794406403885
3.8235693722948936   4.89312195730427   0.9887868699085266
8.023968932338322   6.95410333540209   5.034720997921989
7.895640434858061   8.964253544331175   0.23946017340481845
8.623757078309534   0.6765172770131567   2.0289122399690087
7.39535977502352   1.8754523211661769   2.629298733291845
0.9783667441410079   8.379721280771705   1.8814148787469185
8.69403036855646   6.1615134962673785   0.23672244796813566
7.837599245365268   4.663645099553363   0.08452752718222634
9.827439674961788   0.6244758772372753   4.09668120353171
4.831009370676885   0.8963368346402989   0.5401054190443819
4.502563973723752   7.489244386254756   5.7628194579750565
1.6381040381713332   6.532457878127149   3.762511493576746
6.383664152161751   9.152008761609908   3.697273124653676
2.289546589824475   5.518780864308729   4.393798918102586
3.296371768388016   8.325678917519534   1.8267666485550151
0.21488207691771954   5.633677788912582   5.244161668998364
6.635129427681777   5.251835685784493   0.021985481178027122
1.0224550249992594   1.085496727932404   4.393552020408489
8.731039759771361   7.354728923748951   1.4503441542524802
4.373027138031347   5.512183726620375   0.9619086125704575
3.686456404114018   3.7612885575279744   0.2655122976122287
5.619565530948018   6.098493721090824   1.6492672626346343
4.431796041938848   8.825281622497503   2.0647845088082626
7.588352417243149   9.803834193932781   0.3112292271236873
0.8850189008419325   9.050606049330176   4.796799364906048
1.1329970330809946   5.0710184545550705   4.7544166723852985
2.022951852379599   9.853009104019867   3.906830604018891
6.660700258204226   4.342801988222269   6.26977476994222
1.9905276047826352   0.8228315417955236   3.7850676303531006
0.3107392760636708   9.874422979208253   4.911141187619699
7.325982540973333   3.3177600275880605   1.6829169624000977
2.4470136375184386   3.938297118539862   2.210653137357884
1.7142239301772535   2.2258873770471412   5.427322236410523
5.266844258050874   4.268315834713318   3.577315173121944
1.111437634831751   3.7844892677946467   0.5816452963523749
7.234371858960351   7.6047560559383784   4.541122003630714
