5.4899984988824935   7.115600077187137   1.2235445250595656
5.328590687506993   4.683814873256158   0.964538987574029
2.4170516810890033   1.681257616855948   3.036845067441145
7.8709802235883375   8.090747254896527   0.5484642446730476
0.4446297683089739   7.661070301451616   0.5550003607542447
6.832041977651354   2.627567082357784   2.5739173293429136
6.5387588923623605   9.231208137017077   2.386093441457851
4.311654786114776   7.672328925544267   5.080314794569678
0.5127955713878003   5.296698038751749   1.8067886827152269
8.162451523582648   6.7499028734046975   4.434068320082647
8.445923319388996   2.285557294299695   1.7949716114204775
6.539189273708276   4.43927228799845   6.11122063199543
9.703532265045315   0.1794619956930017   3.7267252296917937
3.603836283019197   0.15865677674836673   3.718772514406224
1.2191261579466233   3.0023904081208013   1.4842404332338768
7.374598394114574   1.662016127867179   2.710917835663215
0.8670208529257448   2.0845519324807933   4.425200117128004
7.415171134722594   9.082044506703303   3.383262210835363
8.896203989162634   0.7507433805811506   1.9152668772656207
8.086766046408183   9.356794309314047   0.5999144753645781
3.9053027434322343   1.0446281329147906   4.2203162367299445
4.8767477499953555   5.813688525003216   3.86812059943673
7.818646646879424   2.8340779263809246   5.494543433998946
7.152249176607801   6.375968730146286   0.4004076569292179
4.6973970479512674   2.1066546345883443   2.0754870005583914
5.861492995418982   2.819150838823125   5.492465517016352
2.378683678452189   6.167862831423594   5.345134527087737
9.412635851043197   7.666812555275676   2.2107693087651445
5.277939766817222   3.6870838231294667   0.3381451855277106
5.111026630060191   7.908119272771453   0.9115094383442519
4.93971843500277   8.894751187145298   2.1539314106963316
2.3619540906686307   5.466693641476073   1.9188907363556134
2.839441096885853   0.03551501756973535   5.030755410242764
1.798450139195697   7.652875876348486   3.921561295232861
4.9443773247509535   0.9578442423996598   3.389639262854506
7.602972471131367   5.621636460750837   2.695107692565668
9.828918988187722   2.8983031609212366   0.6476098139738542
5.611328322980629   1.4664431412232126   1.554535537998687
2.9590633663382375   8.675915255646379   5.537889528678431
3.8585251427087397   6.832598973420631   0.1911870767155497
8.372908430837843   5.396570926937977   3.700648611199003
1.315240093962855   7.077577173499818   1.3021034128671711
1.7166203189121387   9.058946182029064   0.8752892120697484
5.249011024073013   9.807968021966172   1.807084076837393
6.434928121360078   3.4094759535482275   6.1604535900929305
3.805811338597195   9.006306674285081   0.8734945817101458
9.123228141216238   5.223145221443011   5.197922197447779
7.37435211653817   3.63942720363845   3.3144923548571006
8.768351507714662   6.075603781137446   1.681255823514207
9.791087276062118   6.062458152933188   5.591222455131473
1.8610181888851032   0.348331980913712   5.271137501668401
1.4192320380731582   4.257285899858115   0.9928022760030619
3.1352626578916776   7.44383006353047   1.5557469013968348
8.207009177309034   3.699147255771848   3.4529956168370344
3.8348125844159253   4.678062085569076   1.6843084351850794
5.839012537128917   8.880555860893185   2.9181047345465836
8.764823634021242   4.224354888605008   2.221174977928203
2.3953989183841475   9.268755745415902   2.11063645366984
7.005043314478318   0.4018620857956232   1.985428159774448
5.940455470591629   0.028944580012955967   2.860766285296
3.1822221503614516   5.413365276592842   3.18709231131077
9.86005161776457   8.710498167537603   6.0795204307955215
3.408989060387382   2.254365747355111   5.218758694262214
1.1340257047952997   9.488626142616477   6.209793094003124
