5.998379329790673   7.285165371879098   1.2007468628559623
4.954322552440272   4.684769126680334   0.8952177259292763
2.5800259148597715   2.753733061761846   3.635874189483496
7.675372167330776   8.22719403324419   0.6739670338368635
0.4307165717008092   7.0531426621567075   0.30362532072347403
7.140187634963549   2.1358543506463525   2.5004056901362524
6.5387588923623605   9.231208137017077   2.386093441457851
5.016642471754963   6.771316936045361   4.886262838168865
0.5669122534257053   5.507444441909067   1.8960411494855243
7.943827377971774   7.287469988614792   4.849001751983701
9.125305934327697   3.037863589690426   1.8960247048753522
5.8484557713875285   6.077970601609177   0.11719397177185975
9.513191359301363   9.733773254504975   3.359167526961922
3.9107063271144926   0.22853642891587408   3.7118656951236093
0.9288143466663925   3.6622938163791243   1.6558272604141988
8.003342951956812   1.3123938161496418   2.5223486639073105
0.6114533168500679   2.106285857413191   4.32989787800616
7.444177335383186   8.977541933778689   3.8428339328717533
9.45853286560895   0.4733616150343523   2.184053342723204
8.110685453479604   9.582242333163803   0.793028518875785
4.147178417955215   0.9901025850939289   4.339765842223949
4.720884480131808   5.801243752169357   3.611955513217935
8.351042760098755   2.2995226089992338   5.6539305527360195
6.86808753098275   6.782551868636049   0.6419306549800989
5.180393939916723   2.288800344054993   1.8544862821133128
5.859619161043465   3.506634973495483   5.501189202398628
1.623499103485285   6.041102880524161   5.4344293091741624
8.950243184650816   7.136466947679996   1.6108549462468997
4.481294099045473   3.7662874252448995   5.923243615464571
5.18201854743478   7.67846960308089   0.44074246743472933
4.553300898893948   8.624111191941715   1.9788916883645855
2.934802415026543   5.749962289765588   1.8502521747971359
2.6217278569540845   1.0935480010354919   5.085136237842112
1.7079493951584688   7.517662213050836   3.5878943989802816
4.886612423349231   0.3298645220218397   3.533155466244909
7.343188008732412   5.414479208663684   2.662371998416838
0.003176411376870192   3.509514535689272   0.2946782093954911
6.10398379614476   1.3934124353518529   1.648645755837504
2.209839353930076   8.244281071506576   4.816031644931566
3.3498265700725565   6.451972044066844   0.457999870624346
7.636959847747206   4.311280930230373   3.1727269999330816
1.366150221332991   6.834818934260039   1.1677911503170615
1.4543980583802805   9.033874961140876   0.420335437272031
4.139157977480032   9.338753892069024   1.5726757926463526
6.908094823995308   4.275511282173291   6.180031103225478
3.3770122673008878   9.31966458255464   0.7626909714852195
0.6901729226141549   4.791092584540784   5.088484333237013
7.7097433587438555   3.2224377566689975   3.1415186685199776
8.117284877278575   5.30373480133704   1.817732331671961
9.79388597836789   6.494082358744692   5.321177758547805
1.692896860956866   0.5483115204113667   5.968453395963641
1.8165584989085608   4.152015400058251   1.1025327112696133
3.2380100910201954   7.761512462248146   1.5938413682245547
8.410885578769962   4.541820569550783   3.007565755169047
3.27542845708684   4.4063428240467   1.7361503393590458
5.592999162009659   8.424644374207437   3.175416747273656
9.279537768151153   4.872556090403349   2.0791856856842257
2.263830074529347   9.695984775319765   1.676663091186682
7.737876047198109   0.37558226898235103   1.7193202009191615
6.619753402480965   0.6983607028874608   2.9141737489130364
4.061951954490173   4.987923031962985   3.4340445543362392
9.678888735112817   8.371553551289695   0.09616411064297542
4.23785677025047   2.822622544970799   5.658599745938721
0.763896601828304   9.919205288699244   5.929986788821144
