9.391731023160927   5.730693350176459   6.2299507785733566
5.6824024910556235   9.382836145009065   2.294343839798405
6.560403561380671   3.212530335693076   2.7731642344837235
1.4300160015597543   9.169532184412416   5.221116466035361
0.3957097166726049   5.1191048228136395   4.646994695361312
2.7002805791320865   8.009894721333122   1.1576089879475435
7.117972935618485   8.790951085812718   2.0388609798407344
5.013284835747534   2.267407005383589   4.798197614564335
5.167641359095357   3.3673425165917603   3.3352485561381497
8.317218454512538   9.556986669627198   2.0436408745821457
6.177261365446731   0.3887495030323155   0.9586393958112832
6.864652244822084   1.0869824018234655   6.261031090855189
9.031823920233755   0.04631445518540145   4.943817862289523
9.962197068999023   9.191589297893378   1.426125170122232
0.6310588497784906   3.1158985939915937   1.7411814352746036
8.258876276992032   5.303337460534803   1.6339491992433575
7.1859576274591115   0.2567957879134415   4.565367536044035
9.684886381046079   0.9077778356933566   2.9776268221212563
4.482368448855427   6.430361559853349   2.54448234145345
8.86157080942476   7.67873797463843   0.3768218732111872
0.5202959378354126   1.176722327570758   3.0656809993173644
5.600532687721085   6.240822363520058   3.7165979540639706
8.079575506906599   1.591856593428023   0.32312974647526777
3.777955614555918   5.274144602300067   2.7922753231763635
2.310745383361984   6.649905678594279   0.40731984837532537
6.610407007626028   5.466143652676532   4.5911804533990574
9.252043616007178   8.506629525229007   2.0530958527680268
8.148224058303079   7.645082484469866   0.480893592142034
1.7362571768813346   7.584651235197997   1.0535190248847668
6.034304625902073   3.676514700519798   5.538154673884379
8.02160446148208   3.646693107261059   5.41389501410816
9.4073962235247   1.9525207430689113   0.041010058580188774
2.233307380974339   1.7936396664277916   1.2554122647657062
3.7661271517742554   2.7366955565402136   5.232039562650821
7.646781710747159   2.6379498183197057   3.657995890226297
4.5879343190666795   4.479967539081292   2.770092198711485
6.2495152798503515   1.5231635411665465   5.91492548498405
3.3205157116765784   2.062091176123442   1.6865511657325507
2.3511526198060673   3.326727728964196   2.9193951982135893
9.919941984793411   7.247664013082138   2.3254772350308763
6.717877706272035   2.422228442071562   4.024722312248404
2.414735113237279   0.016961219092267554   0.7757168867727487
8.239070219596792   0.7549270702622825   2.344499876013468
5.79010977049921   7.159648294263857   1.7839627615204807
3.1676913560934854   1.1513603672722623   0.026997654433803753
3.497703227069594   0.2633004215971173   0.36645377145797253
0.01474787279940415   3.575257974163453   2.542215190215346
0.9463207605763776   8.179552275595633   4.193601732384812
3.6024984214045714   3.7419043824341296   0.47517998113156434
3.7744248900812285   8.508826534703275   1.5224188856179235
5.151748227643579   7.860428218867856   6.090024847343501
2.210636297167338   4.29223158203669   2.4974332902844742
1.1109392057376597   6.378380536437039   2.2300899886855445
1.21274613569031   4.246026876964697   4.001512419854308
7.713580108524766   4.604140157520337   1.5718051237106354
7.869342516719368   6.868952616178418   1.478572647945529
8.896405943552965   6.602012657472825   5.8986472496017335
7.594516212330028   5.474482060024478   0.42592211296755955
4.999329944370814   8.820895566052918   3.376319519769168
4.636422962825843   0.34402512717728656   2.1593056343332213
4.590391277239069   5.285878688539723   5.9772165152773455
0.30727475252276604   2.4126519607871018   6.056424569503577
2.801242669548744   5.385359381512102   3.206623978001263
8.301338022067368   8.69283903859139   0.0943072341206331
