9.142550280064526   6.219287125152012   6.109342037621838
5.5361937877772744   1.6929791226309476   0.7643866448993946
2.8266113289290127   2.9332487795228714   4.162604958008145
7.98625660114601   8.072162419893491   1.0537911651677232
0.3503365046550074   8.692954147768639   2.465307051729725
5.412823402333567   9.396779286836255   2.6595879518411354
7.815992730469198   0.987100187328044   1.8745102485934828
2.4801126718375976   9.208401711132614   5.576007524897834
7.396765664731546   5.739641061562045   3.241224329867935
9.643582634647881   8.069840845715534   3.1552563484363265
7.100593814713173   3.625293149053967   0.24039976158055523
5.3970110594522875   0.888060171784135   5.89951924516692
1.8586572242529331   9.93600618905394   4.713865941967152
1.5547752608504475   2.94706965481857   1.551648925241445
1.168353205414164   3.679976872166177   1.51580087919982
8.775329059850366   5.289711097422517   2.0616051986975767
8.498756753398855   1.900517603040636   3.145582988767719
0.13018324196212   9.752489471592064   4.697833286131799
4.845652342546327   9.883639547530171   2.4056996357355476
8.62021417763952   8.343217847219574   1.7067347187772959
2.3483002273629836   2.1637212710921987   4.068164580175253
3.7983977680933267   4.6606411336604046   2.9816455562882784
8.349351896643258   2.867641671280475   6.230957151568912
5.241628086320802   3.650171447851905   1.0406749478787614
2.526879214696648   4.9683987873441655   0.7471443895169496
5.808224499004752   7.125720448122772   5.57346010773279
2.351350583187629   0.8253324162447115   2.8942661880272147
9.534294874951959   2.381268092789524   6.17017656129323
0.7077795913572664   5.511882674335016   1.0837091210615921
6.176532212492965   5.842212169497386   4.717706881399607
7.475981116651833   6.947651039019161   2.426070768375378
3.052615764819828   1.2926976145679743   1.8155897727327994
2.611355338431828   7.743369373529239   1.3602761704661326
2.26393840460969   4.276231978174169   5.323231660122679
6.440285757604454   1.5866105475700822   4.94411371313194
4.515778352220277   6.721219976949622   1.3544223863764366
6.0348967985995365   2.7485425868606947   5.8273481418459525
3.7914598467386758   9.86635450793555   1.0923142857788322
9.482716726028789   6.954272968405031   3.5246274622338305
0.8884822010059003   6.86613824720756   1.6417619911388168
7.8501874047935205   2.082076420274483   3.870143975580025
1.4964904728392812   7.770426685371406   0.9853834588620695
1.2309732889720122   0.8227241594384442   1.8889546630957277
6.615404748102174   6.728281176139994   0.8996460208937014
6.0933610322600735   3.976672256547705   6.205357392220913
4.453500476198576   8.556978950824101   0.8924176248764255
0.34390028594801736   2.6378576405564282   0.7962285891365828
9.953471237521532   6.2390554578590764   4.099386728515368
4.489320378613311   5.061781332134375   6.250266643453885
3.7676664847023646   7.639360373602907   2.570533394013308
6.728077910346375   9.84979935365213   5.9158007947089235
9.796914978443409   4.4953910669742605   2.3956505143845575
3.32856641293985   5.152792625366288   2.27394934570152
5.647473305524033   5.115318477174261   2.5369915825042617
8.280845403281672   5.863907654491502   1.164182692705361
7.191419297607996   8.81050023956027   1.5400634024198145
7.1692067079042765   4.665496182723871   6.0572724299275915
3.085913452555216   8.68519866532609   1.1217094144259836
7.099563478192115   0.9461769863252047   3.3276285586434424
4.7090754235967305   2.0792158675874535   2.2102317122622326
3.7450124265636227   5.979740369856527   0.8463063010499168
9.863613891403915   1.0668201774332646   5.7332128506256455
1.8328917451202638   6.711450848401865   3.61066689217046
8.14047985931369   0.20900156399918074   4.945594278545884
