7.722846857682276   7.221735336117213   5.860782638498223
3.8704961450099367   5.593107026854935   0.46601873406744654
2.2669561363599193   2.2323600515980475   2.945886062904514
7.898053804531796   9.028628046568043   0.5276197861455997
8.701833544112972   8.546193855416835   2.1523723120755984
4.774860613674591   2.8035415626872457   2.5033126582779204
6.066572757369905   0.6182533316020238   1.0404127321418157
4.6577713264876275   7.9818743267150385   5.257077212910308
8.089222430201847   4.755314336296246   2.717297744559633
8.386336735215536   6.874165891636921   2.4923119573410872
9.799846626182086   3.800064729621434   0.6666102875317105
6.132092493748577   7.778411796721088   0.13851099686343404
1.2270096241164594   2.230550109037398   3.592834006213084
3.0529465336887136   1.0611438247453147   2.326972336058924
1.6944350665562302   0.7693142819489063   1.6101521853355192
8.875857424414164   2.7213414942693386   1.4751690593953852
0.08241894405119904   2.0220692212751463   4.034535597577159
0.007791683942137695   9.615517695685222   3.6964799784729827
1.758339146519385   9.192539331063447   2.181858450238339
7.935008979212355   0.4395758379151195   2.154226775263104
3.98963294952846   2.2805743919774066   3.986900990489934
3.8775148414061964   4.029194001734258   5.041400364002935
7.587642714106847   1.8411287104301355   5.954909354292793
7.092380642089977   0.49399246992067947   0.5650449437995166
1.9724040848548405   4.299283018046999   2.0238588224033407
5.759153787495788   4.448942890790824   0.2003147193045373
0.2588713026576177   8.78567417341415   4.073823676958073
1.1741348847072666   8.837543902934442   1.268429402229847
5.098813315264504   5.239623513248253   5.907740580385357
7.0258790322077385   7.4142216326787915   0.6438862084046975
5.309643234713902   9.504197067523823   2.1741233188580966
2.920341614145495   2.8866598294696275   2.067464714146636
1.3313693793424735   8.19761694928693   0.34095351524204615
9.390289319490305   6.7309395205702565   4.763607668671845
4.084581261826289   1.1562153430350128   4.256852782732382
5.538967185895078   6.168550721676771   1.6832989636731297
8.678844847238148   1.875005108151881   0.4892176866836101
5.105838062818304   1.8921603765290547   0.47811758797042714
1.9248290485819495   7.402465694141503   4.452691635408906
2.8756597251324516   6.2876791981470195   1.5697408775109525
8.078123910592463   3.6016135056405316   1.5510171409363778
0.9498939228133204   5.836533925460625   1.6658711533701323
0.26293630267890383   0.2852606378789783   0.658851621267478
6.835530163178628   8.479267934266918   1.7457275733092568
7.193921113541915   3.0570446750010785   0.5652587948214954
5.223565914003197   1.04442814399963   5.854528023693698
1.770375269582161   5.0652957220522055   5.632594080395936
7.8501732003029785   5.485834979191805   4.019064057182566
6.554835691534807   4.909722902470578   1.205670002187077
3.6057553932810764   7.317432386391692   3.7345790574655315
4.350418694121121   8.659289094826264   6.205704616982517
0.30420150929725465   4.545303451581215   2.208797661438176
2.059415037430335   8.47061687732138   1.0208437790810634
9.025482269657905   5.192695982833719   2.2932810089469875
1.0587539701398612   3.153775669104613   0.9548232668680401
6.311541996680459   9.721779710753529   3.063479298677009
9.891142232718064   2.8679463866335437   0.9923763534016313
3.151191677399632   9.374361022310156   2.7471489040474864
5.848753556413633   2.4594271039748157   3.022148521448872
6.686559563352734   2.3187010687910763   2.2743373591824003
4.100935988258882   6.423209629936134   5.45230140928321
9.622289717767847   8.00026729347428   0.39346862050174203
5.02329309733531   3.5854018007786896   4.974026676648443
9.331603889764834   0.9873764844334966   4.4451142286242655
