8.516862911168209   7.1314750498772685   0.7792017566857357
0.4263510602773354   9.090442996572378   5.887415818605465
1.0392188711825585   9.645222802540903   2.9192292435980094
4.752160017712014   1.9690759525991195   5.284002348237561
7.63686815919476   8.424077814289506   6.097812644411727
6.399888964814794   9.754652453178517   1.2495525853269687
9.340527745227902   0.4752710162293602   4.692875993962407
0.8946174270851465   7.1935958878171   4.321412799710338
1.5797704849074177   6.921153506415582   2.7106313454674167
1.223999535894977   2.082779260786213   5.57079672686579
3.6597935090009157   3.837497520095687   2.469811036891499
4.715180778547876   1.120088440420192   5.050282023343227
7.6195290457511184   6.2404346114307065   2.742478033420541
8.872192313441175   2.5368574133964215   1.3315734215472241
7.25487600465925   9.617005827716286   3.4755645920607026
6.679249478551983   5.129784836452795   3.2570721542271017
5.719515100339556   6.035034254638272   0.8722709035727847
1.9564871778616115   4.823584789860021   3.723905809492085
7.4850847621671015   2.3523489200604732   2.184716130582339
2.3121080257716042   1.9145201575838837   4.187820033802183
5.148137715037943   3.731148808440476   4.905425399533214
6.060730684586564   1.653684638572349   3.7397571942108354
3.1174408060520253   6.171270432470508   3.500736449851661
4.7412343592190584   7.689611255977949   0.7947926787691445
7.495144800332245   4.123944072060778   1.2542035510027219
7.606478452332704   4.99760595845458   1.0062922580726477
3.956110838677004   7.05138139879406   1.5393706887760181
1.6690897608242634   0.7270876993750539   4.391968802180831
0.8881783739817202   3.9704781524515025   4.047255747894318
0.511854887921713   6.10163673879242   3.7993455510672534
0.6941593024407715   0.5979533717215277   0.7873731051559975
4.221579341147992   2.5239953765514205   1.6627977588191434
8.315957436693187   3.5089331562839674   0.6591791750823404
9.457497105942844   5.414922745456846   3.6771616081230527
6.766831902822858   4.009608026773237   0.4489835247056807
2.861327003333786   8.13834642740831   5.071981328504781
6.080419212710454   0.8024293396540523   2.1805617269897635
9.73640653342357   3.0662735674180897   3.4294893081777413
3.3307230785295667   8.989477057269728   5.051228642084328
2.8282170908888213   0.0932605240200747   0.019440136330868982
1.185549516277524   4.717738399510016   3.8042247449041264
8.311979644715988   0.8752262436277434   2.6366236395680476
0.34768003673543635   1.76200674469275   2.6249445861493883
2.0961272531321042   3.492460827975793   3.2896128649985497
1.6871553993158641   9.03107757777255   4.575432686606054
3.8298470734766283   1.5096248041860254   4.668413353534118
8.520307723213941   9.568390613830028   2.3545069966759593
6.164051695151795   7.59021289002459   0.3135226391025747
5.86491605915013   4.252790765514301   6.122366328195109
9.548897513583084   6.454082184912664   4.3780971137716875
6.088359175263729   2.7894314879884807   5.007753391086112
7.491612304295069   7.04698795736108   2.30286022175442
2.4915990178555525   4.385253413269436   4.886591685061444
9.565682172854235   9.419898363376564   4.666625592040392
8.883907208849552   4.807403886391078   3.370712765064793
7.1994411360124   5.674348165469152   3.4985695915988577
1.2714977046005695   3.2386019539577555   3.3025893495180143
4.813394165036988   6.605974777724126   0.4630203218677592
2.21682720777416   5.373495972131282   0.4294036132639549
9.841102859380594   4.715387064020553   0.9639486813323647
1.0519195003086435   8.12073260545519   1.4417518609863693
4.727877787543915   5.70369628295013   3.7254600934574267
3.803446306016493   5.447111255338315   1.3694961102509688
3.2370863906917484   0.9254508995106993   4.282195658343196
