6.115365300873675   6.705956120744582   3.0340771607052393
0.8778335828153688   9.041472966668088   1.027923934256143
8.492523003533371   0.3927684167086491   2.073872993338257
7.668131746634216   9.354532811408548   4.848047682032734
8.40270718273251   7.383623005624232   5.557051113368306
6.735748879658771   8.651826846514572   1.3380924252854203
9.597529274705527   7.942422436780629   2.9638983127724225
6.766480650010667   7.8646929512346855   0.973403138877196
0.15268769842184232   8.52837363389961   6.170224807420904
3.0321808518505953   1.4676282523503477   0.27716054451585953
3.270564609803351   4.138467169216403   0.6304889482024698
2.9129972603887633   0.022797951452268705   4.1149047419329365
6.553259413755343   1.3775731961133002   4.670399312565383
0.7824998397875195   2.0201025198200284   5.549865335445939
5.696203780349803   0.35365112788608855   4.498184326951978
3.690222049029837   9.43490997909937   4.692987978712057
5.380780386614579   5.791017828273736   6.238079364703245
3.550679682337542   7.379995627133464   0.863578739273344
8.644819732384766   2.4686760384047113   3.9721064026689765
2.524369500382966   3.0694614550031147   3.0568527598291135
3.798247167331859   2.6076925667538435   3.077721020712565
8.60427272820116   4.163782565754407   4.649273310186939
1.8131577840650408   2.7660529506904314   2.8402083909492304
4.853554589326322   8.731159635243952   6.251272639581529
8.301709767115224   1.5045952295049914   0.07034537723730434
0.20589723688162503   5.890914763187382   5.884179439758986
6.200494114773647   9.338894205542447   2.679407765471814
5.07183044885287   9.701528618160738   4.086985611659782
0.14376154678276598   2.8994907047529623   3.8779865594655245
9.511658068086719   4.822814700110724   5.276050921095124
2.1582236731018303   1.0686307892864988   4.696130315700244
3.277173094618091   5.471462214000316   0.8483627001560178
8.949631401281742   1.2020950190668573   1.3769421028167543
1.7970340012123616   5.6968189066865245   3.6202433508870357
7.248338836956532   5.799636246305606   0.8982185326808226
0.23909510794995548   6.861147450640788   6.21371531437395
1.8750804582506313   9.88694913656574   0.8269444867810865
0.6101416261888031   3.642662038755043   3.2653571846975042
3.8114232080549972   6.490129439741749   4.869572315666777
2.1797407403109634   8.101677799592306   5.572158755456116
1.973644379617467   3.8013455894697037   2.082233126813668
2.9388240675981065   8.377960642134758   1.9874333278246867
6.774723960254903   0.13885875680283255   1.8636584142488175
1.074110618586261   4.170172140352779   2.0699286465271824
1.118747414618295   8.383026929529   6.102866620471012
8.123385414759904   8.147393674893292   4.046426458353828
0.9690679431300053   0.9915493508633761   3.102049209124517
5.89767825974204   4.281785855939077   5.782138026144434
3.8387847109602924   1.82777725151935   5.336220825707166
6.115248762965827   5.341264186133711   3.936061940961906
7.00434366830815   2.7704533624940533   0.058722705936956804
5.870006139576207   8.414411629896474   3.062698240256643
4.142005535951765   4.620385996827125   6.24553604972979
0.950670067519914   7.0650572347790215   3.7183054768826347
8.17477290518839   5.300367987937042   3.0033063278401144
7.196396186051126   7.069390800733499   3.8425198942931695
2.550172949874338   4.605211825622332   3.7555024265349446
6.900395185905423   4.376811506219935   5.517090008555298
5.47331456510292   7.065091358157577   2.434521814187264
8.996413819016682   6.299435984738648   0.9759430056317199
2.5901355455851034   6.835981790707892   2.1731665397450004
4.877334150421035   4.084509193351647   4.895387998032097
4.668794178754462   2.1999622966926293   0.9466825904536588
4.950201452131395   1.2531434145185787   3.687904008616166
