8.200751785892352   7.503389658987164   0.6707861048727827
0.3475906278235513   9.358588559558799   5.598422039957083
0.8052281553715533   0.15984333680538043   2.630500086863645
5.1727492490234965   1.7588152179963084   5.258169419146231
9.016282360899353   8.27044349363214   5.744290878241977
6.121630125339324   0.01644893186786689   1.1391758023758385
9.169866893708454   0.5301924164372046   4.536373169470122
0.33493806018800776   7.431236779360694   4.59850568981837
2.5138039619878194   7.2079830960026525   2.639178811102627
0.7110455118131067   2.4426217172625253   5.545201385827282
3.3872087023794566   2.718950188247256   2.1745798628594595
4.4651555360302275   9.606075275494913   5.234822506106516
8.505385082698393   6.4360025457448   3.049329574880507
8.83438751946251   1.5552418624066437   1.5943958731390475
7.003910348200761   9.839711331250488   3.2090748769550856
6.545552894721542   4.979317697951476   3.2753818660919105
6.260228374029715   7.323094999748316   1.1268402437981395
1.2067439746639135   4.79968435797074   3.8302870765251797
7.161981160236966   1.078094095307367   1.6231810299495666
2.5190625308744536   1.1877583804323875   4.1055484027525
4.4876300865144225   3.5851636464913073   4.710778081714085
5.853987909855548   1.9666034479172367   4.1435341862388855
2.9089897483832594   6.101998645528593   3.3904787363126747
4.407349046403172   8.545837339955224   0.5933797785528903
7.57791772489021   3.654641741178097   1.5865427850989973
7.692351665287698   4.944096089613677   1.2622316235773567
3.382274550149445   6.747065344290134   1.7813608892538901
1.4775734705873875   0.9365821646498121   3.883403146751291
0.8180517539247991   3.5799996969497068   4.0301189283530885
1.82244502780167   5.202025392273723   4.102203010859995
0.26654591635725233   0.7940866566629473   0.9298248343509476
4.415189875822176   2.9895783035097945   1.7147106436286488
7.614575618630878   2.6963743892914263   0.2061686027373564
9.440062966145927   7.225182325338041   3.1459223411372217
6.445885795870401   3.7226699080597956   0.151657855943393
3.61937548046677   8.350578711684046   5.549964706733161
6.310217878908458   0.7952382421070369   2.205464172630883
9.851210744250016   2.447503124127594   3.1890526942306736
2.986609158739286   9.240106619605768   5.266911122008551
2.1606709895906153   0.4980976360193291   5.860835825946248
9.934780658571588   5.7062454802307485   3.601570472802267
8.107270570501285   0.4729679069987799   2.7195701876544964
9.84401847292492   1.5774951713005705   2.774200897152681
2.667636347129717   2.2004572691917734   3.4651555447626796
2.8004330620489783   8.183112538096664   5.033284180154846
3.629792201399581   1.019824863079041   5.517781551447134
7.803500156805293   9.817086506012824   2.268199521605043
5.42613956467369   9.097070165226217   0.06709282233741645
5.529885271760779   3.7949955984704826   6.142670414698521
0.4277351999554339   6.729456584954369   4.233823414751932
6.410854558239895   2.610939472609609   4.460043020588452
7.053939396402388   7.2679494220097265   2.222885753706858
3.497442320607066   3.58132821233943   5.209685490503364
8.7313994916414   9.26664668120566   4.65427245103623
8.12715013969846   4.161847576033923   3.2724252829088587
7.162436992942369   5.711090091901011   3.382413568014552
1.3910181283362406   2.990916982001907   2.9660431397837486
5.142017666087768   7.531251050071212   6.198269718501759
1.3484147146954186   6.8224587294687895   0.4902022627346464
9.690491922018497   3.4377873263664673   0.9946683618846003
1.3379792107759845   7.680907281643733   1.6245238495566225
5.211175244993894   5.102757202689123   3.7889969372706056
4.855029236186297   6.071944866044785   1.433954053223923
3.703431513142276   9.860295288754815   3.6058608663033835
