6.141168058600078   5.7595865975257805   1.0627833522264858
1.2584410843387281   8.351286078447968   3.485798360696856
5.610862980089796   9.408720607421229   5.183458222926191
8.633921467665147   0.6675241891401587   4.356867187940536
5.996771435662038   8.013626904147372   6.002574658218467
5.578283484175462   2.015522894421804   0.5425009297060015
8.54790341631586   1.3043298081231356   1.3787042656083448
3.954414896913011   8.100680603277807   2.5188887756096583
2.255641883249075   6.891288647874248   5.355614510482216
4.10737876372892   2.1425359235487664   0.029661947770107666
0.6096587803669854   0.7059770919749704   5.84678522442892
5.294648255872087   3.0850504991365115   1.5852770523946547
2.8808732310612193   8.858718303327354   4.604671208226268
1.4864778138226544   5.289593031043708   5.7773892882202125
5.784994204533371   0.9013935377829763   5.419672620357031
4.7626363326396985   8.867027979349833   5.867939682736202
0.008538090062618853   4.031257324934748   2.014429837631715
2.2479888583410834   5.594225774171918   2.320443079591984
8.214394069615297   4.550411512279904   3.879815662520216
0.8823710483234866   1.6217331313244718   3.8827819674418564
4.422144811396582   9.914039622404621   3.2162492823871096
0.7630054037619691   6.117998496798391   0.7374736029787349
0.7638091952915622   2.8083353048770014   1.5520997443018096
2.6252051339827305   9.89911484935759   6.047868077416283
6.025518400784495   4.485223445707774   1.816021513880726
7.418725783318754   5.450793990343959   5.16919058667812
5.07801567518872   1.5080855274678542   3.9338544885905877
6.76055893750707   0.32118583026138947   3.532816871688681
9.100539469394818   2.6542682606382537   3.0332412876616535
2.849665942159726   7.82371751031665   3.7133898906530685
0.6758812291741274   9.381648762159717   4.630791223170769
1.7332942306689463   1.698187408403624   5.822596045134525
7.801978648051508   8.924351312073942   0.5962675108174379
3.2163525169116944   2.834321165422839   2.538689842202914
7.4029529571917765   2.460749467743201   1.5945100696067707
6.042435446211635   9.949550857073325   4.058594304973213
2.995414569182826   1.7642244234530646   2.802587450790613
9.748538558495575   3.195699654012983   0.9176252015161445
8.212525489146957   3.7698323593029244   4.625488164432773
0.5031860403812184   8.252812229674301   0.43325163623608265
3.6752319441901   0.9958064870927081   2.766315411274294
9.112911633436054   8.531954781046355   1.195504183071487
6.834361723269307   1.8335656342987008   1.640745586597492
3.4733670674537382   4.61024867338871   1.910550433945696
2.334304011008758   1.2498327745084254   5.453000414656265
9.264117412783127   0.40453873823103403   5.818103018625779
8.079954839106573   6.402579245896386   3.564614257163384
4.401971657134926   4.033519125691203   4.203260270164372
6.455372578954524   3.813428452284765   0.05275931762280006
9.59459268220366   7.6585372022309866   5.848525379640749
2.491910834137154   2.525886651608136   5.430169250427079
6.629583326218243   6.74743712519244   2.9089430572002897
5.521659439431956   6.730187879082026   0.1025855213437317
3.0939763844084096   5.544244059663018   5.663313147420844
8.992880871011616   5.166304204152753   5.092197049804728
4.209472216128144   7.301353764181877   3.984923125485303
1.4601310673840393   7.535935292580397   2.2272066325539543
9.460666217796152   1.6145212699302567   0.6652035242848304
3.3474968516915125   6.886723878047583   5.047204865221336
9.153189152385082   6.495549316560264   1.109148606779903
1.9855659871505966   4.463409291065265   6.105436998366748
4.363987026864288   6.064082018477444   5.057159937227091
3.7523521816336523   3.6700404597059455   0.43424554201189475
4.797889699624271   0.6708090819934069   4.1917853128081175
