3.6511140508128745   5.996566756323236   1.529350751851183
9.180224381908662   0.8907996942965674   3.619986174901103
5.148302482754107   0.3947493862549894   0.16620617188023368
7.632366265123736   7.2988333984959315   4.91666476575269
6.512872415125878   8.377160953208069   5.310930232519612
2.6742501046390315   2.457174370009889   5.994878765434728
6.155003830638041   0.940013820332557   0.6255599572104508
2.3864653252478245   5.834973103096667   1.9235367819449214
0.33339925055237707   6.46565867846042   5.389032501314497
5.69232662296783   9.779094159926466   0.7395222838448327
0.34985865941565447   9.391731479284099   5.795846525060735
6.938504846367362   7.710279345120448   2.1321699230947995
4.126024149514765   7.643828490496905   6.2373248082126125
8.863167133270508   5.569737191198602   4.305530047745604
1.6778911006754273   8.803663953094324   5.361650717266179
2.9691592134267033   5.402490078475883   5.027850038942527
7.8298309171082145   3.0430633261242557   2.102350299563431
3.400852536198675   1.6107783596201712   1.4978339463191574
6.4466245479677635   4.881386277902682   3.3009851832053463
4.153989435047222   4.474974488223809   2.7787258219585933
2.020039508757453   9.624339731162904   2.098620223208421
2.5504739594391213   8.611009810840926   1.6446619568381975
0.12924600092568628   3.064420713204781   0.5172502428907637
1.5252282575927048   6.868623502610583   5.494908360556786
9.242760527414081   3.1112645647255377   0.46866769512227824
6.328362987791353   2.47766196394722   0.10094478457755668
7.9583620799580315   9.686565407626382   3.0714298125045345
9.594905289840675   1.8537141827376291   2.0094822665518417
6.9567106575104525   3.0440751110401956   2.556303624216231
0.8918048536373255   7.421256150286427   2.868835170991587
0.004795178786173082   8.39523658293489   5.113476330473292
0.7109174409450036   0.0004447126474591556   0.6608596867563526
2.0394232181419722   0.6131590507869777   2.054456399736467
1.1567362664391478   1.348958604052727   2.3866778976801624
4.944016588865517   1.5796721745799855   2.2585474128061795
7.967149466471965   1.9827663402034146   3.7820719727319276
2.5242997163299696   1.4836075565792703   2.8321822592964354
8.645177147399696   2.3894356621456745   0.4899421588145597
7.082846047921677   1.6636091040916985   4.890771191844734
6.989491910809556   9.329722232247592   5.517543542862183
5.968018015603852   3.95280322511142   2.4577821705858853
9.600424378249157   0.2600963668263675   0.5220165423326049
7.495483021692919   0.7688683112426243   1.4447226645761768
4.766937678847995   4.456490773490756   5.924278231041109
7.718706889667907   8.637760299898785   5.213502383728999
8.562283854778086   7.723812452451743   1.6245829712202962
5.2964769670177825   6.923229121733708   2.78591467309262
1.3243995082051332   5.2565886167903715   4.73959877982942
0.9864703798035532   3.2169825343141403   4.511201541578418
0.6051555041349781   4.200605775044717   5.080198783269845
3.9701876361784496   2.902116993933717   4.115561032758556
4.624865415550534   8.83054101059379   4.300046531815691
4.487047155433912   5.785891075192092   0.8770990108663953
7.472931931488289   6.471641609264079   3.1191741585946207
8.727436729400038   6.848693194726637   5.378532419574571
5.559459438259145   5.069422336719526   2.957468466933035
9.612789914087832   5.9780894771657715   4.3431478223928055
2.134172526855451   4.740028260446638   5.542681328485318
9.403917496919146   7.42782802687281   0.16736066343269412
8.014948918112276   4.834513779950066   0.5488966843365504
0.9889507899789979   2.4976197730287972   5.968464505464037
6.033585864752945   5.6719021941992835   3.943850287435079
3.0705368090221374   3.382094368151139   5.872696038817153
6.097809133140471   8.892938369033713   4.001485535965642
