6.641468806699406   9.150636255197869   2.8791773214239194
0.020933947698997812   9.385859359290993   6.020051505020393
1.5468180670773002   0.8415841515053625   3.813157539238507
6.308231812580701   0.83538863123543   5.542924239577388
8.447954645416004   7.757202735406945   5.44908630809231
7.2590376498891045   0.15226187585812978   0.9139584420161441
9.086377480129574   9.723330680797526   3.134598503342686
8.904278872569204   7.1441180696622135   2.516108805124167
0.017075252684183584   7.320616273374541   2.323626967761353
4.2568232048466905   1.4994013069074865   4.603959041159006
3.5600497226633143   2.609841985370265   2.4610778101163637
2.5082493899036087   0.4093828388396274   4.7484724276430965
8.30344090532075   5.625968691194677   4.351199697092065
9.204019384754758   3.9554962803621967   1.1585453381168862
4.056504236756475   8.87097539514537   4.1778168679983105
4.932902640244424   6.644631920018418   3.3624333980456145
5.958334633823043   5.727061814255207   0.4924696311067393
3.523287784957636   6.369561373242369   3.996038820510798
8.678982027830026   2.7812979778353975   2.5727583200686803
3.015260391050282   1.6703221800167563   3.4390157273194184
4.81908175611164   3.3582532491356134   3.9428711671592116
7.211252831675509   3.350469244344781   3.3530728227441426
1.79741341631275   4.61604111456208   3.514336915992227
4.453849060566186   7.869456050927578   0.29631569643794753
7.353393218046323   5.04083421913514   1.3545939989973872
8.637506221146166   4.757010993111096   0.639179570280206
5.924470026822501   8.651096940464797   1.7957005530495216
3.191778287877771   0.8350481631134417   4.59714042262375
9.690958656225488   2.267101491125204   4.035765073148233
9.644002063369207   4.800596899832671   4.2550889021056735
1.3729967342025235   2.023783382864452   0.6334957186698131
3.6729665608965085   3.5531642043017424   1.4418454612714906
9.720132803524239   1.2837167824708655   0.06888860383692119
9.897422975869123   5.7956167687135185   5.26787286655063
7.9098454034470835   3.3594576015158655   6.174539834215216
0.5247710995692234   6.489400405251671   0.1795412368095457
7.6853789805908335   1.17072465369188   3.1540844419050273
2.749035567250841   3.563942761510288   3.9169556105807812
3.381380044843041   7.232809910411992   4.818568340999952
3.4061883601951255   8.49108864839179   6.0082570105237405
0.6034276551858674   2.78501906767746   2.843248457482734
0.7698713432514143   1.2047541860062951   2.4514847233654162
8.048297003390859   9.94664730084246   1.904848871108083
2.3309117685302376   2.7125752977900235   2.1518284861946575
0.7999773480139478   9.85796477939569   5.814117278631356
5.6439121646757116   9.725636750646887   3.9310263240196868
8.827572539629784   1.7547892873302386   2.8213817154663268
5.371879037317689   5.137269572690836   0.42028519973143796
6.725097841278316   4.116634310556325   5.666378889685055
7.895309060249997   6.9216064866588045   4.014394460077259
6.721864452772742   1.8397848265077916   5.003569538543228
7.178751179189571   5.877617093759943   3.281333824937515
3.534170653117863   4.852554412934464   5.123435046467755
9.430870944623816   8.270893923137713   5.01403786209809
7.66999723319833   4.289965038299001   4.244308546324511
7.550536495058246   8.030893641435936   4.817947109779103
0.68220861069608   3.7618360927690713   2.6229787810982264
5.526064873295875   7.649633678911562   6.2450807069712555
4.259974587095578   5.211937248928437   1.6125490828093876
8.906502648847821   6.204936555310371   0.6364388176569927
0.7783592558561911   8.621706213078076   1.3934280299247865
4.3239920633925735   4.2189232872616245   3.316283575098966
5.143306408754408   2.5888535030276656   1.566916695303883
2.9974122007126156   9.683286471623891   3.9661209317169406
