6.081292919993364   8.039482344243646   3.2690191823994166
0.17071305767776535   9.394988543006423   0.9049088978717577
8.442128013295838   1.0768284179498482   2.8673925292378106
7.107922316995694   0.2927710378335323   5.337007299221819
7.469515031830221   8.136162352252931   5.2913325310719035
7.135440498749026   9.341959260846684   1.51784218141966
9.05675713733208   8.226746407576531   3.031998601842393
8.40656408599302   8.407600640482581   2.037431579672412
0.6418736632226113   8.454378191135088   0.8580155762472967
4.550183368740325   1.393777755537706   0.11690347031842424
3.4649415493781563   4.400079490554295   2.1630235932980857
1.7993741821053293   0.0787368160009001   5.094995626048174
5.889385542183473   3.1646654064903847   3.902254303191887
0.031237946558466234   2.8806095545415307   0.33003263322699206
6.305968847832583   0.1762941311518867   5.910259201912316
5.26917403424962   8.707158949074579   3.7864786162290014
6.700181690152601   4.361800314620397   5.907565402909254
4.888921484872631   7.893946780479136   1.5927501934117991
7.347326469077766   3.3644923464173218   4.210151716028993
1.9163901605580294   1.743707226178628   4.083298352170013
4.075936240219397   2.4105722377139474   2.8555892319959177
9.510458374222727   3.535957742483967   4.300904439357382
3.4726891634811725   3.1564351072860823   2.117230479752219
4.173512992959081   8.878450193343019   0.31229664496924325
6.498804281499317   2.40236338074522   1.0169712955696737
9.779819640803945   5.296633298336063   0.09280635946631859
5.752337700653425   9.450758208890491   3.6129613469506388
3.845212969109227   0.019787561678508037   3.0458832060711933
8.44116869388021   2.4318683595607906   4.314556757244962
9.341654963923942   4.180659723323308   4.936384903309766
0.596845364989022   2.0508542445188445   5.430075348240633
3.2417896796252283   5.852233646430121   0.9606644421996771
9.575138031604975   0.2018797437576143   0.5005424971330705
2.4066116173573167   5.534889345604774   3.7601441441429353
7.636435148427332   4.230250341013927   0.4356902759196346
9.86379015255285   6.881337629298859   6.14298763178267
1.5977766031433127   0.9392947871268462   1.5551204977645108
1.377167130358512   4.083504968874065   3.139989133956349
3.102381167560181   7.594880527063647   5.553886919528337
1.593207286764862   7.363579585690488   0.2936062384449363
0.9049137890750514   4.70837348877073   2.0144221234615225
1.9964950656463687   8.430170862937324   2.6807627643738536
6.328103878940541   1.2964675647011412   2.484879324374469
2.353636498317911   2.46961301377731   2.1031805253162856
1.7569479479062022   9.23833683109126   5.4885248958802295
8.35882073606886   9.446304957694718   3.586147860768465
8.799445082012358   0.4045164926035857   1.964041069975591
4.827710366982959   6.541767774129887   5.858363928676701
5.283150275728546   2.4948001003428266   6.280470812624988
8.965015294065285   5.1244084455028   3.901266380112134
7.521202426021178   1.5117551770371191   0.05893181974013603
6.087782398686583   6.427760208999386   3.170652683000779
3.959193567063081   6.338674331286183   5.999228710331802
0.7722358669106311   7.009115347248324   4.365670939260067
8.386164091982659   4.243963599632331   2.834519069095227
6.564384328547451   7.42121170788381   4.4116420342762055
1.7647328558906445   5.211882819800821   3.354323148717195
5.535119894023347   4.044020801499197   4.90086573477009
5.484578410993717   7.1315558801903425   2.5431989999718776
8.945192770714273   6.006284071232526   1.246044301371942
3.061235512036788   9.311479326927918   1.7397274472802668
4.280537166613123   5.049100221917663   3.3882994682646985
5.419893089522461   1.2580361372208217   0.8427944206221543
4.563373931697209   0.28836212366406944   3.520644122250136
