7.871965447928238   8.585446548826424   1.8314992776113062
0.41876995364518665   9.544902871141765   0.2028767332138014
5.566656905178977   8.369029513271927   2.1208692314437085
7.249512999400691   2.0191750775144754   4.5240702441093426
4.093371855754408   9.129905389934283   0.5140912053121863
8.306616096681365   9.814264967068338   2.1825010124443756
6.8287180577436555   1.119983683949873   4.835947886076716
1.4753136867563303   4.854248001913837   6.210758006145676
5.382851656435875   6.7155426000297975   2.439490852916472
4.002926836924858   2.603861771631574   5.784467928512212
4.680145698029064   1.9922641226549203   1.2411379187352085
7.137572976545555   8.256130181510546   4.626338046106594
1.2653634614835256   6.436906564283577   4.509706158337125
0.8593584677730536   4.133424330821555   5.184094354763463
9.534874307211995   8.62468122459055   2.519435760935287
9.336660328120303   5.187828447227495   2.2457562135513465
8.343210599363633   4.693760012957164   0.4370321838899459
0.9308465482676218   0.40902887436678287   4.497231984786529
6.005192948765784   5.743098379662973   2.4212280114525093
3.6012947940990725   8.602850529281259   1.293514142728212
2.0357462564192907   7.535833760635638   5.628516618925456
6.6357123804204035   3.7020571831176583   3.6249615136221465
3.7648222402223346   6.360265037972593   4.430955637016115
4.990486643504874   9.272450038032114   0.8171263550426929
3.076452391599872   4.416210416257459   0.6483233622748045
3.6198423622579323   1.5849153844828996   6.231229178703901
7.342070228545738   6.068504789413425   2.5792303855192382
8.80557041207043   2.450818876045576   2.9803235842511095
0.21264540361922601   7.226916686655671   4.459522913830409
0.9796246921457848   9.039143071569821   3.1518569332014024
3.139344946618693   0.6183488754899069   4.481132264525406
0.3527412076800641   5.653259134847778   2.686670716275663
5.637556964831226   2.5085858354296797   1.5490250153914071
8.39009101095091   5.789656276450761   4.134081471951922
4.724991483149558   4.479871712325024   3.022589014814034
1.5692672952083973   8.140827355526334   5.637200318136568
6.821938293191034   9.914514856018277   3.2971157084996605
4.255238777595353   0.8617485968802598   3.9039676524328275
0.9152953351253562   7.934112167583108   0.15047959904029043
7.6745491105826815   1.2335736113355589   1.0739904377136913
2.7037602232985547   8.663668621381662   3.847770347518363
8.976417232003643   1.385565742953993   3.672065673277814
5.7082155068868365   0.4777229935482329   0.7528356143308207
6.199174705678057   7.747370646740624   4.143266207793116
8.766261820331117   9.113976486042606   4.7531325347924955
6.8291174186066606   5.223168532798306   1.5598371966817413
8.773827286529862   0.3472149303748705   5.212334389376325
4.845135491950006   0.12426177502550018   0.9473862808807356
6.063750090884985   4.7309457733525475   4.980206183963796
9.128582979381878   3.871901173535775   5.7476739535693735
5.124504061571294   5.182748771187233   4.215042983191488
8.37289033659509   6.551096676721169   0.6778146427492331
2.352644684749016   2.8492855235683807   4.1592721094107095
9.60417979797684   3.102965337356328   0.44183723635531164
8.034851405558955   2.7899243257059005   5.662152709308192
9.803326079764876   1.1951710109428726   2.9649349466272206
5.97299859955873   9.652680829005293   2.749940455506338
2.637011316240354   3.8203608056175473   4.435824024247155
2.3168250377698656   5.985491668039394   3.158357828918464
1.1185956324644395   3.391594793294783   1.2763547993383133
9.395661904648424   7.528822875565132   0.11950000120636356
2.397706056886271   5.180221603877712   3.735226863808516
6.163311327020305   6.81041699283699   3.4450994402380215
3.222457119991428   9.818725378179423   2.9776670829297056
