7.438790623811629   8.11212761732609   3.117464693351034
0.05946607179754981   0.04590180622820311   5.781266527668237
0.9214786992824143   1.4173339388502524   3.2529765007901386
5.602686826451624   1.2305557159705884   5.719072634575562
8.370639764650965   7.849637569597639   5.024648825584836
8.092916176626597   0.0785954016675472   0.805337956590663
8.908972144629288   9.009082282988349   3.6730862810891787
9.282794291323244   7.707889640651654   2.0307965501255736
0.6273994610327096   7.56608960227368   2.33218263749633
4.280149866156457   2.094101751747181   5.398034221451885
3.6637993255203725   2.8640519513184506   2.6560948815432064
2.1422198504996626   0.12072127528385579   4.73789910244418
8.538934503063997   5.91843382023771   4.277101597685582
9.368194732703653   4.065323591385705   0.47131427352707156
4.042477145032449   9.728438230423308   5.353264748108712
5.6777016289331765   8.444212190644896   4.056851028173753
6.133705928861101   5.390132920726093   0.5524150177260365
3.795479081147403   6.792483778013694   3.356944422084072
8.556589666481086   3.084984982014367   2.965630437939728
2.670927905988386   2.656860241468003   3.757247375115912
4.961450076972581   3.1084126794568365   2.72548180974288
6.154121132022672   2.8583709164384152   3.8096815099329695
3.1048068645886926   6.12330426896243   2.652645367038309
4.801818976150982   8.876317540038857   0.043155350079501775
6.367040950036127   4.276194581124026   1.255867550936312
9.586649963131528   5.000728393752702   0.5247338595555913
5.022960414099369   9.690975895025327   1.9520935314168288
2.8451801042713143   1.5084077966424156   3.859614405181887
9.50275146585401   3.071246620066848   3.783343600328461
0.6068602495976827   4.93485111953349   4.216135029752508
1.7689075948453092   2.1123956642679063   0.4554758910103228
1.2538754363915363   6.139944151909547   1.984088378050984
8.812315827233   0.0002744680680203393   0.18609186284061943
9.539490405636917   5.978840489665393   4.743134013484945
8.410640980371696   4.457289560387204   5.5707934650185456
1.752506430474025   7.567947321767717   5.842090044197265
8.400560222323593   2.0155560576551617   3.234785054806556
1.4778736548621425   2.9856394390583714   3.872738551488225
3.1029460818658703   7.317599417246942   5.238245810490735
2.9604111832179605   8.527861509395423   6.132860997002619
0.7633902603114554   3.339708436939354   3.00648514605155
1.1316812628170794   9.867027940328148   2.4437687269507555
7.782607398981813   0.9570751013696687   2.6661263257772143
2.7775759587698543   3.529201604251152   1.4517972940294734
0.14382040987602168   0.9548933229129191   5.376444072514616
6.284808905168207   0.10042276288575619   3.8914855259321235
8.82793359556275   0.8140950770324384   1.5024895782658545
4.979946133222711   5.62870186325284   5.83506173337201
5.727344498331778   3.729236821625644   5.761056046849001
8.297107003649945   7.020634136503503   4.2311459485561524
6.7436596394518515   2.065881533960575   5.109952122562039
7.156511103140345   5.843113173328088   2.860711425805288
2.9029434922436805   4.475154969433287   6.0059335750295295
0.6168161586025975   9.08734371783406   4.535204962162587
7.322455043148037   4.593619978728942   4.298344363308345
7.081521089662164   6.661132861392611   5.600856834893886
1.0961848905979825   4.2759136123451515   2.1729986912380466
5.912837679977941   6.41632944416252   6.192028172423538
5.57082295207763   7.228682097085549   1.9520294997599799
8.988808358846958   6.743766342041486   0.9810509149358394
1.4264842510535334   9.097208853629722   0.9004466924970088
4.508270716352113   4.770022180455641   3.8273765239596558
5.372884344573619   2.3345357458483944   0.8478136028862987
3.1008764507106523   9.711320972258635   3.6224940907242056
