6.120639695574014   3.77443131500248   5.977344358756048
1.6822506270497413   9.331289298765556   4.417676191598579
11.289908399264084   12.954506666466575   3.549338973974117
10.241582683662028   3.040581358372596   5.725312518330418
6.211629821330103   14.10532762416697   3.8070675654512467
6.372744164404935   12.248053524680463   2.93608756077179
8.292792235696565   5.067641319426295   3.195319314614176
5.42467242169879   0.7045436764047398   2.815385243039779
7.509732565622185   9.723074347895727   2.312407845304871
6.423361375232302   5.162933806246359   3.2326505334656055
0.6119793588101368   7.033567972097519   4.755465745361418
5.542431304764232   10.740225646176917   4.296211846208378
5.243591732652513   7.351099726006806   3.275046755559129
14.099227876461253   14.344456282929329   2.30882360614765
10.615093175298167   12.07735407104434   4.261790113935428
10.72245889281725   9.773247262930335   0.6905501552827581
4.0476782404535205   9.98560809981027   3.8434052952698443
10.037095437923522   10.915085745898502   0.9013722542735674
10.265183658152583   7.722363305084324   3.0006248906859936
1.6792934768344674   7.745501348972856   0.4708606737852046
6.638399726014804   6.69706220137683   3.8085228502461335
6.795502934997688   1.8671909600902894   3.1308745688789297
5.477079682514459   13.361597746516683   3.6879171046791424
11.552398537433788   10.733263562561412   1.030953078661388
12.022949616279409   3.31635798485343   2.039605727303255
12.074093105843923   4.782339683010203   1.5984156227289716
9.655822228361814   5.914877829702689   1.753712303973301
1.562731788553588   4.18563602378253   6.231245558025885
13.62361865885309   2.545841871858468   5.445711931531465
3.926758920403997   11.792198581611151   5.2930836369069665
10.617053045482585   5.268298782877648   2.5148888340932047
2.737034089255843   5.0124107641430005   5.280714838143177
2.5483445526282487   13.015939097854394   4.845225537224806
3.1972391850485957   3.948425355513517   5.3212580875633515
3.3822384058972332   8.536000588655515   0.2591776367515272
8.830244917370381   2.5430461804547746   4.53892512135609
9.840957499104976   1.9450808395230574   5.437845714446339
4.338487928288221   4.904495099241792   2.764632467810915
7.09881684740471   0.3538805547438829   1.6786555473580769
0.7859306236340574   11.864384233536143   1.7246163642013341
13.98357848439597   4.246863022950808   3.527273977315365
8.784509596762152   0.9265840522493176   2.716128859613792
12.762033171405898   0.921493438803887   0.5187344727830683
12.790435644246763   9.539836529753904   4.145153249357751
13.84862874433208   10.267761074866776   0.7542180085964902
2.0506179827843005   11.567619035195996   2.480368024727495
3.9069432846071805   12.864844160526188   5.9504951717964945
13.261857686607735   8.277438719901365   5.58120578980696
13.347738917941982   13.522160091399261   0.9851814975487106
8.930904566211767   12.708049199660879   3.4047436396756527
3.9570219685295682   6.5304072833513045   4.201089995322771
1.6995715715206863   0.6422913899141134   2.1135999672725183
8.34159892650636   6.370436364983767   3.149638334175151
0.626996190104541   1.5571729564833943   1.4148247832015772
12.011537711577336   6.662843702369681   0.41536294984138433
7.7457611906423605   8.496050203495674   4.904616647621899
5.080385423808998   9.621313413444843   1.1891322538890425
2.4212994066936138   3.0683998198473676   1.956763685153835
5.469301443842606   6.326941960627894   1.0710035058240006
9.2931103018351   9.47512859850073   1.0671991555139215
8.864600785652122   7.670242309479658   5.139406789231007
1.5278932090628996   5.522711681863292   4.1195755513181185
1.8916681422341655   10.380576013840166   1.4464205545279647
11.541000264342687   2.119699447374001   5.063290785470055
