9.96775524284668   14.190511222244268   1.4887992375646493
12.356781598473457   2.2167647249692597   0.8621196267968886
13.229677869135557   2.9111042943523615   1.1314896699449681
0.133888386667119   14.17894682459403   0.37010494730425786
6.709075068395172   5.361619371727768   0.846918434925499
7.715358288449569   0.9583169416178037   1.2673185943923724
1.2266113709828832   2.8383494492598818   2.5682122433897905
13.467720257595484   7.453576652041084   5.580747215592005
7.000147716544902   8.408249934106571   1.0158707364634743
7.485990379354847   13.11174359125806   0.8464713258031363
12.507026454170626   6.787325238533199   5.461414822946637
8.055420590211016   2.3076684666512484   1.0640346326057784
6.668147046974809   10.439440253320457   2.7460753141156773
14.210603821305547   10.243038073412574   5.742839782661435
6.672827472863324   11.94656330702786   3.4659369763480066
1.517562742011074   11.913849762098582   1.7039485877559728
13.227610601641084   12.267426950835771   3.1517104090352093
3.9311010571369427   1.0334392632850935   4.317175135207248
0.06873070646771806   2.9994316010853277   4.206642169793756
10.762764453176255   4.144163580769858   2.672195403280809
4.290467745196562   3.805417362553673   3.9683774990848404
13.595324986820762   4.148782177768948   5.516967122900147
0.4932518917638316   8.114594067871934   3.740694047850636
12.125176138255176   3.826476574826069   2.3370844625249134
9.679834329765766   2.784631512056312   0.9452605167236754
11.151210445740434   13.78892025523631   5.6072829585565085
2.652770943808712   14.295138216773992   5.969538763132111
12.286699007212649   9.638910389334953   5.955115501081993
8.867949247902938   13.39874534191567   2.2931777263827944
0.47228803140147074   12.971935916323437   4.930171880346946
3.8519019011652613   8.339755303723184   6.062877268975758
11.939501572308128   10.665002815661637   4.701108045632793
3.59461851410117   2.9340022979100615   4.019337009751525
2.308863867773138   8.177177799910979   0.27711333480445516
5.352693370925074   0.5346021397792733   5.652430347394468
11.787529796185066   8.125394138132968   4.183567322767164
13.281751268020633   13.585639500674391   1.0441247332416796
9.532261238224738   4.565491798222253   6.095421013242558
7.63426779239129   6.083823327845821   4.5262327882369435
10.80614698507605   11.823597449147124   4.797040349736545
10.002868216454997   5.67992883133327   5.138901791619659
0.07446386124128601   5.359964636624587   1.5859022607985191
7.280430580070371   4.2221139191255475   5.584312580780257
2.538662771316606   6.58444600489226   0.3925217721511822
7.603748571428305   11.358504706183712   2.7322327929307435
5.543662021877204   7.261132585637264   3.807838488213738
2.746088345276788   5.179397294066684   0.2075905913517846
5.740514271234742   1.5259512138142715   1.414394571538159
11.886464909448462   12.607428081300109   1.968733686932398
4.609800602347547   10.559948459323714   3.576819069723987
8.909793854464198   10.978776704935825   2.583858252814097
4.697747473095033   13.841846161603845   3.3873405841416573
10.429876399668178   8.673246949225952   4.259160752699547
10.713160524050135   1.2837480954973763   3.737564855526597
6.2058392565454135   13.824476199569656   1.642305710830204
11.968674303499256   5.538026302332932   6.2548532288653105
8.519429321088463   12.321653018619681   0.8415920395690758
7.7191998912437345   9.997160762832635   2.2853819349375657
2.2237638988350206   0.9666715858589392   3.938289909356336
9.092132492243437   8.381432377216845   3.5795235818912055
1.41008527035366   4.671901710266127   3.888331455197882
13.252564846698666   10.830089714073985   6.109754274474137
2.998404284534366   11.608276309261171   1.4941171304142127
3.805942446277701   12.94662023160562   0.8499635235386362
