9.4995745205168   0.6813175453114659   1.0841037462194922
11.768252466436403   3.3879767052633323   2.172211854591842
13.190155942135238   0.9205859052920902   1.4593714833328626
14.367809475655433   13.560315330217188   4.943419843857744
3.170921795359252   5.433180977868472   6.074290434935877
8.39719766766369   1.3044703189096691   1.1212548768675938
0.11900958099079162   0.8964706736637927   2.003914597750225
0.5372184538479119   6.374100251926822   5.082535273817915
5.56275560186837   8.125119401810883   0.940605495726955
7.7668599500159345   14.0625901111055   0.7060044375430377
12.997628890472614   4.443547375830091   4.675769332258574
8.941199795827282   2.6208046187534806   0.7771166062571051
6.1203299281693555   9.132741164272579   2.8322220640090783
13.51491906290322   8.612858725680502   4.57745278116517
8.457997973973882   9.133742055791636   4.092238236745033
13.530257659822748   10.048011586657339   1.3880504001746226
13.993457568452309   11.355592773285949   2.0747390756252404
4.937113818782342   12.025527871396974   3.9715687359941962
0.40296358965077766   3.6110090097846124   4.10016627323024
12.74315313846528   2.8551128866048083   2.9724664743506057
7.4772954344715625   3.026882108525268   4.560815070817654
1.4035694354188168   1.8954971002225414   5.005369566130128
1.3361445603868756   11.668732425219922   2.14636416896558
11.790856481630772   0.9581836603597064   2.583924324063745
9.736132879698134   3.5537206161715513   0.494300429575066
10.58977341204598   13.343992741981706   4.5811041221893625
3.473494281263533   0.6276516337488416   0.7716308621269286
12.453117691397953   9.63648506758111   5.625553985679514
11.732592050443744   13.362052902211746   2.4963194951784846
2.0783202113749764   13.399521464631542   4.740459200613944
4.621670723375425   6.130566008911125   0.5499995708599356
12.650689077720543   11.893262057672631   4.832807675668336
5.157014318566111   2.664240988577608   4.064641199518418
3.8725740699875004   7.79805938366116   1.0884979882117303
5.576445318099326   0.7838815059120919   5.585764130362699
13.344949420050064   6.735021105778501   3.7014888336481557
12.96150038460619   14.175309152576874   0.21854757753271378
11.329268491866289   5.681863146456476   4.892393277561277
7.153713039336461   6.114506221786949   5.223656157563711
10.241550051176812   11.958439157181823   5.106597049040523
9.296462167572255   6.0568587176041095   5.0811247835734665
13.70106208045025   3.5336398641897593   2.49766124206597
7.94432989695201   4.573535819608046   6.2278124003641775
2.6257877762814634   7.20819708421391   1.6851560405748371
7.478003327573911   7.982388070615419   3.4689411542305812
8.17402419386554   6.887497908853755   2.4200331583779437
2.729580145688323   3.7965393018595064   5.85669235579827
6.775538222093831   1.1753172475576141   1.3497523264966025
13.516798660683701   12.642737609965554   1.20083028867337
3.0526527810095474   9.641645675228558   3.3002168002384886
9.550420352146984   10.031075248984068   1.6172439994801235
5.18959191462028   13.131618125060207   3.5502750110767174
10.163232217869128   8.973409296445462   3.877273659243876
10.712850336433087   0.8147221281881011   4.126722178149766
5.063652840711864   10.44230914732926   2.195668581981472
10.848282617473577   6.765772493083282   0.442214827502716
8.509141224097336   12.889895038672188   0.9341668314618169
10.94576114727335   10.57542064784555   2.8748634546716456
3.005634433203537   1.7249452596538617   3.9839172386044113
8.806356944341747   7.992314299004316   2.7369537943521616
5.383177064429465   3.8181166348478035   3.572516286055111
12.848014073688859   10.851559371161192   0.2052208003107457
0.4943459120769075   12.469535823385959   1.5783702776658963
3.7601828721894965   12.01776471637785   0.7124025581205345
