11.577210063512549   4.747516111840749   3.8341013080100255
10.162133412646476   8.453646642323712   3.46886434990201
11.63962200365044   2.6322454131094313   1.175772648561881
1.5288132591794528   4.91937497726905   0.6805331614550892
6.463247343556522   3.323870454260284   5.548724936028997
6.956117514539303   13.95900219770432   2.4197747329048904
5.601948703346287   11.801549275001054   3.5386086945383264
4.113958415306958   7.3963017872051005   5.402128478546165
5.209483508477934   9.71373553448741   4.730996870570269
3.713410175890601   2.1311185419241117   4.429929070569856
12.008019112297733   9.85347208923068   3.545582409309874
5.292937344771699   7.090562698966815   4.729037514269743
3.8710113567973057   5.854426446874005   3.7370005219075058
12.766237168408987   2.6162527382050897   5.827141016960076
6.607777890772209   1.2795659470918734   3.120951717442273
11.407893796546322   10.717471469649958   0.34523944623042
8.669841063427059   14.12079155546674   5.192760291478691
7.437295733828155   0.6162414808212082   3.143487042221329
5.8293984987885255   8.280067643785113   3.8524946325320175
8.869248324132728   10.156737520136668   1.7578764067974737
7.452481445145821   5.371115281686622   4.571802648069335
3.15563119972289   4.568037611033382   6.23151026278868
13.340419859437018   9.146868978888715   2.493526966095169
10.276888956147562   0.4254411265033879   2.1542713983598425
0.08094502832900713   0.664525066255873   1.2914994469081489
12.434226283599715   3.707872632020797   5.000540757911103
9.415152438890289   5.276689673899575   1.1384157737820835
11.577408071446605   6.885212397952572   4.043161742722641
1.5786892261419898   7.831449037662347   2.482780683637245
13.866175196482267   11.32586517700878   0.08407173766568861
8.277363442735021   2.2793055248509884   5.272808740929752
0.48893426703175724   10.481346681457214   4.077641409583964
4.463121794987011   13.613548431487994   0.858926041695546
2.396728458716255   1.6674764203200603   1.3019357733851273
7.607089956640958   11.852113812573032   4.422762962774653
0.7401611514867628   6.878512907457125   4.358042990520773
9.18596791203907   6.40650313729719   1.225706964853038
5.953750537722698   4.234792256213688   3.467182453269415
3.311835311191187   13.551871681495228   1.7981998964261654
1.368925639273408   9.646650841737452   3.9669007695272334
2.6603376473003397   2.9499280139870434   3.8657441330735614
13.89610933469531   2.9617956526440126   4.328043512881233
10.40428068395187   1.6909478332770855   0.99243971835432
2.643459700005179   9.751900606659321   4.7406998788151915
13.782907195261487   13.353186479567348   4.889292113451122
12.979903777083432   10.708359247237658   6.2553410259761915
13.34901711676661   0.24756563132881837   2.9910565013640618
2.281936030945334   11.81263885751531   1.2983078759225068
12.104190665899944   12.772803040528373   0.15919679574843731
3.976913406162505   9.516627929155971   4.851586242813816
3.7126206627554144   11.774043032347986   0.06978459706572605
1.079525679841129   13.19069076719621   3.0113451043255344
8.187852783492472   7.165104585231909   5.580421648738111
1.3740415122875234   0.4647949996750186   3.4288071872016594
9.594693286844283   12.737177388390478   0.305935510624588
2.7024426167460254   7.088231957968877   5.275350565116939
7.767252602785105   10.728552926358722   3.0266767586188275
0.8728255272000718   11.943624467987274   3.6073885335674207
11.223279943462511   11.818857304943567   0.4671930122795974
6.626679410701673   10.422937796745881   0.03260338286025313
8.35119537423221   12.793345197193103   5.795891582704937
12.321550444055323   8.226842356655585   4.7855839965775795
3.1433026132181126   0.41009269672575205   5.877163432666314
5.363490560759927   0.10619930758200852   3.6951902869349293
