10.586016777302465   5.732228185630246   1.8539586483429544
12.897744455138925   5.636302142808046   2.2318380371220448
11.898378496799847   3.339838574742892   1.6569431066196139
13.936017477295724   13.03489681062259   5.051705841754389
1.7327870856253893   4.269944610497564   0.18727741325262168
9.659822944377597   2.1304341564247626   1.3612713779645285
1.5679110678345753   1.0301436980456382   3.355432129760823
14.295606489569574   5.000696461748203   4.179627982259056
5.993555664213707   8.622871525159672   1.5310830805890479
5.333209912834955   2.078077156754626   0.3485598463389944
13.115703999446806   3.952597770968325   4.206818669519706
7.769845765849136   3.2493175503406437   5.981114781046771
6.519365114381519   10.202843230793592   3.566697596143598
13.511290427529676   7.348109319028708   3.7817713336311103
9.129983017967943   10.304770042866016   4.960920898316071
0.5013288663560944   10.865926639641444   0.6926433130628782
0.8925596939547776   13.397284325100614   0.06005948214353789
5.430447691915553   13.18028151294124   5.763854732500805
0.8642680819335271   5.257659090503029   4.4924625597004075
10.810801602266661   14.331673526468379   2.9822864317142255
7.6928240401073475   1.982393943332079   4.053620810221522
2.7672611158127594   2.445995149515738   0.12874924104576635
2.0929125853784942   8.526626765469565   2.040333175730355
10.03580504793378   3.107019043717129   3.0038749664392506
13.203407578400457   14.075269938007255   0.5396707354448051
10.921218828492059   10.613320388186175   5.22191393070428
3.510891853641643   0.7836919555849429   0.6133696650628334
0.05654527009542676   8.783973284175078   4.079142871076229
12.128018067810821   14.331969408475235   2.2622412205352944
0.9706059420121486   12.067192828626014   4.237647530058171
6.380201800932388   5.381662212104324   0.2437883823835583
12.438586828228164   10.710116574189183   5.21238895094823
5.424738658473016   0.507170709526213   4.257599660055041
6.013766435904121   6.983184988632894   0.14676499338672871
7.823622228591261   13.071341501196384   5.201971853577278
1.9844954948753486   6.137064044140846   3.6350455693420787
9.592642957595423   14.35139917185781   0.5391601313063957
8.982369241752462   5.847877322384829   4.7938486650245045
4.382950291739698   0.08966707943890562   5.627187052564245
8.65674180256329   12.401142450037476   5.323830291651732
11.905647237575392   6.1929853698082535   5.07554371758879
0.44257676095884246   1.6365650962425888   3.4597020109821157
9.378470267682852   4.082791944908713   5.859781379578509
2.907557537006571   9.194461329120037   1.3908133515980738
7.132288913344637   7.960374258950479   4.013838674793853
8.662347321519569   7.222495007358602   1.2204602033420695
1.2827217736628718   3.224236131696034   0.03251400682974151
6.994660541792962   0.44534660256791947   1.356435337311052
12.808375510841243   0.908509729303709   1.227641424162116
3.7316263299354326   11.124622731960388   3.8657481408048313
6.863183042944956   11.60335338484601   2.5217021447859054
9.761125321389441   11.923001579748398   3.3145499586550047
10.099553769398915   7.8730432729745985   5.959569383506622
8.906606214434632   1.3248382542896082   3.7663134993329246
3.162270611329599   12.275825431605522   1.8174000747433046
11.198265552346921   8.639020574119211   0.034801314300591635
9.688065151910553   9.241540590627757   1.403729567778301
11.801227684802718   11.852815524864598   3.5230672486262407
5.436282799783379   3.951067449919099   3.8458864697777044
8.457127105827007   9.084118521193613   4.5896279912680535
7.394215122812351   6.279392720336683   3.3503559754916856
12.664308793541613   9.177986815346276   0.45281554234459687
3.107317857578047   13.335378855032609   0.6908740646909721
5.058176868230716   11.304159792883775   1.7849529800999642
