0.6856459717177518   3.2220018778491752   6.221789197740002
0.809044868173461   9.965660721188653   4.255060461584495
10.924797523689392   10.730361960181238   4.9442070374471205
11.190485718468477   5.677354866045642   0.20875934033708665
4.6015640595637395   0.261699144652446   3.8316443128265205
9.402963845564678   12.486621069276294   2.7540611519160683
8.776421658460416   5.584062206105681   3.373198929425715
5.164713885070946   4.047247540685511   4.325747125774505
5.1755980454395045   9.651179188034064   2.5868287689092155
5.724544235590753   5.064775032848627   3.9479029455548136
0.6077326817003772   5.35518731233369   3.897113654243434
4.358717396474063   13.363140517446245   3.197786629791359
6.999602817372649   10.120933264433807   0.9143139020347582
0.794791709501272   12.513302989569448   3.220163567404092
9.861753136878946   9.589875114490795   0.30863157178504913
11.730601287750114   8.339474808427894   1.5569232032679547
4.818501266539679   12.151234842196152   4.4107442109556505
10.553357975191933   8.430187854920538   0.7512852549832159
10.89547458406602   6.778541647577944   2.7902134475468876
3.344766189157106   11.06653707819591   6.149488772483345
7.89801484297662   9.128990264193126   4.1016134015079215
4.686808805086283   2.4731266763294517   2.1758987134308434
2.563334137983381   12.522326236314983   4.7540154936928
9.455392933144283   11.087426626735791   5.7573164314796506
10.117277762669708   2.2547942412785593   2.427281892968336
12.186393877449127   6.444293457985935   1.7646301247892888
8.133274879597638   3.390299498221454   1.7506344781190866
13.050430650318877   4.259213175856782   0.19502565376658987
12.43930925467948   2.1252100574093284   4.978700374427162
1.385990209537955   11.5755523435955   5.06820083889556
9.12262436217994   4.283872195802805   1.6246476986205431
4.142701527915613   3.600882226748293   5.681716592380878
14.097636123951572   10.772382157186565   0.30971386886257146
1.5080642329861311   2.339431662071345   4.060102904013982
1.6080650215667291   7.173984619122058   5.773406890881462
8.39743484721702   0.3463419149517854   4.73731833467632
10.874478885958792   1.042441961094279   4.698151332069955
4.057863661611493   5.708787587492741   2.5878485026437623
6.1813496168824145   13.82789866590666   1.6768931682465662
12.40221801962767   11.106021946032794   2.2828073333456205
0.5518996576979934   8.076912972087209   1.6299635312131637
9.308613980667316   13.55394920816048   3.882302313882256
11.921461617875432   12.072103721552427   1.1967555354428625
1.4113438910578218   8.64952258064291   3.6238857187959477
13.318239309120735   11.820642021825018   1.5706803974519108
0.8562242750836506   14.108756633200038   4.295830162999
1.9404017439509547   14.220468294014516   0.13558195426925546
12.882828862375911   9.516368287600002   4.335841103824711
13.733053659897124   12.770268107610486   1.7671480009266536
6.708422179055794   12.561510110988996   2.4719862717674452
6.138472285168146   2.8853236498720913   5.080606894031167
12.974768503213108   1.055970492368729   3.7528806801724284
7.649694198540542   5.661609540728299   1.9749563091800975
5.992690759890441   0.4277088545729233   1.5929922225443673
9.964935868470393   5.8989617230102   0.6697790575530056
9.505713504628332   7.373189480934215   6.1758684122802165
4.061461415755182   8.597957281423586   0.10387480641518465
3.528005150380068   2.3079383938019618   1.7409476659204863
5.744053984955765   7.329768253755875   4.085225032208186
8.13811558797321   13.107339709566592   0.9146055230096489
8.150697479867773   10.625986749251103   5.728626629295985
14.145031592432078   6.710728062096818   4.455338736016545
2.277261632585162   9.239099096676469   1.2577074864559123
13.602735654826253   14.12727217118046   4.526821842033247
