2.3555174056379515   1.891980678941311   6.221576661767213
1.3953035344549538   4.0492437300621305   0.20648517498421395
4.804036761464608   0.5557041611822572   2.2206039961359654
4.989023473711061   1.3852101412196665   4.144722214105214
4.307532790088369   3.14497478762395   3.2588238383543042
2.001562577502752   0.7336329552143427   4.76275154459011
2.1230283161754433   4.46801552001841   5.4540720104363976
4.5474612222687725   1.248912051712296   0.9894908613174768
3.91121771219256   1.7674850092084498   3.309067598043671
0.48388326788027514   0.5933787046657503   1.7292583431133468
0.9727141760227395   2.3213835901544555   2.3603854685389485
2.7105464936863304   2.330088088908693   2.691078356368315
0.6757895368024184   1.443405654658668   2.04481791530512
1.9118984293154972   1.1173484097487698   1.7799819313883412
2.7476139827779535   4.463567954605792   4.991152897025618
2.3379876966207216   3.4093956598037147   4.951872106580254
4.277657709192778   4.710668578477597   4.260635532166443
5.235717672835089   3.490181707759373   2.5151109429110656
3.3263501603384538   2.200059410456808   5.746364260665604
1.711698069485808   2.3978122008591303   1.6057872837221392
0.6091313410239076   0.2727994104450421   1.7964003227761087
5.247394932849806   2.2389256853792125   4.821302758263727
3.784949537258033   0.8280547251391357   1.0170792711109158
1.1696862791476574   1.3427768702484675   6.142434316633256
0.9098614396465023   0.8585593035803756   4.382888168055593
4.7653990795825445   0.7250583593406061   5.273233211677031
2.235009042937381   0.029152474576624066   0.7291261066104054
1.4408462918578135   1.9996428364841936   1.0053397491293539
2.734857313372419   5.031958582560434   2.6419418638501
4.446331966838449   5.1646421643543245   0.26217932027607405
1.4019800084843599   0.38007838541962136   4.216655116715932
3.809737768756916   3.4668113849596995   0.5382929215097517
0.2684367569541244   1.049002776057523   0.7334722801748914
2.785283053191005   1.1089589382974518   2.894909651235056
4.791277794520928   5.061388157580531   3.446083393136085
4.394257819113641   4.303619897976449   4.6064353671805325
3.0103375485091872   1.640607592747417   3.478421237927617
0.8209837477959282   4.401927419179688   1.1769095665079798
3.3689254118058143   0.4718622792024057   0.3664063052493777
0.3424458861081393   5.0148653963312615   1.1411287430306634
4.622477297892926   2.402229530793757   4.832327755251679
3.9725762486135547   0.3329696164514337   1.145751476952764
3.1036797936846967   3.3584006689726804   3.8883752332041124
3.270550400689662   4.378164800388805   4.743305091331316
0.6664026955523219   2.8018100201958385   1.0105447744091003
3.164571476132881   3.5532043278048464   3.9642184992254457
0.7540895789555832   3.618964851173482   3.491103245043588
2.085358311357489   3.5285682326995524   4.999304667991751
4.896011321580174   3.0042183327733536   1.039501239168399
1.4194160828645548   4.692733980126587   3.339204824298539
5.085668954493179   1.8639860320596506   0.9795791042003462
4.145586295585556   1.1786683328949983   4.487432445686904
4.154946716108688   3.2557749414116746   0.08287294497742212
2.06425274184374   3.14039720667102   4.715705644235083
3.426712595473938   4.981704604269248   1.9413430814487798
3.7298846677605093   1.0665365669751279   1.1049350234725375
1.9869765825948311   1.815967092324784   0.3080903339677301
1.1516768305302074   4.874640704780816   3.0104069560184725
1.5397889174465986   3.4587213752370074   2.310724883598078
1.7012855770818331   4.448883281086594   6.1738108353842565
0.9409283323631504   3.9132288490578295   0.6879787246268847
2.8817946280859   3.9997122193852666   5.042729444405903
4.011531808789084   2.341480850209684   0.8613975766077238
4.644405874613856   3.9391956415731415   1.3100211213884787
