2.6168707883890567   5.259694442202912   1.103839415678457
4.866919964881156   5.19669087584284   0.27455077298398634
2.428558394569736   3.236387299397798   0.7814559340366809
2.961622781167308   1.2577911086557718   5.562735851079655
4.432398648513862   2.2819566206725552   2.6340819116828076
1.4114686881717997   3.625612822696314   6.260348532733791
2.5864999041997394   3.511539219149773   1.0199107342289446
2.7373687805292906   4.629291105518905   0.09097958289717223
0.9104074283106272   5.0023219530409655   1.9658286915616243
4.491624251315395   0.4706044791937019   1.5675911254071582
3.127046047381858   4.281191286587099   2.162446594285137
2.4041770908379996   0.3523632700014563   4.160099100810016
0.48338244201753566   4.522496813796816   1.6314585750099928
0.0706856711658474   2.3391262730484077   0.6341301444954694
1.1323364756438725   1.193936862991364   5.476677737854347
4.786557047100315   3.217025142521612   4.927444368731197
4.24972756410856   0.13679698858970823   4.752576383260871
2.1318078662747117   4.331905461327027   3.3137177235936743
3.2978574006527728   3.302267624839292   0.9175049117708356
2.299251176571621   2.750692295142918   1.2923639958919324
2.0861945880983876   0.32585881591187416   0.7199814872734334
4.477421645969753   2.946854560963653   4.345709669009781
0.8227074376780021   1.4760071329500435   4.783588408977517
4.33836729903591   4.283900646877299   0.8123903021024913
3.6491267817972655   0.7043558706194639   3.858420250885511
3.0665962989805937   0.3676314360100868   4.386339797248681
2.8590866368368086   0.7747244376048824   1.9563096938860003
2.751611537809051   2.7735372925553428   1.131608766756129
5.25342518210749   1.4797555889548373   2.2429661417673996
0.046920148167663406   0.681011967918024   0.5500149301006196
4.624149205258602   0.8687638456553457   1.8937055887632093
0.49292021736210156   3.124141316244288   1.9080098426692254
2.21621650105199   4.736764826751826   3.3922427207398225
2.488885471133836   4.592728754586374   0.36944015787782986
0.3198933368988431   0.051479341389397026   3.790384547122001
2.147313586941515   5.280056684670508   4.138338126799383
1.6380381962130461   0.06443200018610717   3.1462587163450344
3.8577164104711272   1.2758669383164423   0.7484209307512618
2.2808259281249557   2.261233413753862   5.1294785596120915
0.5111310829059161   0.8371109961613661   0.7426225716978733
3.713394608060824   0.05664678129907408   0.30379769104099874
0.7420387914488594   0.3882441276755519   0.9846317625209283
3.8614135816250914   0.9726716252866603   3.764793107287258
3.664027943438437   3.5609439898037474   3.615816690119967
4.061261308363326   3.588972552283548   0.8454710812376811
1.7433928927870297   2.402833893070918   2.1055046093202137
1.8012984149436282   1.0446136823861227   5.614066394681361
4.82407478943774   3.99724759016649   3.969059937298949
1.0464300682008822   1.922701257469821   1.1511495964050467
1.1938574373459079   2.470557125584928   5.031662582665907
4.513177345535855   1.9692256899636718   5.81226807462517
0.5008874878144607   3.5795795992237682   4.553871722435899
1.9867713163343024   2.31862580099648   2.0452504244492986
1.8342121996782788   3.52227109932717   0.5733435276053996
4.373048162842208   5.110989450809391   1.3529022462118014
1.4526708547773983   2.8975547589064456   0.935839980550293
3.6459905975573155   2.2455842572518576   3.6259528248386794
3.131728939147577   4.828272077274294   2.5403880561059258
2.682109935653642   2.0957370929023416   2.4116039133671103
1.2492220832063712   0.5206283708941677   0.5711794840839288
0.5403511170417523   3.781117633900047   4.425888410418161
0.4931774703510601   2.675374240806185   5.524232871720263
5.127553866836641   4.676043880268455   6.110925675840152
2.5163883038563326   1.5370091440868718   5.5610347565959595
