1.6659544793533418   4.752183038795413   2.2631038330059283
3.275554314852995   4.801909943074197   1.6181409087953889
2.4966639183837493   3.042111071957265   2.871943354042478
2.733069011557191   0.8435564219035212   4.347650644260943
4.1086523745256125   0.35390190767830104   5.96292689771158
1.8071223005732675   0.8051587208720626   0.3106143862181056
2.8054273270534837   3.4525421228057107   3.0858593543105988
5.269560156248832   4.640219571189607   3.396370486376456
0.48661397173974885   5.135497405229052   2.287619457166459
4.148363474862767   1.6676887986042712   4.463638152540676
4.633486041697738   1.1811573537088895   1.8880126751273556
4.024844412149981   2.9624665284926626   1.4377243628314191
2.6077843712632327   0.4328043443224117   3.5958664422263964
4.6420686105559055   4.989561228225393   3.091474024182564
4.614777609590404   3.904799009426286   3.215367003686573
3.3183015077889846   2.992444389394157   5.58650849686319
3.28506490025278   0.10654821179846086   0.17984765478598064
0.003055322192212939   2.290796789391351   1.0827569524065306
3.2630772979826337   3.9521550647099803   5.7642370413044315
1.4696235584961164   2.928477744166135   4.184712699407424
0.4196598988995732   3.087463150249628   2.328899895007852
3.8913421641993713   2.2471876236383808   5.136607394941714
3.766053034951765   1.1687368718272366   0.298481718352393
2.8028574697014332   0.3480802133356709   0.4543194589175736
4.8221888047873405   1.4638974221755474   4.989926604343833
3.9914790136014027   5.109305646657461   3.0266585396554575
0.9791960999524364   1.3601922770205481   4.966137101869223
1.4747659735030982   2.6456505159582844   4.401463066079141
1.8930926816382412   5.227061264567111   4.71895398833865
1.9562048660078193   3.6701382663141118   0.3239164558310219
3.641434823551574   2.695465649355308   4.965524458493134
0.225150367572442   3.740656893345563   5.395643291353477
3.508031235814871   0.2677082400894214   6.270695197484301
4.979824833595606   0.7069744295493985   3.8628176821916926
4.135146580736599   3.623661331403538   6.16677850957012
3.632618794477257   4.070154643319454   5.912123580940033
2.995825834084991   1.5200637760285267   1.5234153043941903
0.3082631023119575   5.202005981292119   2.2029135985524446
0.9777493066640067   5.146172713087295   5.202690965234496
4.8728828980205865   3.222501383141625   0.13452689959789293
2.9134479209803046   1.823733063754176   1.6555160898709136
3.156465586071824   3.062766900478409   5.462311881421681
1.8013207462706151   1.6372285958368895   0.3700375200852303
3.835919046034864   3.9213096731406583   5.631583363160586
2.456978129750886   2.139026383912829   2.201109643012251
5.282276266730441   1.1444743161550224   2.8310438276893515
1.2412107679736517   0.3831974622418778   3.5348598175268915
1.434304642350202   3.9821481425309475   3.103143205115667
4.3905307904190245   2.57973366769152   5.033838222847167
0.8322657030390955   4.066574474564833   0.4374227731378494
0.7177908170547317   2.138502503038979   3.9928271656971903
2.2624022936746373   4.146826931161762   1.0397928522324273
0.6765723882994091   0.27735946378467036   5.1648570473132835
1.1991895408878466   4.5484117885796955   5.388851333045031
2.7253071158157924   4.164068989424051   1.1244898327405828
4.302565769373721   3.7069104377593067   6.216512197102807
1.2297167509669769   4.731136665275375   2.275242242454389
4.73590351999746   2.0479471769617494   6.16973545850449
1.7539823547058018   2.2325827295234637   4.88949545008386
1.2681027502845206   1.8105935156786743   0.8227434833637245
0.6933894935392003   0.7354098838448158   5.636209792234561
2.868379747948074   4.582463366550658   4.650832417282161
2.3763760373613   1.3803222580125547   1.176742878364372
1.6463776799933472   4.084396990083095   3.024363011978461
