2.2651965437540693   1.8081038838208063   3.3431242314056244
4.538548294650845   4.836094011479714   2.6861063080117265
1.219288603080561   0.9946076569806923   2.3300659915596693
2.8298955020572607   2.0288203991682057   3.3286354931486004
3.3506493915595517   4.044683753734594   0.6121003421455525
4.869159145269926   1.7022428727643186   1.2237810095932253
1.8732831532801777   2.169473736922677   2.7380151745360277
0.5316404100958402   3.386301065109732   5.1356276181795035
2.2441774686565767   4.2046940651796145   2.312168016937255
0.43574926102884504   0.5863012264586482   3.800489878442329
3.129814680189607   0.9738614708143916   2.7473684755583294
0.5744735142799429   2.420505977946689   1.5662205314153441
5.110611578746915   0.16030525286730946   3.971682939898597
0.5090203014303989   1.493641986437835   3.4128071309296746
0.7067066727062822   5.0842657339150765   2.3104615215703324
4.051762152185482   2.4020283146992103   4.41027517414107
2.4147931991931317   4.598616449955908   1.741731116412703
1.092488293976655   1.6997907026177947   2.576623332404497
2.921648325083873   3.915911540564064   6.228608789737069
2.626111014178214   2.1463752255973656   3.234599091168604
2.6551556225356996   4.901692012487032   1.6752650473004012
1.6098257759805352   0.9390139441797394   5.117630431269818
0.6904110726080851   4.224016977247204   1.3103787963779474
3.3442212330832164   2.567592299828923   1.0671115358068586
3.4709041634207507   2.952344135372847   4.1027432213210195
3.8367630408476776   5.255169540416278   4.514357559992118
0.790305688026627   0.11938618259176981   5.243426418553033
4.7639686609495   4.036793143852499   4.938362631687365
1.516133949503482   5.120430301399741   6.106044983007256
2.467088514449886   3.3795256090314214   0.10575850956848654
0.33016188641945027   2.2066956990952726   4.333954579730824
5.180858556773717   3.0636804807831197   4.359985448922037
3.3908504716869294   3.1607711002241086   0.992728075177333
1.2720881208975063   0.11415086175561279   3.0392734207984966
1.6509304334090413   2.9174871687955557   0.37002086676515256
2.740775758548461   4.074051053933382   6.245555386559548
4.268461481467384   1.4848820309959976   1.0959459581740727
0.8773377385758054   4.617165903569727   1.6188174311443255
1.665733300910588   4.330194963771624   6.253744059509458
1.3278126282573748   3.498536382639288   6.045150966613687
4.607051692232613   0.8131026325567268   2.313340139114641
0.126634579041913   4.553670073855992   0.10255493214199946
0.4734039638230903   0.9561984475303786   0.4430093549691243
0.01668047932678457   2.894956992599372   1.102464619783642
5.2842715441377   2.511772449408291   0.7503983784308914
3.6515005960581233   4.4088891505846926   1.1154450315279252
5.146631955034422   0.9921421344206656   3.7058218673558945
2.4878447705171656   0.6452720099935423   2.7612634930065023
3.776701611614528   1.9026529044666827   4.81819844453707
1.8282928106161696   1.350630056937097   5.460947931971052
4.86279135041827   2.395091769806601   4.272285479041433
3.173984403606167   5.057826691926956   1.307945841854707
4.528741681038931   3.0236546395666313   4.612764824549822
3.5950072590326125   1.1101711070941398   5.871786610668096
3.407361664732934   3.663591256317463   0.5012919309930035
1.0457196836142053   2.977846851968071   0.29927245582637485
2.159190273940276   0.31439508052937537   3.41076755977539
4.615355490408168   4.611870767443004   5.830633888102856
2.2970826310258103   3.8338165998120077   5.893157845562264
1.3949868946013175   1.8833364756168671   5.682082062946147
3.339258542015719   2.3706295851933192   4.096117204790277
3.819488509658984   3.3706539296714997   0.2599697149753838
2.9332440723997575   1.4731834056060162   1.7073385129117389
2.1127487154890923   3.0847872159601377   3.4447683008304226
