2.3510913834996234   4.685320162503713   5.498884067092565
5.118917032090821   0.18235612859156924   2.37500265571035
5.04199390155022   1.5770279249417283   3.3501946652750174
1.926317948257978   4.350718356366852   3.477468215315439
2.640017127499496   2.729020138332054   5.882846147522349
2.5475083973300765   4.724862866762936   2.3603524646791074
2.0202936301845105   0.4885245813525424   3.4348162100510766
0.5055215334775296   5.149630650106815   5.4076654285988015
2.786654637503463   3.796480741084607   1.5023930636540004
0.25448052415488825   1.802358527403682   2.8162081385920503
2.9060600946474713   2.157581339417947   3.336347685555239
1.0560996084485068   1.9429641213182554   1.351968956706572
5.197380983063286   0.7442622525265118   5.08212863487982
1.1184483075582445   2.435165619182876   2.0553060284634417
4.282450977393126   5.208257201074246   2.456469285260218
3.1797504528587215   1.8400634577541604   3.1649940239119876
0.21612604015097503   4.292449522796562   3.0452685167519555
1.986510028841919   1.3463718293635172   4.0767277681131135
2.0025744287035776   2.3452638597178654   0.7493823785971412
2.16530002060147   2.9425421461257506   3.558833346610782
5.188985753545691   4.800169276560927   1.343433124465066
3.042273061326594   0.16258921005525562   5.600835803680991
4.29002898179888   4.003199337879613   2.8097068876391007
2.4793169786932157   1.604218815686607   0.8427681401691305
3.4164538821777324   3.526529636578974   2.824227535058835
4.465649854464647   4.919740146994313   5.250572971183124
1.3735653861193304   0.36139236518613055   5.358451301525515
3.6238919957805846   4.183215451343806   3.4615445450370794
1.2833673830004657   5.215074419713794   5.913008513607723
3.543222067764767   4.778458998880784   5.218564129092185
0.4733680279621509   0.7229308574634732   2.2000234804625975
4.0779693195632944   2.4721961497728615   3.7646113968545527
4.282353842908606   1.162024781563008   1.4784302628020884
1.562341530685615   4.766784171956562   2.923916624348862
0.719637033020128   1.124245062956954   5.418249628658975
1.3207611268013477   3.231007784385539   1.019751348283547
3.8215630231460556   1.892840884691414   6.175494293899621
0.9471773741832845   4.298056545900218   2.2951559552317655
0.9907925541430097   3.891048273399122   5.47980136391231
5.237497917165413   3.0781006153044306   0.499430565307067
4.292314100793919   0.3482439463848379   4.918263435016078
0.1398103359467202   2.183135046083754   6.172938250888306
4.423621854982216   2.9156543019169274   1.0980358371085635
4.710924495313123   4.059624958841276   2.1970202020666973
5.093474573554938   4.012662271463198   5.376495033183385
1.1292347773179707   0.8552580363411946   2.256254553315364
0.790139529492144   1.455433144959304   2.326426061443421
2.067219584172869   0.9065421773835737   3.7635380012047195
0.46570528670035954   1.365567545494247   5.598032011279135
0.562586165614631   0.22087787782011697   5.183097703948964
3.9490049161668663   3.327823771817337   4.591132442044
2.630512863127242   4.217442202238695   2.1611115204927365
4.5211448317873595   1.8430923197168807   2.66578673520698
2.6806028344805144   4.640533409820874   5.573551495715433
3.8887420689030296   3.8859000154367407   0.3374474566681903
0.6824142848427659   2.977347294794498   0.827523792469592
3.734868994019277   0.23068031439974368   2.862679063262347
0.712000899556398   4.788704058526246   5.789682172099246
2.4759921219574212   4.97636773291335   5.51678144184684
2.6085348244955857   0.37590448992801573   5.932708440947865
3.508384542381109   2.1580435432044394   2.954315464790906
2.7211050212436008   3.4070892179989936   0.9466123394312524
0.4396030408783352   2.8426054744082063   1.0835856604890617
2.2388278074645247   3.4114403131147424   4.286753250067079
