2.6478246335503544   5.171806200858548   4.898604083218483
4.507995186626055   4.254428969300042   2.403862153728771
0.12337999601273122   3.018233259516638   2.7948124034725903
3.5762768602149584   2.921677372712199   3.7549242491209225
1.4638291935540406   3.1088493908161703   0.5432510023943458
4.467149995104322   0.764594415656346   1.516502258359939
1.6417134516708414   4.2510282905096295   2.7127157876306907
5.023648487526844   4.237755752592413   5.946898812581081
2.664565751216793   3.802314368571907   2.0337902668278907
1.0303771507373594   2.082033179938358   2.629718563618462
3.2168706390059616   1.292248627388719   3.8666169801748684
1.7241381901381034   2.5411213407778517   2.2515403672861405
4.764359175099825   0.45237578237584436   4.496918873346502
1.2705722079254427   1.688697913975231   2.33602909942086
0.17987625200060647   0.3381293310739172   2.587041638053467
3.357087517931955   2.6494009185913088   3.2561410539604796
1.789139943262082   4.995555164348823   2.2576797515591824
1.4973209598136672   1.1483861998490685   4.259147654654521
2.883160027131841   2.9607490309949545   0.7201512215777204
2.568593303940491   2.734135853458726   3.259079324129857
2.6363951548231914   4.224657566556955   1.4583006482827892
3.5102094976979052   0.5397476722494745   5.390975670416716
0.9050979985821678   4.9594601156082145   2.50599255164348
2.991547513022081   1.8667469771250926   1.4405192813072483
3.880123193031838   3.044099145436092   3.6758310730719
4.249282684677948   0.2571471982412655   4.788011283790768
4.355025676554272   3.820331050550979   5.585162122825141
4.890001870544026   3.572040556446444   4.638857337392622
1.9187147863434058   0.3539713875186569   0.3240697415280606
2.594756766892752   3.5253743290633768   4.902502200563119
0.4205070646965473   1.3561820827666078   3.9269767725377305
3.345196087722685   3.498195383346226   3.9253602593966903
4.067423073544625   1.6984458059729395   0.4727345044484686
0.9932114997996765   0.25290503142275306   3.0838754831492357
2.1078861939601037   1.6003260926198746   6.062158254265766
1.5393361985907925   3.5197525647592856   0.5991887995946498
3.1077461280343384   1.2041932326136044   0.7046666479316401
0.21663730840615814   5.057173732875979   2.2566563519123863
0.9846760903039842   4.730334753237414   5.7377045280817285
0.7058315901705959   2.8521605123827145   0.13405270470168887
4.4662638006331745   0.9843031319609306   4.829101692235878
5.229236501826113   2.0729132434609174   0.1871811487104571
4.727032671569272   1.4215369731668446   1.1106440341360542
4.3748587802885766   3.3292243463009608   1.532255671727231
5.0288363617735925   2.6217752716440135   6.272070068036539
4.79069170086642   4.966786322158445   1.7508756672969912
0.09642469295125614   0.7102368428921266   2.5322075377867272
2.329445946542099   2.0633682385203405   2.9002102945859423
5.117937596650514   1.576263368624431   4.489921904532319
0.9252558321106638   0.902098193651664   4.705346597185173
4.086537347487685   2.394181855860946   4.70445513764189
3.697380078981067   5.176459235894493   2.5210664690758238
4.596723786459757   2.858002286884221   3.937688312098524
2.7350337481661935   0.3192708488607003   5.675610932666403
3.7365364464884308   4.905083442885739   5.594462138042151
0.8599892033898654   3.6400118991767494   0.58533264693125
2.5254701358694893   0.5143005774993846   2.5614066177439567
4.763557149491471   4.759344578206905   5.043509629264635
2.059601362463484   4.299856688592986   5.843974763193409
2.3888847558445994   1.3561501408862526   5.5975031737576835
3.8010438805629634   1.8327584332213425   3.4906034839480093
4.115347419349071   4.677115839974144   5.973355889360417
2.3297735079599926   2.9213571156839033   6.200640366945471
0.643505198229983   3.587957651406385   3.9156805808443695
