1.9856202724148067   5.2175748730609435   2.5042761770731277
4.226535387842008   4.924187418393383   2.792765773376327
2.722860738926657   3.1526782959306674   2.8033739943262197
2.0335531710520964   2.583344687627595   3.391031953739135
4.960319876224533   0.9606723075515854   6.115663996324417
2.1784531797192415   0.4977087493579705   0.24041608370533415
2.443949611391184   2.116271667463752   3.1355857345043465
4.732708570034745   4.796600230447815   3.8349085979744597
0.6244361244737767   0.4172209624494492   2.480797343334796
2.957334855049979   2.0929733775527843   3.7903437553202566
0.08085257842064603   1.3165339930272553   2.018471548889596
3.916262832955989   2.231600541514173   1.4956474865158478
2.475968481700883   0.4854974675767009   3.4376958455622417
5.109319907197796   5.153135036555788   3.4125538237817334
4.865726962278124   2.7745752246632187   3.493146245400835
3.0714392129783383   3.493216662709247   5.973723050901543
3.1016865455882514   0.14141327482935492   1.1554490032907985
1.1633650145333145   2.005897720419961   1.555868472722217
3.4882955726447187   3.7728439281957735   5.823545093861392
1.8107836920447826   0.927898620088105   3.6997457176344484
0.06914779646472191   4.303061236676885   1.8441435991373252
4.4741276405985495   2.074031409810459   4.627047661797152
3.9024952404865205   0.1541705117955322   1.1821294440948822
3.3925415021728105   0.18418558369107468   1.1101014440151777
4.514131271713378   1.4646120828343676   5.742911999668997
3.743974674654367   4.388684975016254   3.975931527301107
1.0778229567311244   1.807550156459618   4.697782429827935
0.9890360605320591   2.351155562687013   5.112126274860905
2.6039080084917057   5.148784037204546   5.0191603973633105
2.5104268047081684   3.5252941224887677   5.952486554375608
4.095292973423311   2.418989574682379   4.520334516216963
0.40714281334875163   3.2949217935315422   5.524533784035224
3.856634175118913   1.502167835641157   0.2309726725219114
4.82920159120441   5.218465906335362   3.736384950840226
3.872633026412501   3.3472246749225336   0.21080172413547774
4.3065559339153205   3.273176787407332   0.5896752362536029
2.6648417660988923   1.2128772696182935   1.982301740400435
1.8853532899826189   4.11460978851666   2.167744056382919
0.4159070855558578   5.219150537983111   6.087234220877893
1.4375020776635865   4.08897179991989   5.545515320967944
3.0743719360284625   1.5299340717373062   1.8492315013800333
3.566547271555728   2.6898900103637673   5.678828548028212
1.4531011590497416   0.8929246322370341   0.39959870100887723
3.11528570368962   2.8005815472774716   5.869410796672871
2.185842659710982   1.5074380171858528   1.605276177684999
3.9496323947724794   0.4889947510183488   1.409457163048916
1.2048901742192493   1.0702915383244365   3.5267379742881744
0.8561728118856455   4.990497430402037   3.684428848883369
5.153760336049324   1.824717972255675   5.403600566522867
0.8241883244878392   4.105652845376652   0.04971978501797354
1.37229426830893   3.069624368827823   4.5450216970625
3.0804422863987755   4.576394759245019   0.9979373892456652
0.6780845085844296   0.9074542888738504   4.854258470557312
1.8046887172398094   5.191118592744538   5.6913157974306925
2.6634864608091933   4.562422078055185   0.5534780669716248
4.964327653283853   3.647927313730219   6.255730022858814
1.5602108401699417   5.105981050997849   2.7044043618757043
4.680219212339329   3.813395407379715   6.017630327148746
0.41810798149646694   3.0305651979505437   5.555791929656257
1.8978793996563152   2.2825323635454495   0.48919577188749125
0.5824818572663487   2.6739517795759395   5.024556971757143
3.5399635232497553   4.901641445107968   4.5668101163987656
3.630559958106117   0.7126450087275462   1.8332855892107098
1.6126630937231794   3.5688800845304516   2.5553864445135313
