1.6734250334412062   1.9475917874996393   2.9481423865208436
4.47892964511966   0.042566895656935166   2.3602057791695317
1.2773805080941654   1.7845063365371956   3.3590953302087425
2.2478902708179547   2.912878421724363   3.0243646235875357
4.148452976336184   3.9725681182767882   6.165813645694713
4.350433784572578   3.0396183120462967   1.4140240983894818
2.6641610317758477   2.5457716240438444   2.956053848735325
0.10864931590658244   4.0702478039387415   4.619602586030335
0.395538419628115   5.228911069738255   2.244472320850555
4.492958270002706   1.616952510761853   4.382882826016386
0.9877653424598657   4.715894245169825   1.9512344260259329
0.493349901131828   2.155721088367421   1.7206797158336773
3.893362153947701   1.1049012488387175   3.678704570143553
0.5427552568834079   4.179707518188069   4.2307696929928955
4.7463739690537565   4.106065956515193   3.4376228733287584
3.6390028736192366   2.733974590742892   4.795431869565039
3.7540709991888748   0.2546270832848973   2.0156536355192265
5.159551452541526   2.132956300872249   2.666342835433512
3.735438218413523   3.413501946974845   0.16388231896689723
1.7311638938574072   0.6893456765815119   3.40759573700588
2.0108952962273383   4.424608916717546   1.354881792864296
4.754515200881861   1.1919294399230838   5.2309055736643675
4.600651231133948   4.652948961965513   1.5515570624135153
4.067633403649   1.1554839683398739   0.6767221642046964
4.657414914740382   2.234884428195386   5.014149810574535
2.5485439254774453   3.847949519294517   4.838381719976114
0.5742006422017737   0.3057746035485347   5.835878947784445
0.4771207991647731   3.3077742096442315   4.778536412844736
2.574257673043112   4.490372891127905   6.25081690782823
3.06068889259736   3.310918937734117   0.7294181740562385
4.323487488667143   1.8763253632910877   4.274617226928954
0.009583101160891339   3.5090818338869108   4.887010347198259
5.128318286996784   0.4036184215473591   1.0465810657770658
5.24086828597468   4.692217848359625   3.2829517216949635
1.1076650696384416   2.943772136145643   0.18631948904901025
2.8691164007669125   2.665540940774846   6.0721539544187735
3.188969293923656   1.6980460166682243   1.5094930042008115
1.312600679184672   4.49794286806136   2.2346684474259115
1.8348906412423216   0.89990009931838   0.15975923012011864
1.8122043722977441   3.74924038481157   5.839674802368818
2.8440791984993625   1.0302322772509231   2.0118806122337163
3.944185682003932   3.8050103268603688   6.1605899386188305
1.033316627751491   0.9771111785578606   0.5685361627117439
3.0723468984465874   5.01941408800905   0.954509218612962
0.3795235113172284   2.857093228414595   1.8542255922671746
4.452700563846535   4.8560481647563005   1.5872967752613583
0.1414203603543962   0.8025906641051004   4.072532056081346
2.052284407955215   1.5010190370464374   3.113635611211595
3.9299441583700014   2.2465111664110613   5.109869116884123
1.3937373882541608   0.21150000683485276   4.346807592138612
4.463754851899419   2.281664907971665   5.023187371727183
3.44475703757113   0.6652629791411346   1.421295634660579
0.6695177748601547   1.910088487545265   4.979310458070872
2.5440687659063324   1.3180555215524854   5.23531034650793
3.174641328138829   4.445505457335691   0.4396907398403136
1.7346447857639755   2.685956352450541   0.8649717551317065
2.110721695416896   0.3699976900884394   2.8314895051644102
4.215455934697758   0.0710737106986628   5.274675710361794
2.1960658830959128   3.4183806557880554   5.5238867207884255
2.256485246489537   1.8603272958288117   0.5663309241897877
3.4258767927870326   1.930138675552157   4.41460832421017
3.794040384236837   5.1831140603115164   5.3430284921284645
0.06602653244295278   1.3960937583838708   2.031330910751273
1.4081846250691732   3.962143151300595   2.498800669201137
