2.3510913834996234   4.685320162503713   5.498884067092565
4.743232840078614   0.1826809241352384   2.4449938491204706
5.0657024994413975   1.4385893077030305   3.2808710260531786
1.9216481832161114   4.034108095935523   3.2148884723793505
2.4121469523686896   2.3134938770058078   6.250749159165718
2.973955912659422   4.166719873022188   2.3439487801238807
1.9065067263540567   0.1873348620276536   3.376477173101666
0.4035390619451546   5.148223209707612   5.285531801335518
2.953540546635245   3.5549546755622226   1.3515075889486725
0.5528735725052062   2.3385267669915453   2.70818016965589
2.8800538486020373   1.891238683344484   3.1064854967130398
1.0560996084485068   1.9429641213182554   1.351968956706572
0.014371943471035209   0.24010490549843477   4.976202416380746
1.2628545049597966   2.4316460201892753   1.9182198319611736
3.851907971566673   4.812283066069179   2.236887744594701
3.3610545944804895   2.094008942262474   2.6496941102820695
0.1624532012680205   4.224053804645242   2.92482380886496
1.9348676063830352   1.469147187851824   4.291612872818217
1.8384403704644798   1.9290154483883848   0.7550397682278339
2.117625115281453   2.3472884765900663   3.3698275422982027
5.198928290352706   4.81221333129549   1.357912130206747
2.389355285497355   0.305579215071181   5.8692410014798275
4.578132668264203   4.131620952381356   2.615789279217954
2.8735742550290713   1.2833396945819302   0.9003217523237474
3.137544532768122   2.3229600996178044   3.0622553131284644
4.269475430268521   0.2145496526726133   5.125998850185941
0.4238394051996549   5.019833247780211   5.308607387406674
3.6650603698285353   3.950651514507961   3.4409790562984757
1.5646912064620122   0.3590452325909814   5.947931627058008
3.4214212372167605   5.049443038466994   5.346073995575088
0.6069497711895473   0.7893571789569216   2.2317112374791748
3.8353474452095644   2.9979197083266262   3.6775525336257617
4.49348955909578   1.4873021540194638   1.4386030397238183
1.490236086492328   5.01564925240673   2.9088825669585012
0.719637033020128   1.124245062956954   5.418249628658975
1.1534385088595873   3.3070877232235687   0.7992908829219683
3.35092755829238   0.9827666375083352   5.79572651739333
0.9913687673936519   4.255138869002935   2.079077856059858
1.2939613559557333   4.205921057856838   5.2456466788225375
5.1126937060897975   2.9248474252108765   0.25919452277016153
5.114236258411646   0.7648622949268216   5.032525171116564
0.269722358144781   2.2569566635783347   6.127946442308351
3.963363207841418   2.3986176146869083   0.991097805335756
5.0121715876789334   4.371567406793195   2.2982373593583962
4.752349147337142   3.665359178785627   5.286814110053403
1.4069062292634598   0.8325849652500148   1.8720298416388508
0.5088703290527616   1.3415226374192772   2.5277971561618227
2.067219584172869   0.9065421773835737   3.7635380012047195
0.3556021111298079   1.6303541353808546   5.298478666441705
0.7454231196805798   0.008364762926523439   5.1483707623845625
4.422871398147206   2.961008396778819   4.615155445469291
2.630512863127242   4.217442202238695   2.1611115204927365
4.57960284120591   2.17080503045895   2.730467169655237
2.5177329096864614   4.543024753138202   5.516436578021107
4.06301054548259   3.913919698201447   0.31637548982385755
0.5295134866813325   3.536425318933396   0.6853143279733414
3.882849901562368   0.5290547026579582   2.768938455961058
0.712000899556398   4.788704058526246   5.789682172099246
2.4759921219574212   4.97636773291335   5.51678144184684
2.7168069593172954   0.5749897917756617   5.863847602866692
3.7790454905581434   1.5777300184285123   3.166406915998733
2.465324376793233   3.5259464436546106   1.0629424661607958
0.784911281556792   3.064573838906192   1.0253520731957864
1.2823022023053197   3.425106067938116   4.0096767693337005
