5.031579907773659   5.822912844006576   3.578853261466792
9.376780668995389   1.7007307729322965   6.090204676557001
0.8000008467414238   5.2811181154067866   5.492467952289041
6.1341332871309975   8.467056689681783   3.6271125748255795
0.0498147026177147   4.019015405010498   1.08822039332927
4.744974239741059   2.8996218835248335   4.10426802391978
8.139675754687833   8.607177255135406   1.6304958239486942
8.51747418659991   5.552616845346056   2.7870438196975638
1.9063235544193795   0.01657309413635666   2.9297214517466372
9.434772648652887   9.195703187445492   5.2165195043455075
2.003824457705262   1.302959549825275   3.869736763802143
2.9939821152094797   3.9759023058510774   4.8807819447144665
2.1880182820378815   4.088452358380521   2.988654492943517
5.7498343604926525   6.628529530292213   5.162867477263391
1.458312469134067   8.223863771494154   1.1356578305416116
1.9430542718158623   9.071740414869241   5.612507299750328
4.092261661427105   0.6246840915285155   3.1651217906930214
6.970345209654551   3.584382315352604   5.628008987128454
4.418959510481344   9.563860381512205   5.109462347433406
6.836864774548223   4.4693844492244725   2.4251144148430983
8.91576817850894   4.161118666587864   4.900017609403852
8.090353921719926   2.4463704569183906   4.8457192545699606
0.9048052956452071   9.224059911464579   3.2846359273204415
6.389421981097909   7.376506382349944   0.8698241658331243
6.847176494431695   0.6197908260636906   0.9057273566611043
4.728763697970868   8.58240110537899   1.130195847748279
1.6529518236852772   3.095064538642333   3.740522726731695
2.7463450461476775   7.971694275724537   0.3191990417755547
3.883437492714465   1.6778224945380134   5.241647363548726
7.011519084896225   8.219680352248956   1.9476798295867426
6.132060722972917   3.6637860234400486   2.817051142578608
3.4613932265332927   8.535644180692389   4.8726447268119095
8.3619581894813   6.4635901498007255   4.306621524110326
0.9667369138083485   2.3089784575766528   0.5033202031633383
1.5042979973981079   6.424074091623094   4.877472881247116
4.395346238198904   4.299858723262071   3.738518790634657
0.16789564613335492   7.61051603054892   3.8445575800023373
2.151859400702911   2.3029682543409575   2.360199833842805
7.817651599337524   7.792431106966323   5.859437022756271
7.4829406747751515   9.230471601811757   4.040859232666995
3.0860369872727342   2.1022584113902085   0.428418688291204
7.801558534547689   3.751381794706741   2.988120597144599
4.166952697991346   7.814747591129346   3.9983203420126143
3.267004137224498   0.43663263732931534   3.6043724897253737
9.33580680944978   7.251988241249579   4.585624428021282
1.16361202344801   4.199290039853839   4.173653625046551
3.9174378393681537   2.719359471563292   3.4420966412595257
5.351721274678951   7.768500868535671   4.635892692359326
9.741061527177571   0.09199102304997403   0.26956398347193183
7.699637897928379   4.937602029299667   1.8741283487738647
5.257289493924261   4.836377095883538   6.019254627445413
3.4275318002293016   7.266357864394314   0.07078420970201282
2.3786930639689916   5.116550931968343   5.1629478630008965
3.3546363092982583   5.167462574146908   4.481763544673519
3.152385652049917   3.1065820093972794   0.7727524894994569
0.6796816748325631   0.8255233003817192   0.45726224077633093
3.586864657710791   9.59448046135864   1.2837787766582487
5.991725565566976   0.6767981298246823   1.0034570627656951
7.22060543973446   7.18304192765022   1.4726296580222462
8.958277833680361   0.46554187095253013   2.8803820293891977
9.865160641045803   5.506287148531553   0.23776681135865607
0.4789890242215552   3.0776917111371245   1.81596398904134
4.838664255483164   7.095919541972641   2.5932357841059788
8.55554971417442   1.3715729594413961   0.9117308360136036
