1.5272735057565496   7.945757645878265   4.036827750573527
1.6728621320903057   1.4030614775548367   5.940712438996143
8.423473518517975   5.592278458667532   4.124651685202429
7.354082667732701   2.409852244067617   0.6865381491732246
3.819892421270887   9.794089900882671   1.945828822832413
7.194306268483486   7.669138462405078   5.40947351166219
2.9507506431647963   7.725945484916165   1.9441478242893235
8.382272357921437   8.069711653701903   6.240789826942173
8.247544447233636   0.5266483428273396   4.8419619653289665
4.762769888866699   1.81088493153276   5.882641936935073
1.154060577219936   8.968447987708094   2.843528726216638
7.369836587336917   6.665594969160999   4.957237535675086
3.34952998043752   2.6712702148926626   3.5224416532755476
6.013142727595563   8.40253832121243   4.920998369328407
2.668135781508038   9.530568147521757   5.368399230145553
2.4262718591477808   3.462413760067185   4.284508251290916
6.531150503887104   6.229994703217014   3.759333079297242
5.6995815396124945   5.581268883870637   0.28679561252581837
6.1909690857857145   0.5029892689246327   0.5912840032897849
7.690313940238423   8.988581761823337   2.983273060817801
5.146843161292267   3.000765446357867   0.3238767205579153
9.327670018164131   6.070335821925096   0.5738204404472331
1.4333984781760458   2.9515267712327313   3.5333471107689554
9.37343274780581   4.445931278021633   0.819702794657435
0.8670812100334263   1.1121775754988366   3.166813874634038
0.33173741786048067   1.9629308640462668   1.8870600831379574
2.9726575330168505   0.47334398171415243   5.398630061847894
0.5132918546664134   8.363764285585477   3.353297870058848
4.2363202041867805   4.655507564173373   0.9620755828388587
9.409107455713764   1.368345157510877   5.19641608853129
3.916092143311655   0.8529292769784567   3.0265891074847846
5.076463190694678   9.178219662166091   0.31383575495713184
2.818497510787294   6.811515459231996   4.5566382416828155
3.3389838177141895   6.006287706625644   2.669765460160865
0.06501620523529639   5.244839611178206   3.900357140757839
2.457131580121572   1.179535478925694   3.209867072180095
9.29805357113616   8.487476658069363   4.407216053469193
4.383697792478068   7.071193982038783   4.530558606710978
4.277238889937046   6.2551696852766225   4.204689841407259
7.10116013466717   0.028201554442348814   3.522108422959342
4.191975412709598   3.4811743735032374   0.6154034938796406
5.027792137288697   0.12751435932955413   4.951059184621266
6.215020356227436   3.107490722815197   2.68558779712435
5.915043179807174   6.807671016983748   5.707869126246962
6.318937600882317   9.577189304925309   3.1011294775863014
0.616460964219838   6.906010613542466   5.065606511165617
8.439587532468023   4.789662400218546   2.9852904617111844
7.160398058472366   4.872496465048602   6.00766080477499
6.786063105607604   8.620704554656905   0.9931115060765051
3.199016427969749   4.927514215799684   1.0782265776681568
8.795815734795942   3.1976965273226012   3.0287660280019075
4.1271736589830725   7.862649166582709   1.1241582721139118
1.170662908045958   5.191342216770122   2.02716271844109
7.249015370016093   3.8374810637019596   3.410415993986982
2.049710940938969   8.598132766625833   0.8402635449924912
1.7125309970298277   6.753388481473922   3.0893797136201693
6.847219777502918   1.131207739100094   1.0133829074649259
1.6567261995628135   0.5777414129834572   6.238168831999285
4.782660633898543   5.602727322930788   5.283966830278651
0.4797394881540845   9.751872602345301   2.074177115791157
0.31846552122312133   3.342626814475448   2.176389377746198
2.4338121537880157   2.3374336427865954   5.3072646295728845
9.747846570665859   7.163086096817426   2.4531024431716295
8.568962868071551   9.458920349887553   6.0419092627010835
