9.097559649435802   0.0009122009161186551   5.959666610927491
0.416205933178859   9.621531795450869   5.185043871245081
9.81922417702394   6.385483377955192   5.56373370000784
6.651448374863647   7.699380565127168   5.095701965407702
7.019269571617791   1.5500211650110274   3.564682835085984
0.2935274150870238   7.521132372520448   4.692585774918926
6.059738171955182   6.098504472411122   1.5143818225251549
9.420386799503946   4.694225649959289   6.009903793298909
0.362966996196142   3.2484277519768874   4.128823988776886
3.245102817505886   8.511438237956567   5.713585458785611
5.682940562353049   1.2084516638381058   0.33005645187878013
5.43982810106805   0.055166564919229444   2.7054487964632346
2.360616718612857   9.470579512010328   4.261909659777244
2.911055739810563   6.471551463350055   2.6054588885878434
1.7879529193863122   1.059436859343525   3.9104679316946336
2.1776858091215026   8.458359754450042   3.627939468174113
2.957581720512039   5.665818752629685   2.3542977214865966
2.2355927814494447   3.5688851965448114   1.4089268454553083
6.043760547921419   4.201109648939141   1.001051540259994
1.3202728032222788   7.414650462052349   3.496106714269483
5.74920016816671   3.395476179589725   0.30301676843622494
6.7953335337329115   2.5641396768839906   0.17799081700421246
0.03430628928991855   1.2119705136846122   2.7495906515251494
1.339257415831617   4.019202108140336   2.2114316401010257
1.0902235108833458   1.7461743915355026   5.988717858319638
8.050702787268087   3.8592781969111747   2.1355752531401513
8.0954253301537   7.472188881157107   2.9035784387532497
9.818860059612721   2.6000305763927067   3.2225538683276165
3.9007688335637747   7.598962752748491   6.053215139528809
6.95527636764122   4.9120313697653675   3.281915097889759
2.471919012589256   2.367250517651934   4.019316447767368
4.595408851617611   0.2575073319328679   6.147410695934504
6.997590937826837   5.806200030136464   5.787713980740225
0.662434501693753   4.6619118624527545   2.613987373319971
4.9616670747679805   3.9294318272421545   4.390866036033686
8.471804801727451   9.34891929661375   2.790618333125675
7.61756432146298   9.757763301797105   2.2750992345767793
9.569559891561973   8.463232987879598   5.377445456750124
7.516040791377779   8.352518498879117   4.978978522703272
8.349493754034976   0.5941619494363879   4.068480384944184
9.261300686463358   1.7499694490391446   0.6884304721430333
3.8794443865805985   4.270014691678047   5.234640703120096
8.52276484629018   2.347451189099281   3.9896835995939197
1.9632311518023464   5.744418999918256   3.5475028008894256
5.804957638484014   7.7753365965601   2.186929468055036
1.303668940202793   8.635609435528337   1.1276568603581478
4.467584148947474   1.1544794816666526   4.072979852566076
8.886481082075983   5.892346832983326   1.7610385276293379
8.038589299628622   6.569667122401751   4.697550890105871
8.540725825729542   4.617188269571065   2.676133660589126
1.1603683082508884   2.6935465255748214   4.97066099389439
2.8230974569271887   7.566508231461556   1.046615626003764
3.0585238013758698   3.478598229563886   1.345810600589536
7.001695845282349   3.8091987848097197   1.5588274659060575
5.35490026729598   5.4547630877559286   5.194419843774791
2.6879092210826943   4.331564521470173   5.101378313549915
1.2756288043762734   5.34805473905933   4.478670696132893
3.2351600311109827   1.1636003717747538   0.4671710468981877
0.9423978450689017   6.639801829273749   4.7810971134564415
5.311415706280928   6.611308767900281   2.2444527360297366
0.8924845534798219   0.4587147049188668   0.9664822821920399
4.5876608355207065   2.4369586651160597   3.3259695221577683
3.9788024678606284   5.33813291012355   2.6311866450227006
3.7412784609923966   0.09771111292149293   5.720161896114385
