1.5258007473234714   8.240670054701797   4.308045399016545
1.441266001031365   1.6038945921651422   5.335341130591731
7.863080687671934   6.892299792398474   4.165640654701352
8.263186139758309   1.9581623600956481   0.4919021837224892
3.260744672334165   9.094386532242531   1.9750945044815165
7.426470751689343   7.611711087869365   5.540623456753178
3.3160890648477075   8.296541870169667   1.9627463455820353
8.200725629231624   8.169397873666199   6.148030334475498
8.511663745921584   0.9975373825257661   5.133522581319135
4.713720332308743   1.9474112100837324   5.664251821925205
1.2131227402124414   9.451295619325236   2.7020020113891
8.637650611543446   7.344149475325076   4.754227006389857
3.4288105957631783   3.2385220786395634   2.9465062832700153
5.303895937949688   7.500647718776852   5.341176295937621
2.1832101616653565   9.427979649134423   5.614880105131677
1.3588075387211216   4.574571052997616   4.965867824093121
5.592751457801816   6.344326110272374   3.581430869616472
5.875998475464033   5.17504005935615   0.1304795906630255
5.2700889372844335   0.7078653468349205   0.17442903249908145
7.173243151084667   9.34961054771584   2.9882423244059346
5.886814276974433   4.2305335121213   6.2542745543507605
8.844388307339521   5.861295304267019   0.3557012219294877
1.8600479940007157   3.200460462899432   3.2333849119412448
0.09121879271001632   4.381133039480231   1.0806238718781709
0.6776869300637134   0.6071657790264473   2.9610214465983056
9.878866740253805   1.5434545250566087   1.5932864644084648
2.873844794786186   0.79063519350446   5.256888033330394
0.7105578163119254   8.38976601810652   3.3159002143311924
4.122009714943419   4.615369344686301   0.7363326786811482
8.761442098755154   0.11920558754386412   5.996332453505751
3.771881722475282   1.1843191380609435   3.1123923682608656
4.998337954181   9.219568437137351   6.132147375182887
2.821630971754601   6.278490310995601   4.6910834932453644
3.5150274096659246   5.293663130579712   2.4355645461477664
9.665346725378424   5.327912427864695   3.6068684080416307
3.312084196094314   2.15126860850973   2.715765666235414
9.492284855742614   7.631876094854997   4.206176271152427
4.238162910120427   7.477691160969856   4.925334951801955
3.915641668104629   6.193761032926101   4.346750079400911
6.576744307922364   0.9284420784427769   3.1989871444130293
4.336080713944334   3.5705444817905434   0.6331015709366915
4.386028530879284   0.24512909546117911   5.059431365594779
6.736780478167118   2.5135035206992313   2.6633291676098443
6.735349880431465   6.855540701137218   5.476753607300212
5.927314944748915   9.458810762386932   3.527379500870548
0.20822130146868534   6.94778714157647   4.942912752042341
8.115587402252839   4.301579545245483   3.109849030164095
6.7089840478818825   5.000893135283425   5.68865055326158
6.134806606623577   8.518860659066123   1.4697470317290198
3.077034295789197   4.320195028092192   0.4974193789207835
9.042958776258043   2.3478341436651458   3.364369032505906
4.3711838557233405   8.350322387945925   1.4322433401513681
1.14589435937068   5.56454342658112   2.232141382789362
7.031829282624066   3.8881300279898237   3.7363211029188768
2.448794161014839   8.531867227682849   0.9496468690486162
1.3777165527168151   7.299865676936546   3.5620485775635458
7.297576356247721   1.3038117681187207   1.1571113759921507
1.8069612434110804   0.6133134042834827   6.244288689720632
4.683732882798302   5.270728995429606   5.273205938171608
0.17971223477279885   9.293956213462009   2.598266116718108
0.2781185470420732   3.4179228977251586   2.1497584283649918
2.5034217978317277   2.51358394519644   5.591454720832918
9.27491167537661   6.762985613327734   2.3236204406532925
8.67710469086735   9.077110829060498   5.557576236392715
