3.1165084062105355   6.532723538994055   4.19793645779937
0.7625134627584075   2.188800927629842   4.9839822328651655
3.255935965045078   9.672896239706288   4.214048805338283
3.0092724573005016   3.0616372319408938   2.1128403846391577
0.8436360777174061   5.624709715416781   3.4892179050860075
4.042702831356056   6.525654289904152   3.7877576336138037
8.056684622054588   6.784005094136795   3.6317547878847503
1.6330793687542515   0.09093742341438826   3.859900126168363
4.717585268368817   2.1717111511929446   2.844200538764911
4.374998962322888   3.229466879069533   2.169618406599575
0.967980808891733   3.129085479847947   0.24949725578016918
4.6460670189276225   5.561724389811719   4.232952011035567
3.5893981722521118   3.9737098562381696   4.0283166277540055
8.616515523733021   2.5507852930895853   3.970918255913182
2.1561035542562395   9.295855528309733   3.647391823769542
3.9136980586952403   4.91771479095484   2.0877919311824713
7.646839334384845   8.021176856837686   1.068176132819226
8.72046553188552   7.493921242158305   2.9299130452474804
5.611716774654142   9.41123446864848   4.539892193853634
6.464924153284647   5.503302816019984   0.08842090411974632
5.489259262521898   1.1964654359996092   0.4307164442584538
9.755668736677451   8.038183305558269   4.998010964101318
3.1719362940314046   0.8929600703454137   3.051734089879686
0.6837715930889497   8.23635137882707   5.947177649409775
1.9662964579606028   0.9511055089598818   0.7343442150734816
1.9349613913647246   5.7014409182793875   2.6889749847179307
5.495054823401179   2.4846392516941034   2.99937054514859
8.990867103562394   4.311465931668427   1.1264498514616488
6.7319073487873835   0.9665578895950384   3.959847076365016
6.962180540208633   2.017837889413411   3.2345083117199103
3.5281072864174146   2.0398154617115396   4.871862305543951
9.279490085025488   9.474223049060791   0.41436449716891605
6.513688718726644   3.268211083806997   3.1052140972293683
2.573179294369703   3.794067104009678   5.886355474525467
7.385623135503399   9.374695238521946   3.0252251015435685
5.7714271125474665   5.00269962752137   2.7371320404234316
5.3678957339653826   3.5802910219139283   4.9447068074365434
8.224235436793714   3.3315253474769864   5.189915148736966
8.627499713815963   1.6356040009776665   5.7892043181014055
9.467429735098351   1.7278962874974444   3.353235154943896
6.735560290564908   6.495653421966709   3.196580404460203
0.62363216441893   1.3909245398407761   5.392975635384529
9.9444111061433   5.822963160383527   1.3122938746711805
2.9065825665728493   5.357745959553156   3.0053407127775102
7.037799260512981   4.291515682879846   5.055854832390104
6.597188112751612   7.916184307778728   1.105542764158743
9.356632743237803   5.110599318633504   3.3890584101147456
1.8085451969628512   2.078290099035234   3.477215076100341
3.7446911626331985   8.977764863878766   1.1429822790808146
1.7932639415517666   4.32462011373253   3.009007508679197
6.4552011828010665   9.027576111527017   3.527367601992582
2.5535759408700347   0.19054413633673134   5.277816946570507
5.663101355260115   8.470963084476619   5.2365941816277335
8.13226833464555   5.560005865104091   3.0149300881843653
9.738559641016002   7.177879518236838   2.771921659971004
4.706334872641948   0.04176823662743878   1.010774024872773
9.585856358770974   2.541122780041141   5.511614435274334
4.590513443213573   4.31919679716756   5.412803486734075
9.167720388032237   0.7593260153003184   4.372868495854179
2.0992743154844633   8.309259432956695   4.362969958970573
2.3169357723815627   6.625400536465262   0.9892461809058106
8.076130969307698   0.17175081738468068   5.124631949412553
0.8850355447844074   4.801151008841246   5.011502873926897
1.43262912415263   7.500326894106885   4.556050798939201
