1.2808188608452118   1.4121167401100458   0.23686769093311563
3.5915231933223164   1.5696540964061494   0.40555552352672286
5.879423985620391   7.318015306867137   0.7364556234058551
6.573398941050305   4.748291993916529   1.3430668712752467
5.2281043568826036   9.42853206010671   6.00966590461727
7.100827269339839   3.044353928041105   2.8444443956253145
2.2977789127089134   2.6026637223405036   3.3065275439007853
9.594040885191212   4.458617075190143   2.3787058960014114
5.595433282430189   5.394455507535589   6.267017072862644
8.885769239264018   1.1972874084580987   1.9947508351308618
0.1639392460943725   2.243021361051686   4.076019997257466
4.3940623412887785   3.058998424264174   4.327843904752206
2.0868788036677497   1.7788656379102927   2.183843820261123
4.829493623794301   5.002694030813574   4.510056995746055
1.5115032157880497   8.264271683961844   5.22481475990841
5.982237091389542   6.3337880031121925   0.2593099241772533
6.9985668882196945   8.3803782370419   0.5356111602419473
6.748381365867122   6.9760557590454555   1.4640173027191976
6.46326883408378   1.971156721627146   4.163657179063464
6.345050246855513   9.499179138444076   3.1928063644718443
7.938606025740517   1.8284360960376311   2.08637044992972
1.6477930459470755   7.227463335574859   1.107758446142686
1.765172895088818   0.5943858118923658   0.8643108839403644
5.264816797306023   2.0030837999245583   5.598574105038313
8.943243634584775   2.051702685260671   2.3738988576754236
7.971234531863458   6.273940006324625   4.261382316131287
4.700241725904191   3.9011108506581116   3.247117408334574
8.476794460390325   4.227881832382202   0.07959667312449437
3.7112392356721235   6.154236290571224   4.938683854301605
4.367496583565178   9.53645047458436   3.86661928693884
0.5967002608931502   3.27400091252002   1.9630556146212121
3.65635137704291   0.45774227734990985   5.467112025448075
5.037527705870952   1.134904872246869   5.230364714028575
0.7710169101602496   6.180236131004059   1.0325223080020238
1.1944275108706102   9.163302958273826   4.79952417768355
9.87185911518396   6.043952855506874   4.297304425566908
3.270159827348204   2.35624506348176   3.8530967575099777
1.2304400558066004   4.28594146243457   6.132245411590488
0.6971109869599007   8.043611712822987   6.1973611116552645
7.494437647231797   4.931474848877823   4.422842159605353
1.6350968912065182   5.85244006067274   1.7950825948757472
0.011487153205428424   0.20294986099357304   0.7917306435065974
8.218345013570968   3.150181248055378   2.3469043330172963
2.957775639321264   7.376410202901397   3.15030073621193
1.433624096071688   3.4479095591613866   4.820275156410337
3.5422560249812944   9.423416330976615   5.701964099849534
3.2755137339349907   3.9190205465264394   3.9243989453935524
9.799559079806327   1.1530089871692017   2.832143419312027
8.663136607786694   9.242700924001554   1.0236185265298094
6.809959647551022   5.65314352694825   2.1901289286895445
7.9614770829490205   9.917872118336394   6.195179482909009
4.470599514111098   6.920901498911021   5.656527366947161
3.777562317457249   4.696663496957507   3.933849791516589
7.906688484189801   0.8905307782607071   2.5506732859237777
7.548106744615424   3.9338915790960263   2.6893058403847934
6.546501195942949   0.677366894771695   6.02934420831662
2.681319204365799   5.950357969510873   4.305222614471714
7.237468543070937   9.472085003992762   6.088440292063924
3.6607367356906053   7.8186013192613295   5.030837846393729
0.027386289848067236   9.082717439986846   4.272786716637337
6.0127586999467315   2.9144018083790453   3.9510852882738843
9.071595718067055   6.073539689185462   1.696751608679721
3.034556468969039   8.652891933462904   4.5054910762456535
0.6203580307104979   5.348438859244516   6.159519893456923
