7.234826034161259   3.4025268917262625   6.222524399400154
2.9693745705643475   2.23004161467697   0.5852075722075466
4.42037236060654   9.67384294798525   6.064961925110671
6.477189414201601   5.782664997107357   6.045923822011392
7.22596864614016   8.4497630161306   4.728272393880557
7.814869744466668   0.617801201199616   3.5868515317467247
0.3416710766966421   3.207086854096591   1.6633296098257864
1.1731998957193546   6.478371597924722   2.1185144934130755
3.49048436313189   6.281107188464727   0.5599790789232953
8.030784224818404   2.707923106010537   1.6520009314879585
2.668881949761664   3.6799698427889194   0.09703920909509965
4.720934156402483   1.560868277675541   4.486569761128953
4.607157312863749   3.7960164181381733   0.914178301649053
4.18299464292199   5.28763071661592   3.8524185560976174
0.20375625398952496   4.342397315399097   4.197574607956406
4.788753055968311   5.875764103763396   2.3738245337051946
6.4428559197568775   7.5477378606812175   1.0600511820724363
7.140367419569028   9.765144879639887   0.06320913641103562
0.08341007979527137   0.42182701233176517   5.560172333690852
3.854356005524268   1.1873320216824523   2.496774055742305
4.670679298971805   0.6947612303154664   1.3287717670406634
2.9230731607074296   9.493620257581282   1.7954156977771065
9.451907626947248   2.8659542607313986   1.785738561215133
2.661483187554128   0.5773364065803159   5.6661017822569475
5.6060796523853815   3.6496640735594776   3.4163079026594465
5.099746747438148   4.880237164130757   5.757839383876666
6.547253888746103   2.812715094540373   2.2600277969774814
8.38289554641737   5.368258798077974   0.7295098070510222
2.0319612388842767   5.547156262877832   4.66160801392772
3.699265114971514   8.350528615128445   3.8136232393752683
1.4392891721113181   4.704834979963955   3.4505516671405267
8.740132415798483   0.676298132289683   4.602580265924616
4.274516599330143   2.5752847718621172   5.709923000209555
0.23122574501398013   8.527164532226916   0.5451646863334556
8.41252077921744   9.1250625987198   3.887582542482405
8.963027067813817   7.935170741395161   4.044250661095762
5.782616331370966   1.4535073743170237   3.4776671862790205
2.465411549500512   6.370751853845871   0.9602521084243626
0.20959376530176144   5.946215040848266   5.117188278525037
7.244365428564542   5.273047136018847   4.438463493342392
2.5615501123510516   7.703338016534672   1.2906399678796447
5.475824634282679   6.671883505958971   0.7598421017531668
7.697765980699434   6.171474321050938   3.3428814350136693
1.7697983221412679   9.7413239904044   3.320815491337191
0.5018433141934833   1.9620382402672223   3.686630624638579
0.6804596086147062   9.768960516132504   0.030196003944280375
5.4685073792286   2.5574263247245463   4.0844768882336595
2.4198484925437387   1.4733159948926005   3.8112974281675287
7.294691704215312   7.612819493168051   1.622977046315697
3.5957451186324585   4.58942940621039   3.6178625984783306
1.2444223395777807   0.6886340038536417   5.603921390638256
6.401761932079798   8.899279125949048   3.7147689058803355
4.533871708547022   6.821334242514226   3.9509736437627874
6.6199825567607045   1.0909035955512463   1.9723341511840475
8.625029206299457   3.5734917221060054   1.161516843332924
5.465276378554397   8.987463962805391   0.6674963210233211
9.277919042472687   1.3483621490924003   3.633074635170312
5.845089600430598   0.35412008267390793   1.9272259468609856
1.818125972096556   8.075316797408716   0.6477334384164906
8.453365389852502   6.920546641064419   3.9178043360239023
6.397195428591115   3.804820903894314   0.3123086956567299
9.895342962829874   6.7802741151672725   1.563546640770641
0.9993104738349302   7.721597579645282   2.8012578158303123
3.754815039310865   3.52649458831584   4.539480087244193
