1.4937118138059202   2.4386397665975954   1.8071146646285916
2.3055406086625205   0.5929252592125763   5.762994420209473
4.836311443309012   0.8464693961728729   5.779400429537245
6.5551660881631895   4.003181521607969   1.3902724537975786
1.4942332288705396   7.874111164837571   5.636006967524411
5.398650502459498   6.347886324982306   2.975226050496846
9.440413225981692   0.1895127906526449   3.066419742152008
8.986353130456333   3.7544903131364302   1.7650157042537367
4.534653501699434   6.050101327848069   4.847132995805101
1.1115104174664991   9.764341837016392   5.999063294084273
9.215180706385109   2.0066937739481383   4.303716210649396
4.123997322953498   5.098348744422895   4.079242862941812
3.2684286778575173   1.3495861542080152   3.0835734084076725
4.6542618640247415   2.4733358744629657   4.934764162824817
1.5030499279792635   8.925451429242436   3.238812368517395
3.9514455211040165   3.9650396938269568   1.7822944468148627
6.521252862237276   8.704643839965973   1.4303516358145891
6.869120113529883   6.309256792226426   2.521270612732097
7.596985306307211   0.6255357208284712   5.7945559606366475
6.571288117271567   5.056918491799863   3.8630471794206245
6.314196863417615   2.1275602496315895   2.601115833489614
0.9594130020468536   7.1918776553102575   5.498764116060512
1.90898210379443   1.4610897307048882   2.4171504449586423
4.378754183890755   1.5420494053795024   4.9489611938660145
0.029977847160208404   2.463610714942076   2.5549111205109503
5.848717237759308   7.84301432755073   2.6465093618655153
5.093155572948724   3.3412634064351603   3.4106201364578044
7.710997339633542   2.3827478700690854   1.2300773015316095
2.8180466485872335   8.991974513242903   3.918007656329746
2.904534342975505   5.545271280750726   3.181022333736052
2.316026283707779   2.765068949366475   1.4320380940546107
1.4763660990710625   0.7638593955557325   4.9529297072297584
6.5340531568787465   3.0430335170276464   4.371716677868011
3.2506950221158446   6.972466719788683   1.4873728090777374
0.5185983141423172   8.331045172689064   3.003249129185809
9.449443525436358   7.841492392046613   3.1097546701652705
3.2682920850049624   2.9622987852949505   4.6600246640090255
9.835658416313414   6.889992676740517   5.93092873723264
6.590119866374973   0.055706695477043044   5.966350931386262
8.229546068266865   3.277973993370903   4.669124478219942
0.7863771702785606   3.474537588858633   1.898568822230394
8.55405444825159   8.911007976408891   5.414304464108392
8.944005997765519   6.7484672490943085   3.6802845999618605
2.309304225025822   7.622087067670031   3.3161905468552577
8.739913566939583   4.679242190237939   3.7271686436079663
2.3208411127013164   9.740022474616005   5.7165824962381935
0.8679126261503687   4.727558391292742   3.3025337821019343
5.693560114529026   1.3520276066252017   1.9530654088835036
0.04982624679251885   9.485517114785564   1.6302311265512537
0.15566505414013   5.618802772882974   2.285270064503988
8.871417272331836   1.0556362616355266   4.8002110898535415
4.384249483420431   8.874121573906818   4.2596544833389505
4.148572793936189   6.853235565399952   4.880530810464217
8.95409003554043   2.850296011091241   3.6786617544775218
7.686900351662547   6.586300496562348   2.7449743515629206
3.608587501780975   8.172028017153853   5.60071507083855
2.7336943002442022   3.624351628816957   4.512525391470456
5.026357575080316   7.292777531476008   0.9205963446272045
1.8447203083681831   5.582684393215782   4.622696507863926
0.43662613850322785   1.5991670427866074   4.376567275837521
5.371314930476782   4.816190151257193   3.502085015490741
7.004938738489136   7.413362536281513   1.7913335015281462
2.323969470599847   4.832497712259896   3.631710279380602
0.8840651387457947   6.215381024744184   5.802804690596426
