4.300902183186148   0.37761380456578547   2.292740992611697
9.812717040295349   1.5518314523535586   5.409677318340353
4.418403925551064   9.24120360291921   4.658198552309512
4.908553519769764   3.9942560545917445   1.588777076445421
2.0034270316271425   8.10665372872886   4.337763052283234
6.689838456986805   6.194103013229223   3.3433571299838567
6.873847243005391   8.534383341759812   2.9155693735740797
1.0062219489312638   2.166961450579062   2.3214100908605517
5.986198588734595   8.510710295193663   4.408234669130962
2.781830766635452   1.266479167078876   1.0279092084481574
1.9852195688162642   2.877171383313154   6.084582616332264
3.993563815089255   3.103928354263928   3.3042689346702505
3.354561742391816   2.3999728312020445   3.835512517152268
5.171374112544821   1.1209703739112715   4.148513371018785
3.1880454909413047   0.008774258610396046   2.2796656600218834
3.577089446800356   4.083717039419349   1.6539360683022748
8.110928498882382   6.836914528409658   1.4945132785792425
5.724079641022541   7.5912456126352   2.893681210560236
6.394393077932824   0.7759987229081047   5.797801077137202
9.239839225667245   7.081215170226519   4.757764320826771
4.550690190336519   2.186640169222219   1.9814458767224232
1.8923618725332605   7.087807472494132   4.789481806952345
4.2347042239575075   1.4180859998944797   3.0171921544194737
2.072613244194551   0.2907277681398769   4.92250030268824
9.14612233715764   0.5096025957988164   2.951861139666559
3.5589141072484693   5.304538289361993   2.3438086046233404
5.362546932356846   2.1538569543654487   2.9378689957757746
8.505752173107764   2.705139012529469   0.9450026586230765
6.368366292031663   9.438083755508384   5.406342790761062
1.9680185054418171   5.100204281090558   3.3558396896578326
3.220175993147326   3.2685955228596515   5.667889288429809
8.121778958357101   1.0930052391149667   5.485273939994629
6.0157849332495745   4.100806774872058   2.9010756751455866
2.8052934313908477   4.64568681341739   0.408822487044641
8.96709984048483   8.058992705694113   3.2427392511464275
9.281249265370878   5.331906537986173   3.0515957791267994
5.321593706620258   5.083713145950677   5.317257630618456
9.80311183249846   4.300045448603959   4.981578262217984
9.00731740225761   1.9438048950927636   0.20126619590468092
6.99403162675902   3.22786717445981   4.044329349881755
0.6717263958006151   4.057580945167645   1.6973717620020248
9.244738680919586   9.537370489164834   6.094469668601839
0.8691746373167323   6.6684888960602855   2.9663589046481724
3.604011162141086   7.8253483361502845   4.3090710130768635
7.159902561655044   4.532476553247785   4.885284870334237
3.736284566709857   8.624955648627513   5.529595369068127
0.7891257002096024   4.916798635526016   2.8386477533361045
7.664421566773022   2.248367626386511   1.8787622110569993
2.631205528806352   8.96132019806979   2.554762678285975
1.775825029234845   4.068341134628401   2.6824358849826075
8.297510508048367   0.026022948293778825   3.8260965346670828
5.798100030759117   0.15258727147410384   4.509001668686271
4.454299891826144   7.490867506599593   5.013748993164079
8.520964540690144   4.701565144987514   2.7893779464172312
0.5070093690674722   7.677178986262719   3.43467255931242
5.030261455416495   8.149382924511807   0.4227567283143875
9.932767305101711   3.445258694196796   0.4764698610744439
5.59814383328804   6.703109643385859   5.897553457211274
9.64742147601601   2.6295350653979837   5.492437526200759
1.0616446308158973   1.0241122452761038   4.137904620587811
4.423371223721281   4.959761704926932   2.1859863976889256
8.028543645317331   9.097551708776301   1.2756833931110514
1.5260925256895612   5.952812347896886   3.5778399117997846
3.0149120794043838   6.334882862150115   5.124237215943108
