7.159292568240159   0.14076734759911352   4.926284417073321
0.8879254053217502   5.003430829494736   1.9065121812406434
1.6567042543612769   8.70036896085077   5.041892659085157
2.4294002575368636   2.792798517513164   3.37018532578426
1.8383191595775874   1.6701686515658214   1.7250091477382565
3.2179853267750733   3.4100672904444744   3.150616195569267
4.281424597943023   0.9750207597642526   1.1143918217867528
1.7814289379984094   7.516415932470065   5.683596649273378
1.1911599402567852   9.516549971175191   5.430678405950251
1.0716633746464304   2.33782247019228   4.433784986186195
5.063936219084381   2.9752506771181606   1.1765494311302926
3.396979173781147   6.017306030273134   1.1781554295890493
2.4605772863030886   4.242203907914719   4.711790300241462
4.663465010175926   1.7765134852688282   4.812717515017848
9.498482638974597   8.898464490377552   5.47202355486196
5.402183817366363   8.606862839910683   3.0768721434237474
6.610921074008511   7.152320072343568   4.9899371425326535
8.342236976983774   5.652762041607804   0.3881570362104579
6.725300881558727   1.3806821309511128   5.267511997421324
8.818069722330545   9.913115033563034   4.715165412121484
3.9111589768984656   4.42983669552993   3.9500918019549927
9.899397270715209   0.7896697813011082   0.9826415726466189
2.4400076187501787   5.557739603001686   4.06041819587164
5.304539227120321   9.653918831847745   1.6354886634559525
7.57481471837915   5.276954326737317   2.9046455197586676
7.429602328134141   8.984430593558129   3.7251012678460755
5.906384655275422   5.816375970427093   4.824220022626686
8.863951163952008   6.706307444895104   0.09552372714102797
9.716198937366524   2.55718473618529   0.42162590204690376
7.98633262652911   0.7312438750636769   0.57347829492475
6.700325697391612   4.575273090191622   3.0011335418391982
2.94887661103506   7.437766601648379   3.550978096960748
5.311606823283509   7.7366790093408735   6.200337420235924
5.62006931186879   0.4607796143531732   5.327084521840763
9.177996368740846   4.2386498583911125   1.039838910009705
3.558272460151171   0.12874452743519435   0.603595850479156
6.277603162719978   8.067758916833117   4.716081389996087
0.2779550073321708   7.721092516170968   0.5012766635356329
9.159666593589712   5.161509392001692   4.203652422568927
8.595096952966509   2.2916149693563077   3.1784598574685132
7.624634845772926   7.975717096241427   0.2577010640132855
9.055844458257019   3.2884809388316416   3.480120271331585
6.814857215704025   6.314619922448264   1.9455822557518023
5.579789411593027   1.438461592937196   4.995845535981852
6.487372939367659   9.460349424537343   2.280466311994915
0.2878236351533445   9.25865791123033   0.16508969557573586
3.96427703895905   3.4309240148343783   4.04845436352519
4.417972541829252   7.509834494919306   4.135945641133708
1.8918213559460728   5.232584221927375   3.0936863350958617
1.0458729651534997   7.952633215368695   5.91053971260208
7.9295825747558695   3.2950018270838877   1.907997672555949
3.689518164839046   8.02639546469323   1.6633893411672094
1.1469492352811699   4.3189381220818   4.7114583888052035
4.372174199794334   9.137928229526853   0.06820578330021299
8.020307687898867   8.636803798885127   2.8478943873012232
3.2566724514248477   8.998190461435014   2.669680388670761
7.154766813602307   2.3019290648944897   0.40269426784943985
4.011116158086719   6.6373970722365705   3.311336348420155
3.5201568888700585   2.1394470732185935   0.9124998372418839
9.017722256764754   1.0080385050633758   6.24861311164872
4.587860016485837   5.621237533083455   3.5330783055875883
9.863762145838887   6.282808001491339   1.5513051196911163
2.9576904516599773   0.949417268785204   0.6513816910533414
6.375221611336927   2.049958218217138   3.5355864945333133
