8.4237159897238   0.575211895466055   5.263345465399914
0.6033724821917592   9.419287873940636   6.229485098575077
8.360165861984703   1.597539476009728   4.904526878947492
2.5509524692447956   5.26086793572535   1.8761152684516782
0.16008089507449702   4.183178844380434   2.3790729405745195
3.5318701372365977   9.536967405265177   2.880512013286719
6.207610817571914   8.165115337259401   5.157109857115922
6.715582042626635   8.841482644690114   2.3213044349933734
4.450016436215508   0.777554801091362   3.3775971233293136
2.1798500864667436   4.375825237164848   5.748434048856858
5.4185849850123855   8.322507353084697   1.962337116246002
0.9468582799316473   8.553471139596382   2.1273855741954257
7.869542958859389   4.326169541298273   3.626938328765052
4.503592730831808   9.914461825375792   0.34235483641114817
1.7209026641555691   9.64591077068691   5.939794047587251
5.323486061843086   5.7915014867992225   4.726974732893002
9.8094478407828   7.156788270999993   4.240188464027947
4.1246082109761195   2.5764130389033855   6.138012739623104
5.185197619476187   3.9701468418491297   2.997560937486188
0.8427218921021302   3.729862551446603   1.610124159934379
6.958067047076026   5.154036795626627   0.05211556287563024
8.997495917917789   4.06699555713225   1.7680838880755902
3.3133826948710454   0.27169388951100165   1.5912336747369213
7.416011640928435   0.18030022921229152   1.455400979578284
6.682539459379029   4.23392159718763   4.425471847940424
7.611288096188663   8.382729673896794   0.9024135377025015
7.244860971520321   7.707479019874594   1.5493531699325223
9.469661885313133   0.06584678830195101   5.91421418293552
2.878204280564214   3.8458301670120614   5.382838252275548
7.456461829433746   1.840435844610949   2.0610818070184123
1.9711354575935913   8.827350256533627   3.349373641043032
1.7992763988153317   3.3936097047353253   1.1606657567470626
2.704876178220051   6.5979084143874625   0.5936175049965167
5.304392208623815   9.361631424572268   1.1915912449716173
3.8723961938104874   6.1014965826715715   2.6862935596188455
1.4004396495847602   7.860406103514675   5.410956498425567
4.42314547374525   8.469522654544743   1.1220869199612453
2.179120545181087   7.783434297070769   3.8011253529558804
9.389127031233848   8.169384616877307   0.7434799537632713
4.596718379370373   1.73282039485158   3.905791809401043
4.294278066275841   3.3210834936177487   3.3507913812703802
9.807035908315854   6.091442407976244   0.8932189147797834
1.8231125808719448   6.375201109183305   2.633610939586161
0.33759373866825965   7.908888912350285   1.3744700761298534
7.522833485955721   6.797877034227797   5.199129349204887
0.5995265015450094   1.584428834593305   5.337751945903194
3.0636489228193997   8.870569945272699   4.837398622472882
5.686770332920518   1.074990863700557   4.702716830469467
9.091965987668043   6.2818798682959045   4.009978892590578
1.6027632392645423   2.338200697656007   1.392763600831527
3.756018192260803   8.708439732227442   6.172819586336285
1.211806356137259   5.5572708386344285   1.2528081443138512
7.622232643332842   5.9623408529570225   5.256203160078337
3.3250981971788374   7.48389110713481   0.49977466650532365
4.266776672379008   4.365085841441795   2.0544363646242934
4.7563883244571175   6.604755981198515   4.306153126356693
7.372586183508909   2.706425445545836   0.9995161589559488
4.274526319901989   7.478812685321211   6.225010825669692
9.55849658464829   1.3040524441918984   0.08953301308536493
0.6799703334982985   2.4376393473878353   4.741695446401969
8.278011187791728   2.7864711141583562   4.2994093284465915
5.558764390080294   4.726404950689351   0.5965280468585383
5.5910529981308565   2.6592858898963607   1.3583626285717858
6.4166811043279415   2.1406948199760185   5.0679845905210446
