8.655076260211612   0.5051874035475702   5.462324836982219
0.010805313436264063   9.703800583646807   0.5796334583141137
9.403078689423513   1.051566614085614   5.064365723540296
3.848779694033814   5.977181682039126   1.8462300720211602
9.461696513642295   3.6179445237011416   2.376533870081946
3.1917106125089414   9.282962709285254   3.459191452904907
5.804888124348537   7.337598573201698   4.879836666696151
6.599940986373241   9.07061593573605   2.44042471464472
5.1956735295673075   0.37435794774320574   2.843723480490398
1.5328565775938534   3.4918432864885407   5.772346560697257
5.371526606916306   8.735863570728524   2.2200644935616327
1.205253743539488   7.368638627942755   2.804791039460384
7.283046922026809   5.139203924989106   3.0877058220976816
6.049674447536704   0.04214168337846402   0.10841705098751397
2.343577177797008   0.0983055254792039   0.09133693841555782
6.0048979018764665   6.6333289489284155   4.052223180793018
9.117856798752493   8.00529427481326   4.642206464076482
4.070348780185864   2.9617922534264074   5.340528872565906
5.035022088776511   3.085253922657645   3.444009865478644
0.017659946639412394   4.097626752340335   1.5508633865537171
6.523963594675851   5.32192580890823   5.762426932435765
9.465284644336847   5.366272866265608   0.4166717760204075
3.752942600481422   0.6763920489775856   1.713380262557243
7.870002344879384   9.699200468890705   1.0135245863103257
7.692272634750164   4.108320615026328   4.241324742354892
7.834091395216233   8.198577736054899   1.119083760609114
6.032957601073114   8.570281987373699   0.8095192565595313
9.185793992073966   9.45317059320607   5.560324898387048
3.2054481004728395   5.168949753619674   5.24373317131432
7.264848634409747   0.8974508347303526   1.5822481884928479
2.7963710660691414   7.880598214117692   3.439084252572315
3.9265115600846663   1.3624376683531427   0.6347176290324296
2.2084870242446697   5.825869380679601   0.260728004719155
4.438204360897138   9.335397427684343   1.1187898849786397
4.724727128645012   6.2462628403870015   2.049090955441639
1.7844914201691364   6.568505633113512   4.3906225279813755
4.5046739624495   7.847749611364314   0.9092867837711981
1.8066189856927652   7.628788706767505   3.544875024021421
7.8199560709894245   8.99238406664333   1.2995825569812607
4.608083412942847   2.1660172812882834   4.379357927978112
3.1076243026903425   3.507918364996666   3.3856947903994294
0.08750254303926219   6.9740710271202335   1.1816245827418415
0.7518195783031398   6.259393216834665   2.339126121742929
1.2911587881239321   9.222712361980776   1.7905203489737669
7.677322184042176   7.107852167297501   5.675115131797506
0.8657217806428714   0.3298444347751761   5.047170157318794
2.0701806023668787   8.71029360045443   3.925850871000311
5.520376998494296   1.6728448421906703   4.824995213913104
8.925622339080016   6.774096393447105   4.31973753297153
0.9426935232338012   2.621140353132882   2.1328781370152305
3.6930390835275695   8.257211028094988   5.858594004028039
0.6518108801628599   4.914258144243749   1.1284101296662274
8.350956349302953   6.326964085847735   5.002097875059259
3.0100261867350673   6.145056658023174   0.5805335239741928
4.5337338620275505   5.439161579994607   1.8449842180640863
5.772972337429227   5.897199029662235   3.8997828658345886
7.989859073848632   2.1747100664757095   0.9245620899969514
3.719574586225732   6.819199591238092   5.799728661151474
0.10949268657165945   1.975490000347306   0.3252969089622316
0.5326899271233709   1.1592750875161988   4.77146510452919
8.465077934899236   2.7808099193684805   4.491133303834481
5.196334144869338   4.411913128209176   0.6276335791780234
6.2767199034450405   2.8788809616232496   1.115814800252676
7.0111568228496095   2.1024652351300213   5.210018686174534
