6.313305239420012   1.4308024278819684   3.8022312833052085
6.908644288379741   5.858559850606383   2.006391382401683
0.7199072972187915   9.829758370922917   5.244841366549577
1.7713707822887357   2.8620453279816798   4.492054144972343
1.2887027292815374   1.3603582035870052   2.400212396225535
2.4611850708201666   3.535459839520646   2.6635897446107046
2.8269049036760965   9.812009597779305   2.498578586367212
0.5457412816426497   8.535554899540287   5.955292245888594
2.6565241218196807   8.544488733178557   0.08826957658335832
1.1630550494547334   2.394396695085578   3.9201871657589815
6.04875614179301   3.2396681185402136   0.13235374549963777
4.626662132491325   5.124573072095234   1.162497051635789
1.669009870595785   4.715703399791465   4.6099189225992045
5.771125019084778   0.7777565127103316   4.968286891125037
9.316584075473157   8.801939600192576   6.121139868154852
6.268020046366504   7.6975229674263765   2.3629425139054177
6.244362498512541   5.733506664507121   5.073345371918898
7.194462551013233   7.0210853753275195   6.258015514856784
5.347960149462171   1.3255243661136   4.320510897716746
8.484475083709327   8.556710588986114   4.967433182032454
2.916808706641451   2.8721589447911318   4.671258098353053
0.26165369000884553   0.6318894672039049   0.6307312951134846
3.2307257840967702   6.304847374817946   4.818824098538925
6.393417667648192   8.83412926927028   2.8161830109615704
8.244309386817504   5.25040272243617   2.8880987119720003
7.833518809259546   8.898129964774911   3.7811079360459745
3.270315382809189   4.21408939614048   5.3102336476072365
8.07251236994031   7.6247633805683135   0.0983697392365846
9.828251086717097   3.150734020285987   0.3403458159084718
8.033589360235254   1.530389517462068   1.096696186213369
6.240926149598546   3.999614316733376   2.9634424103294386
2.142486923430882   6.864468507237331   4.347184080919229
4.53029889776941   7.157599715064909   0.5221383072659542
4.8198908069125075   0.38227309238421936   4.842920526349638
7.904782348090586   3.3820028344516397   1.1696575672940568
3.7065965115706776   1.483104265126679   6.264807239794738
3.7613681906575   8.104715237957963   4.116122063956449
9.742506869689716   8.125040342878604   0.22363657879108406
1.7606873350847   7.922893626311693   3.517920772696577
7.05784693720974   1.1098572443289543   3.1235655859957125
7.126358580626067   8.188895715866616   5.800648864050253
8.573847320565768   3.6739473412855377   3.9520858716464833
4.828892551353802   3.5021954542087075   1.5593471768240352
4.408411668971734   1.2120955335234116   5.839073666848172
6.863584773899908   9.792006444803878   3.203374966657255
9.809691456967249   9.407335004638423   0.8077878325688822
4.461042604265844   2.464154845475326   3.6593819697635257
5.401541728260828   4.514998047745499   5.192728199003311
2.562742581839464   5.627442750665041   3.072658331205643
1.2070404969867283   6.20725629006588   4.614103696286634
7.840233171075706   4.5533444605175895   0.9799383389255647
3.5869006848707383   9.187984880681565   1.8964271372798773
8.988661618127402   6.33471449511612   5.404852318295318
5.2285977304652365   9.162714641754802   6.215970527573779
8.025768919674151   0.018593916897797214   3.894496517983274
1.487498464826471   8.80575550374853   3.7498908771289177
8.963494783943764   2.3369635172672676   0.4435242552555313
4.9332071490410465   6.066736009381469   4.434261342604603
3.1032167832298163   2.0074284810887826   5.806871917353544
9.134584659609697   0.8596960530202424   0.05684371759462034
6.823507691072249   2.257416158442623   4.213708597551036
0.5828964152327734   5.613436364227689   1.0501906474997311
2.0251658849414076   0.36535112145210935   1.0800776649862327
9.200215539873849   5.348826233353034   4.759712165135438
