7.409727976450168   0.9067895421755516   5.777488149999046
1.2571201131276788   9.192700187401998   6.076836423262999
5.951558059018433   1.2422915807480612   5.636730676498569
6.1316491106384605   4.942778431446204   2.885672924796637
1.4378577090905507   2.7595401076241064   2.7025026326536383
2.101938326718891   9.342464391043485   2.854752437474531
3.5894666166611295   7.83591223348756   5.1390377688578175
5.955016660688462   0.5611369387107171   2.4288451235781703
4.6967117929923745   0.607686612748969   2.683092789209432
0.12053601364666156   4.51469767116255   5.733786076052898
5.372382198376779   8.650430799769747   1.7117329769833534
9.692329801929176   7.1128872062814565   2.8244744631524004
6.923240840977595   5.6877912951926906   3.753731430246561
6.568035077110784   8.970783618572558   6.1226668115358995
2.254027590567964   8.570374412225144   0.36411214975717254
5.92954374173145   5.869908397954859   4.27566660500638
9.590066921517813   8.63598866266326   3.7416503487591424
5.230850134900838   1.4428653150462218   4.803089226616088
5.979965090326787   2.6859080100364454   4.043865878279096
0.23087073103904435   2.3127431087085815   1.734996235446121
7.96307338952883   5.8965639472045375   4.580903376310916
8.07130931272131   4.284697522482984   0.10089662578406156
1.7058153551543525   0.3473765359988917   2.400970696849804
7.191361981738469   9.758964107568179   1.2730059890332088
7.086692968950739   4.801580437390309   4.328867694412719
8.102568927836302   8.98177659819401   1.9298565077366299
6.075092280254937   7.845056087319834   0.7834395228114642
8.74067699841682   1.3368460371205677   0.12680860852957948
3.110831061926354   5.5100416502142355   5.514526954342278
8.180294326292008   1.9590347319839683   1.3609007189103732
2.4097009115919272   6.944891022793994   3.639327180134697
3.491645601268565   1.1691931509663516   1.0091154808072456
1.8279574611327838   4.7314078418276875   1.2107001285671228
2.9759427245036294   0.29374815027394885   1.790491447520242
5.006039169028542   6.659406167310099   1.3404100397744392
1.1266551560294822   6.525494243373335   4.066699892797472
3.90305803689622   8.627167171051472   1.1293632299890788
1.3776912242514272   7.705728616536047   2.8280768101527314
8.04737963211951   7.0148912407206065   0.8149282499429447
4.240001893867694   3.5146921051384057   4.055127454109378
2.489446611286738   2.919462231436614   4.371716904547554
0.0638088266158062   6.497185640168199   1.3583081705668771
0.39309390330776006   5.9483476925635035   2.234232832269361
0.12222253411801631   0.608472225109461   1.8033363419782347
8.659815957686718   8.347175451745612   6.0190849732236105
9.799274965010262   9.55386437198151   4.761026765225967
0.469664109478286   8.927958489349379   3.703981725835234
6.341178193509637   1.9516154896707618   5.088164949903187
6.968540602070626   6.872433199648052   4.333693865319809
2.324916842258662   2.11285446084725   2.3043028480783843
3.3861494609037255   9.39078169515472   5.317695776312032
9.803029747309878   5.559201238154741   0.9130567539256439
9.11491830606397   6.057644995197428   5.105110267811023
1.8866886968834782   6.246091601149354   6.0820192412556775
5.22134591994863   2.6368594739195204   0.5388449534826971
4.5024019231046415   4.736062074824365   3.1743377628977107
7.057370449485507   2.687806890549573   0.8583179868264494
3.1461354233609438   7.199111678791008   6.170953011281781
9.752620347534458   1.8477821781385817   4.7968353036454
0.8383786565355592   1.90181363238148   5.000511612877396
8.751408740395734   3.153661250440486   4.20305687362511
4.168689235043169   1.8102483029041583   0.2756845368840638
5.460017578186459   3.831523823277917   0.9761468398514203
6.906682970915671   3.4278540804943316   5.48412945112411
