8.528055801804483   0.693599790999461   5.595246407552791
9.930521062778332   9.594454817929938   6.232436356225251
8.788193953356632   1.397488083537307   5.092011308599107
4.433345891975091   6.312265610064212   1.4881463792503735
9.123933862892807   2.8709198665740434   2.1831384433159373
2.2346181339780307   9.527546359694613   3.7284165504086495
4.901611763742552   7.7350021816739485   4.809744631490602
6.770437995410562   9.894273468232537   2.8623766512887476
5.149806327770891   9.78533861707186   3.0410822877988255
0.9739204897025574   4.136056587333541   5.4335885013498055
5.523180501013259   8.556577478593969   2.2112323816270982
0.044532209617715424   7.680647162096503   2.765705537846114
6.629381870097517   5.8153202863252496   3.165192490515443
6.031933382948099   9.950005107132917   6.142854065774169
3.1936718121696335   0.24736703780011027   0.8157385882564564
6.865584559262472   7.2761037300671045   4.283881171133388
8.94684978090511   8.022653947796721   4.5236081557805
4.161442827622528   2.4531961191891023   4.95896704629121
5.401905092844313   1.9200002712839235   3.3209742457266356
9.807048154126477   4.124900127502208   1.7341089576633772
6.839235870333548   4.542236215428631   5.6938366500373805
9.33229873030761   5.182431224465284   0.06553848669976717
4.063985143295707   1.0643870389167875   2.1093882503561217
7.869241173152075   0.07819508421003671   1.2224264752239093
8.314312963303014   3.8085739923365822   4.321962110285627
7.644769364750719   8.427432333430225   1.2739266748281848
6.360672107937755   8.550333722698092   0.6658651411209315
9.076307611464   9.850729239824592   5.791534468583494
2.753309743261342   5.789573844550716   5.261038336099638
6.895508763920779   1.2219325441465592   1.393608158688234
3.0291510651316216   7.821286967998493   3.5732106160104604
2.0728645774567998   1.45833705430433   0.7821468452776458
2.025455807345704   4.155099946966643   0.6976485584763392
4.115963252235149   9.449801271429676   1.207659583499081
4.993487943845522   6.913848495116051   1.744929131416463
0.8389038527426411   6.838827994678616   3.901871743358409
4.656822815700511   8.44062978251083   1.1434825758995597
1.8491258937917097   6.915695905520198   3.501481248659459
7.568218415338366   9.219393152421144   1.2340180437300785
3.9180809786164126   1.8589848110610565   3.9734564763833373
2.8905306244695894   2.894385812581306   3.3494346362191436
9.889691681578542   6.5464916102705875   1.3505176292496817
0.31421911271539116   5.722455444595097   2.4390861722189356
0.8416037527194686   8.95453306496849   2.31097659554976
8.073468664030015   7.626916303539261   5.807360744813056
1.0252890143302675   9.8689914643636   5.325484508189826
1.6318535023919563   8.199731094698677   3.371304480889893
4.883108390261249   0.7073244088172396   5.096472543793961
8.47182092988878   6.488828058134543   4.534712093247852
1.8760351413265952   2.50683283541417   1.9127521630354687
3.689917604867461   8.51667751079466   5.584707661702221
0.0725018747123638   5.034551753307894   1.009387530067267
9.01721249439403   5.929540127856427   5.225476831471924
2.80724633338814   6.900329813034465   0.8891455158395265
4.653818342241759   4.4916725305723775   1.6151863133902358
5.378748782935242   5.3985098441760435   3.6389602943046593
7.8789792733290485   1.684564898661103   0.8168045351297484
3.6875048810503914   7.025941032045923   5.867059027882682
9.620697311902981   1.9662690271422967   6.031959763195032
0.8683161046527781   0.879079432364996   4.45540682900973
8.013994980735829   3.014163642156955   4.09015972406362
4.4699210980438435   3.461611206853926   0.5332661414685204
5.999819351927063   2.6943709692467923   0.5627870685991607
7.233815969818914   2.8846898092140183   5.387044363623612
