7.423619527352349   0.7482771325543162   5.404352954985782
0.6770624148339845   5.141721213821727   1.398012111553587
0.36766382968968475   8.35276161730844   6.026016647252089
1.0585820059676805   2.9364096893428355   3.689707752283837
2.5318933660741934   2.1162012074624488   1.3122582824740985
3.8370673741027077   3.332082759864459   3.0459981157187896
4.721634210216996   0.8087860477783747   1.3997843861821573
3.0223810968842715   8.237378917578845   6.015557713881646
2.3664548202163074   0.14967120144919743   5.820018936430889
0.8801988666077437   0.9730851845164331   6.00439492423577
4.59333355740404   4.308201644412463   1.4733970818173598
2.8734737063404463   6.954740607885859   1.0653026649266517
2.3624195321514367   4.113531780191778   4.597825882618336
4.108748154704574   1.7949506839381826   5.0611561814640105
0.6923371671856864   9.399683789172508   5.457643934166755
3.946360615824305   7.846131057611133   3.316328376704007
6.728330691103443   6.19576627130279   4.821206588168129
8.571051878663862   5.939037880877872   1.07804391385222
6.41957224934821   1.1662842573872303   5.126780043832482
8.40627671075996   9.684445350078482   4.454148253706639
2.5556602639523707   5.145886358865735   3.2815021596574647
1.447170558875061   0.6288701098263241   0.7172963893039539
2.1382589132215686   6.121636218577542   3.8061254089473944
5.234293350451884   9.931009283039362   1.8196491681315912
6.749460890028133   4.612884144510382   2.867737770080731
7.332239527000838   9.072203686338185   3.583358886065829
5.748951923456102   5.883655447036242   4.81837195109057
9.004729282553857   6.987443403095541   5.965114306986658
9.719223778267187   2.6919981801417947   6.229978507920037
8.234253811280444   1.024207182150644   0.016271418989854874
5.845692157123565   4.441719295335571   3.0492385725717046
2.374893459936197   7.631754747955248   4.148566492269677
6.3020556461305235   7.826131842003383   6.011411571575213
6.230980685434059   9.785674565115812   5.891136613613088
9.743065284314214   3.775117335093605   0.17721699100105226
2.025618300688733   1.1167746388531499   6.119710444026385
4.955745248926962   9.005993514954758   5.333487450187363
7.897676613576189   8.197539240234821   0.7733983948054048
9.837271824061549   6.056747788890097   4.921643706644916
8.27785733737192   2.024884098130953   3.3242508749756663
6.8327964332547335   7.459929499446368   0.7692934993549386
9.009224403489673   3.4663297730450044   3.2629208446800098
6.702917649873929   5.496934531917686   1.7204337228687745
5.516847881409043   1.5891473479449063   5.216316574964724
6.227028208777828   8.664080342741444   2.138792331024466
9.95678373458233   9.799306229338988   6.038642710640534
5.166767553153417   3.6401713561999007   3.9133199392681237
5.517525598883858   7.6714376494308425   4.522266146249825
1.6729713844632106   4.600668575524385   3.241312405569406
1.518424445837747   7.065780963385246   5.892457965420097
8.108135314172927   4.716140331924998   1.9227780742397484
4.073038486449155   6.777752264726468   1.2248590214504365
0.8162707565078144   4.274557971732322   4.978322646193522
4.446559462022506   9.703567928907834   6.176370759990222
9.314304407279282   8.89488144112956   3.2134466119171186
2.7214248977607447   9.283745608487422   2.276841365148952
6.520542124487734   2.099969253562512   0.9201722829203638
4.061669377727946   5.355598916014386   2.822435182267869
3.1542283824292543   2.734288467250373   0.7656578964723292
9.199818379531235   0.9633058321311204   6.023104462009681
4.949471226898343   5.384165785595369   3.3576150415095194
9.849661015491366   7.25305003728262   1.551921831460588
3.5566344089443924   1.057248563623123   0.34518593079742743
5.692187766261188   2.569145899631873   3.478520286667704
