7.841461382693461   2.6249839732058593   4.8612578560571205
8.144977356041725   3.964956869104355   1.4989101564705054
8.727177644458378   7.600380598565893   0.7453659693149219
0.5507554405946162   0.8264167281215943   3.874606801230354
0.5879816973538199   1.7106927700483712   0.8068425835078652
3.313923647439765   0.7455646430897926   4.242365842868407
6.0877186742580776   6.815401554489258   5.115103450903505
0.12989165374961992   6.62687648519271   5.43814330405445
4.440778859564326   1.336713552001104   5.082612779339386
8.061392068424704   1.3006820781769604   5.552655317590945
2.081926366024326   7.521233300841241   3.8321528373571243
1.108944875806934   6.654885444740864   1.6925103271495867
9.630417611127625   3.6038559165132793   3.9805549174527575
6.500659224966577   9.628560687128418   0.9190909380502306
2.9169396936408036   9.949526639577225   5.7992130398036315
5.719375598059617   0.029385507905990593   4.74093273392759
9.201993127354811   5.581104560586981   3.6794177253919162
6.566839289693256   5.007481274141401   1.61467478329782
1.8741352402729623   1.5300114846992061   4.9900759526488345
5.385725310861607   7.180799752740596   3.4565274802995725
2.9520486503101564   4.9610520151481   4.072343935106934
0.7133104837144998   2.970141039786166   2.467946581492087
2.3959459223761836   3.090532958281745   3.301174247656901
1.9819701626271677   9.302808852186503   2.0151677241575063
6.697564372573525   2.6672123592816783   4.7421607404722
7.837220503157443   8.466446038402191   2.9081194827234906
7.54562524895327   6.364724908278636   5.797268798419997
8.233565401604034   5.718082117035389   5.641787151986617
2.158699052220847   4.606380670069509   0.5970480381670724
8.94542261286675   1.0413465716678016   1.0354968808570022
4.085802608368823   2.362433879768666   4.424495928783788
2.5454207536065208   8.356450401071795   3.0710833077569855
3.404432369013882   6.633829454320744   6.096235208619638
5.782112125796358   9.015033536107012   4.128948019332095
1.148752487213582   2.1738326417901   0.49090262062027257
1.0239077615933216   8.087451225299306   0.8818318317310557
6.451041765111081   1.4536014070702412   0.3873236989041553
0.4626585485324968   7.615759546469048   1.56298102847601
0.45940117013855664   5.899529395091919   5.5152266626703526
8.218824581510251   7.024816617419056   3.508151693253273
3.3493225289466495   1.736237147414226   4.827573028538249
0.06335269159489876   4.589503596566341   2.021995967473829
5.701628193597517   4.155735697951597   3.3617076476878314
1.9525262625468875   0.06598331737404095   4.03440706011369
5.478741034210628   5.97105905014662   2.975246043512012
8.679505846247027   9.122499684056653   5.205848518099982
6.545366369590706   0.2867329346279454   6.066071975852259
4.221183000747751   3.926977755913773   5.230461995777048
2.331927119703132   6.504590032227642   4.548899035040942
4.335602323812226   5.188861421265689   0.22958699260352752
9.839799296021923   2.0883173928598233   3.6364686368889005
3.614366547240631   9.01693692346268   2.5867198511093017
0.8610731714974617   5.055809298222175   6.0785141419208575
4.609173858097424   0.3893361028321978   5.3070466166511885
9.111064587268555   9.954530703249738   4.564962908141204
4.602837140637089   8.210026478613376   4.251428051601253
5.483605765477936   5.0556203557818025   5.5531751197876
1.6965568767689552   5.493073730519998   2.585874363272731
8.796374186135644   4.549358838617385   0.5132308879625009
1.0045832724977724   8.903907308608709   1.6671908730228795
5.2660971064915065   2.3114663097399424   4.821177508663821
7.040098113065421   7.268735632482294   2.6533498795132875
7.270672553028431   9.467054925462575   5.814151221913067
5.451075742689705   1.3818549078717863   4.2489198253924245
