8.587487645720167   0.9774271289903905   5.4923134283384485
9.902940443473828   8.982272775058382   0.022923861541846613
7.738192526125115   1.4446950183506841   5.288625845651289
6.264940491580236   5.707328505507354   2.0122494343409927
9.624958539187036   2.474787404044   2.160357057445739
2.523010823559888   9.05694767845128   3.313248822211516
4.000501120551322   7.950066815734241   5.07394276744002
6.627578601264943   9.425406770125699   2.8379918444019965
4.699959556263177   9.731392365361913   2.701085389316096
0.8725349466867727   4.904409206778132   5.327663739638435
5.66847646747217   8.90972813035156   2.2386397428959883
9.890800565756047   7.801262372516814   2.792877556702518
7.017079154939752   5.560758318178203   3.214906624958965
5.876754205308234   9.761791036721718   6.025497917031654
3.0599398302494043   9.883389070618692   0.8985106164087635
6.773999694887967   6.593038693899081   4.360612053586321
8.8209258290686   8.179393739777048   4.434071602815641
3.8876957543045823   1.4714493483461266   5.006899343645017
5.819465971506088   2.787755369252222   3.6478777616602187
9.474366560978806   3.399522990762245   1.5995096499945975
7.353239846967253   4.615676510732014   5.6058810539273995
8.360699424661806   4.684850450702932   5.824577823561444
3.287344501999836   0.7434814469689738   2.2091151568021514
7.453656509642484   9.914651360357851   1.166137014406213
8.202415008969249   3.5940087310176825   4.453602797498408
8.059716972156016   8.81987327778672   1.6664539816633015
6.699450983543654   7.794880676295327   0.6190148596197405
9.334251767388212   0.21729708123592628   6.133468320935927
2.677581144751705   5.99072069898015   5.232077286132683
6.659297433773379   0.9455367731846631   1.5999134921641736
2.8988219268726363   7.8246905989929445   3.777443896282541
2.6738166188524293   1.3454980150691074   1.2575087251928276
1.672839820074953   5.292888926367528   1.1824242482121048
4.129099235154128   0.4044391923955324   1.367103117082952
4.822522876366055   6.456300560977686   1.3924389974861389
1.0952912166769346   7.036374142876698   3.693059662547326
4.338941158637609   8.902004569911982   0.9861069501421266
2.4996960858193162   7.095696435863994   3.073228056243579
7.188693288528874   8.782931397308728   1.0300484359756907
3.5202214188094323   2.7057986961900786   4.068429892912328
2.0949206081078984   4.076498807865262   3.7475953074873365
0.18643172161897426   6.583627106454021   1.1895082248444975
0.8600890810148795   5.844955583155984   2.1240257473247377
1.6093046546220782   9.28143965605483   1.8202365055125211
8.46664714988174   7.531556471445343   5.613833202585842
0.8006456404251812   0.3746961181501834   4.798148771457204
1.766784500821065   8.063054153415349   3.5174008807779082
5.406250575236011   0.459575507771182   5.061158497712832
7.839939096838048   6.140153512800718   4.64822546069365
1.6567631405489411   1.27706522923267   2.12410291355173
3.3258174352661873   8.522877040111993   5.33772284222163
0.06639248519666446   5.499679783877373   1.1978194007105962
8.896023599190928   6.464375149384429   5.542711597209903
3.419945200477497   6.365440472130137   0.5133740458327105
4.488401838022874   3.7489981169359967   1.445066891633639
6.431284441092981   4.596387587955636   3.2058903253217714
7.041628495357356   2.07564052263686   0.9635070079464768
4.017724588594652   7.208845254998864   5.665934482190589
9.45313934222278   1.165605772439668   5.826703408722143
0.8166291227938063   1.2191413865627951   4.730984373042626
8.44476788927514   2.493492881757252   4.288827843993177
4.791549120027867   3.1399434794157974   0.7228104374720344
6.63089265213081   3.209735385475546   0.6995195804824641
7.519400558979441   3.2188158025594125   5.484371821319831
