8.338598977167132   0.6251370269471309   4.790129423687118
9.540586856997752   4.880382134954337   1.7065780541559943
0.5005053324771356   8.597117371122364   5.743184384695814
1.5937372488918957   1.8537799125061565   3.691861935742435
0.1146286251957643   1.8957215515172519   0.29802433737358214
4.451961734469427   4.0679301760984865   2.920002866636591
6.043041877642348   1.3081080258123223   0.8785453065780818
2.342108963506615   9.09372219133364   5.9296515057683195
2.850564993218635   1.4934445039708928   5.654325769379238
9.154917388458951   1.7256574034907626   0.3287568316697176
2.815483001800653   3.0997085371315154   2.4756734883445985
3.200073895676973   5.765005720058967   0.7783143963625869
1.4665023250286597   3.702587407274767   4.315397467694562
6.431321355010212   2.4160889555344296   3.2279744911492756
0.7456423151308214   0.5426043691633018   5.368907645910884
4.707843981346912   8.645266820976186   3.044901312083082
8.346817465039337   5.716516498376036   3.7627754290915774
8.295849825428304   7.102927645611957   0.9755345185695776
6.193175935137218   3.79980248797789   4.040410797908029
7.560771803754915   0.07950245797293415   4.973202483111196
3.6838648746676257   4.525360146152424   2.883195247734922
0.8809299870168579   1.4137860278631773   1.3704530062273068
1.9715239099032418   6.132773183474561   3.369887969050991
6.435491058740223   9.685882657827788   2.463797005893305
7.17858226629739   4.6424415867846855   2.836877573366799
8.020421676796651   7.893479099431483   3.590319149780872
6.069271782616333   6.955106056288816   5.7420006414729565
0.42555761667108416   5.4460615983996865   6.0250969819719185
0.2252380747668159   4.462389853748922   0.33397705920694193
8.787918602223979   2.5390464629319127   0.2490792722800419
4.316532712330367   5.660508524255844   3.180269423185096
2.0089883471429992   7.907872409205702   3.6894934763127685
6.100560331800277   8.125947385596723   5.684972388522913
7.395222268162966   9.217423449347262   5.828142761734489
9.212701013577282   3.7832459090984036   0.422955175159517
2.7073958442575825   0.013256219455046292   0.4076171822356909
5.86226395211369   9.184448279836433   5.53771376120797
9.936474311549487   7.8620860673275095   1.7684237099910407
0.7391915624935338   6.67713179760212   4.86320612261065
7.172940704408957   3.1260947895759514   3.997612392281972
5.822472949123553   5.08464629816508   0.21354784756721246
0.4047748591722108   3.273950752702197   2.6318049429231625
6.708207074116673   6.589888473950056   2.48134081986197
4.609746821924082   0.5682687513374018   4.76584330993866
6.656936656475906   8.631454577679916   2.7083276039455595
9.852718614549927   0.19745730536717293   6.128148461967973
5.643878162228259   2.00838339899789   4.473192936864405
5.223335202967561   6.500517106323036   5.113940517008748
1.277275867840235   5.511206151654222   3.319408329731716
2.9613682256030716   7.507777082231772   6.1348000679411125
8.138294651899766   4.075124815885298   1.8395920474637943
3.8893485800908927   8.010894767929756   2.1833793802973736
1.0716324471552068   4.61491092944812   5.655995771666786
3.087313314254262   8.714099982880104   0.2739717815161573
9.056017350487018   9.068709877749358   4.798720810063404
3.540323781932102   0.29667309279642773   2.301558634090111
7.944254662515947   3.2617165078453723   6.102208996080828
3.384574687004627   6.720616230286828   2.3871737708821805
2.375819208243372   2.5942746192085195   1.2732758609006987
7.8191730885557105   1.9508985218276287   0.5165834177485649
5.086632632208957   3.4171888812207363   2.587818275009152
9.496118476172283   6.417631205512833   2.0166576177857025
4.222985602216297   9.417863252975677   5.988822286337678
4.489135445498109   2.5041719961045534   3.8754241868811508
