8.943373278510236   2.2215909428887493   0.2582161244813347
0.19721318719682296   0.15415372871394445   0.21975005085192767
8.175549307433737   0.5671892548670519   5.094376358554815
1.8962543352954682   4.022467457793923   1.5679402739525705
1.1281383873277835   4.3527557340496745   1.8810028479618048
3.1221939578770472   9.687556663828719   2.6906059088738723
5.714670211765121   7.760113106179168   4.60633610147168
6.985627762966041   9.61661298330362   3.3367794990369393
3.3001161246153643   1.2425626801360532   3.2658354508172676
2.233649755335401   5.144501401005163   5.969224177892472
6.14280255267718   8.942723495635176   0.9500734913979682
0.49078388210315915   8.74156199096934   1.080308919009291
7.406707472833037   4.738551098776413   3.991882216114873
4.6336838062328365   9.375534591661676   6.208088892475408
0.934595049616804   0.8496166936671051   0.22799488399366488
5.243063980316834   5.8659487737020894   4.559357403820876
8.918644941126724   6.558135240734749   3.8021782663613335
4.3327156148444095   3.9796079067051444   0.13191148775172848
3.315877617265027   4.896328473001018   2.942271706361412
9.04231323096521   4.672621492355205   2.698782634070248
6.394662053174889   4.934205441113405   0.15930799476478028
9.64505133043502   2.6444584343112174   1.3660154940684965
2.8914150855961913   0.36822622084440065   1.3709030551677837
7.98899005810935   7.860611248742832   6.275096735711471
8.19120873132672   3.913808630527796   3.705209035308229
7.4952448813282615   8.812216851531547   1.0523474839432723
8.171686275023323   6.278393446396038   3.296348624430926
8.295223872966844   1.7454073448749337   0.09495974678489907
2.939078333335321   3.1079662990032317   5.524659994334974
6.538024465542649   1.1260607819468635   1.3558791277800215
1.8336961799370652   9.00059975252575   2.809553748310909
2.1725206237879275   3.3309578775654103   1.6335635047908936
2.2180809913423714   6.867602228419704   0.6295771412678732
5.439323230714993   1.0629693122365689   1.2220637827590617
3.6871603339192367   5.9405992726482815   2.881213146300591
0.9636568399724262   7.544859987349761   5.752543572733173
5.258763043055975   8.610506469188566   0.43442151498615156
1.8748637567501945   7.567757884039555   4.066956542866027
8.73221318268062   9.773364789610632   1.0004258230152043
7.094547587622381   3.4864126232926544   2.710491659538458
4.994397645212474   1.9122197406266546   3.2889595033397474
8.790968420741633   5.578341624262932   0.22918851512673627
1.3548814451509963   5.505324035161064   2.9408271127443095
0.2683797568566619   7.844771069743748   2.164513628446758
6.705199020470344   6.1845169781838   4.344440355737239
9.814402378795629   1.1695795089000964   4.575767803012896
3.5975320533537247   8.589801434504553   4.854411080610466
6.017996106697496   0.0857326537637455   5.205461830722981
8.944994763613042   7.831801557707498   3.9158941493719803
2.5275338992098733   1.8956783878807155   1.2910970871495326
4.665281095900741   8.211272913609406   5.748079420667311
1.101176993488706   6.463827858731405   2.678577869286272
7.377509044982261   5.358771807572238   4.976905776163659
2.8052366351272005   7.463621191291274   0.6865416688406069
4.833398584045611   4.895705679662522   2.0263227286104066
5.502962718468464   6.981245117185605   4.603023834244441
7.032937749011066   2.6454566033428923   6.245705815592964
3.350708558494648   6.62680489940662   0.01961289188173433
1.5272114742538037   1.7289086866451573   0.25159015347759495
2.1018354210125696   0.9057900624940527   4.914217662687016
7.5251414514704145   1.4947078245982692   4.372523939367673
5.584280936194847   4.497505341713137   0.8239438403811863
3.7280283668525103   2.647189303550505   0.32630523689867424
6.309992209573695   2.505634995303536   5.167592901513017
