7.277265864248786   0.41498945782305713   3.9358276354898805
8.169937821726739   5.729265090915895   1.853922854637964
1.164734012950022   9.938867702697365   4.950966880620985
0.9013869462130338   3.8534986297620497   3.9788625520363694
1.9197571182401036   0.608805116582832   2.3301904927367274
2.9383851089561346   3.8290704265552575   2.695172413817314
3.6618840185902153   0.09110277280207058   1.9230451448965509
1.019294636481404   8.547893804377402   6.012685059010264
2.230907738369513   9.169952774204722   5.904251294456014
2.5059735975263933   2.2916858759221377   3.955747573235326
5.24848671478108   2.691930683638055   0.5741138267806097
4.4167988088530405   5.742695216658707   1.8866175758542858
1.427338150915408   4.974336659897917   4.547363645843056
5.678174218649971   0.8598085604931093   4.4863271878240525
0.1121042437053677   8.780996579197678   5.468328989288497
6.227876367706828   7.739384840828496   2.6666498107456134
7.082588668592298   5.963829694103215   4.907025317914064
7.03507599854604   7.34479499374249   0.7286432896868806
6.396554067719893   1.5964756351736842   4.521027257220286
8.31095246326077   8.722520146866223   5.185928811265228
3.7444709421648823   4.00364405953157   4.3824721784712075
0.4484499759832116   0.5407267585486919   1.148380593270053
3.64649297115131   6.44307934554023   5.362383196915589
6.216630597898374   9.18503831077217   2.3311467284556135
8.742637351141065   5.189910910794023   3.1033918711809645
7.931422979343814   9.400620854146494   3.382224392017895
3.9389084928704734   5.076630427038201   5.3376359337691035
8.666372608575642   7.293755201938875   5.9547792931024786
9.313442537972337   3.3794454774202918   0.6298182870110631
7.2109557744645105   2.0133422545225654   0.6590605609298315
6.891989749301242   3.837293605700797   2.706868704397747
2.983105269514592   7.016845248435177   4.501604725031985
2.7365207228946637   8.06446919659594   0.846458374081235
5.502505438448357   9.706315975607458   4.72114072397253
7.504376049457962   3.0103501575116267   0.9667077689706326
3.3181765326875814   1.9130339327584664   0.19100861593692733
5.430416923913375   7.684285431281627   4.269321960853207
9.863329312608377   8.111772059963569   0.1569251963284278
0.4899215713289512   7.561741624208231   2.9776692056883105
8.072220150579223   1.0981308033793873   3.652156218370469
7.768253296151516   8.042644276868721   6.280286337026634
9.419664380533247   2.232707269900777   3.7969175488244273
5.258112319561463   4.061727642653335   1.5176787487408885
4.357237911428575   1.091526531001132   5.963380712531672
7.1709880358910825   9.415470048536616   3.0982262640184106
0.3627392349115487   9.586378869081235   1.1349358044115052
4.148354676761884   3.0917800957062522   3.339819450163481
5.530651204360099   5.236947943398784   4.330811497762683
3.05041417023834   4.900932425366895   3.138674251965645
2.0766163963549418   6.150999409980878   5.382447647385131
7.478232229218391   4.8833002729226145   1.1931496211129404
3.280312769837687   9.207483302733355   2.2948282793443795
9.913238994588902   6.90870833693601   5.161604824864056
5.34171073673012   8.768028353812923   0.48390021969920105
8.757682386595274   0.4717724080191983   3.6570868745345404
1.7788129716676147   8.076096313574135   4.093960034706433
8.681898672506927   1.9879878587173556   0.8520072376935961
4.177171286130978   7.78010059470101   3.6632657418259114
3.0277123707999225   3.0724002348893706   0.08720643702297082
9.5889902516267   0.5843748841323386   0.121995087034791
6.592303317590424   2.4380766564737897   4.272117782418129
1.212470495884347   6.556040545884939   1.0011400688348562
3.3327985843175765   0.9208492896833209   1.138281826193403
8.016659999903894   3.6140376072760247   4.0122832676941425
