8.6505070350733   3.682570318941841   6.044291682076596
9.150278586598931   9.043573669992739   0.00015270868414951622
8.830244506408137   1.571169323495066   0.2684162213893432
0.6970868623928446   1.926533120339527   5.6959859275102245
0.211627452696259   2.7609629349417584   2.0438269072624267
2.052446566155914   9.908832679641785   2.8149827855991054
5.755067901717296   5.53500535294348   5.567820706889655
7.55125226508998   9.648266661875248   3.8762983883686934
2.804201849936002   2.292011660632034   3.915895251148246
1.6286106627482857   6.1213650084531155   0.607127155765821
5.632300386645507   0.6364338213633223   0.29876543517264775
7.784760131002707   8.905711795062805   0.7162103445224883
7.996328171154835   4.339681350325925   3.334407422643174
6.058702449888425   8.523475169241339   5.600226034135428
1.0868166276632372   9.249489065687442   6.222170311057682
5.479823636989767   7.2260685080033245   5.3087300149679875
9.209654667926767   6.325071777830812   4.399780423299553
4.838602728771141   5.014839188230206   0.05156823886793305
3.3766255211785414   5.878599519417165   2.860949822745081
0.5419511689579527   5.882451852812019   3.8058954848646533
5.4791512134660385   6.305648948194888   5.662074950287843
9.862841271103392   0.9143866079741121   0.5124047047196854
4.811751915953132   2.339479830652411   0.12262880933737239
8.654820007835347   7.194998039447707   0.25034091752796594
7.307502301138392   2.22320755673836   4.026921861028642
7.143741153547063   8.096229014470511   1.1996787751080533
8.54486366205018   5.636256336037692   3.49963534201697
8.599722653927968   2.8387081444621067   4.737156935589412
1.127358478358574   4.441250987042839   5.284172892887212
6.659488515573821   1.44655355818581   2.3507907336102596
2.7934824964782443   8.751185541612768   2.8575424074089257
1.712575134809153   0.6757298510308163   2.068682325873156
2.8922287110971254   4.662354693219159   6.212764099215384
6.419117590295912   0.3505946038083344   0.9040816543976711
2.1164278573442123   5.435383736042808   2.99034569179097
0.25342150382860673   8.042985631803589   6.174003572228908
6.3160523644546736   9.323683137346906   0.5224364098063066
0.5663260941645583   8.808869053020128   2.956490083026464
8.436105533478292   9.600872711897692   6.027420331608029
7.1364958720881875   4.593260635656184   3.2954137392902254
4.3333182685085925   4.213113802903662   3.4423628363249947
8.671854774934578   4.983812704800383   0.2761974510078667
9.311863739727944   4.652496317793426   3.078946155137138
9.237892451244576   8.189147485443629   2.5097451461352374
7.359878219563266   6.488997354595146   3.736738797378549
9.092462218433951   0.11019821278984648   5.003286370892399
3.2479786773174006   0.0033648723150143667   4.3874192715144265
4.384536396310485   9.2327164339127   0.3132578945650901
9.881480040247897   7.057133203022074   4.07523742835348
3.0189235473374003   1.0729261716169969   0.5776810545745864
3.70439481220705   0.7531573938300644   5.599646112689611
1.0387892045788027   6.742967588772357   2.197693828184666
7.648738301130324   5.312338310664405   3.990177227554657
3.69796702447552   7.247658355767455   6.214819769755605
6.398560450681803   5.073870799901627   2.4126355494271294
3.9939728089165745   8.69172580470652   5.468112073554806
5.654753326152882   4.568862881721004   0.6769874388069587
2.0300402723773034   7.96347070125129   1.8875011141488607
9.789691107449451   1.8702633125184447   0.8272142088784229
0.30648767218252376   0.04697645682581575   3.8633161798118953
7.684421533223974   0.4574319022443294   5.046155680808543
5.436688525947204   3.6101288948233474   0.04975969289940105
6.461885719167575   2.7746518966684635   5.845776403160864
6.940364768347948   3.9268927695178624   4.40941138711181
