7.93484074700584   9.678168864200865   5.73654582662855
9.854947268910289   0.3815008710770802   0.6625242559435366
8.280150331482169   1.2999249586350383   5.322064546914201
3.2314970456403938   5.328597671599432   1.72975910684249
9.771397995105584   3.8731256778171654   2.443123058141776
2.8421897114676398   9.798331036274332   2.806302871627567
6.260497810723832   7.475856260500272   5.0938392427673564
7.05663444495156   9.078687205211827   2.2821323308398136
4.745213223653313   1.0607126888800016   2.920292366328784
2.136156360149817   4.138143615389972   5.955893622710026
5.647880320886551   8.389555291794773   2.301791913827212
1.0696556179609678   8.44405400745505   2.4164536055588077
8.064066360421004   4.697089483053283   3.522089503940336
5.068100944054579   9.487615510947686   6.167909001228254
1.625578639338584   9.72987273483025   6.031763212725396
5.773156182684585   6.9110287330539055   4.166201294450907
9.41249582879509   7.518934603363159   4.600840881051807
4.425412297969377   2.475378565178351   5.976516865647839
4.551610136696995   3.8772969154858803   2.9168677928345508
1.2635943709165232   3.3994082486663193   1.5446741252016334
6.792790120457183   4.9853443961584665   5.968031004238726
9.531829950749513   4.472622947082757   1.5284490431925077
2.3891894089851466   1.6733277582660098   1.2167095617160095
6.9818411795144195   0.47180141669801845   1.0283316015532613
6.154758112521614   3.9982960630549966   4.483505627485946
7.608859512457384   8.311097870460095   1.1908648781185396
7.208615274754756   7.345182630573058   1.0482569402311146
8.996315613622242   9.31558778221347   0.2946171413948875
3.64449936543127   4.378278895977851   5.076481394683087
7.558909370259849   1.6364268385753418   2.315159813967937
2.298947698076847   8.312186684529342   3.7838553913201753
2.7494362770690604   2.8958920506072   0.82107599414489
2.2961235560546793   5.2436698696489845   0.03718423871289378
6.080820580168727   9.631100393796329   0.969378832019895
4.0602658363006965   5.720289977623973   2.3668408745147222
0.44543513820340885   7.42058150019834   4.526614598587827
4.571712613567949   8.53586454270575   1.1530762849949134
2.5231139173170973   7.127935162344747   3.572547688028494
8.549906134857054   8.61383693915403   1.1144270456223924
4.301262326322683   1.5349544635725665   3.9849521846424287
3.7880541886366093   3.381181100248683   3.112650995162631
0.6461391772303341   6.2981293437848045   1.0973424235411582
1.53935332752787   6.530954823749919   2.3693940193593948
9.514946662312461   8.585109685528609   1.1732829059060423
7.739357035532548   6.619255812602603   5.05603314417364
0.8599642142712729   1.2292479206809   5.31090801423784
2.724200606073287   8.787496911488184   4.546088873966871
5.7181287570240995   1.623102234575573   5.228087622352304
8.790162666938437   7.026859985671118   4.124215221390509
1.8566209343337947   2.6319479763401756   1.3291306100258218
4.157164648243896   9.20482845983809   6.222420676701178
0.7912342833893644   4.9606601154180465   1.2514399348876477
7.462834782327296   5.878099809855952   5.209597472012378
3.3835875467833096   6.671825655972477   0.3538487100547811
4.4286776816420375   4.702254952209026   2.2405339857574087
4.942793441491737   6.762613693271878   4.0493189164836725
7.590667029271002   2.7002180096786144   0.7271910449988177
3.8846202301429242   7.721549419807983   5.807668353624563
8.905335028645691   1.9730416211251456   5.969531620303864
0.027829653197662507   2.2939748469797   4.71185883491941
8.636359138946618   2.8416165478904034   4.039375699248139
6.140005351335235   5.273109161087828   0.4025302155539874
5.433395438858993   2.3741180300004037   1.1749328480408836
6.404298681775388   2.716499624414578   4.8784000403175565
