7.262545894841361   0.7595330433097498   5.32284399252763
9.698738226201625   4.525453183148068   0.9658091373007015
1.4755628353799302   9.10927926659095   6.200479647152757
1.0607829470711878   3.4588866970832806   3.3807843594036515
1.4513848663640168   2.6387702257420003   0.703532790479798
4.2697518984836735   4.502763642555816   2.156292171437866
5.588038592066841   0.9021254331889572   1.4983905848146017
2.642821263460285   8.917112762073748   5.585677585148258
3.3106692283069212   0.599205117675587   5.44041408201238
0.5068433127404679   2.046764297838428   6.237142447608858
3.8441495804382493   5.5148623487395625   2.1300565713053183
3.15049233433723   6.802273015695401   0.795452498175493
2.323830453947042   3.027768219019816   4.5002752695286325
6.242979826164123   2.063451368606356   3.526510551892201
0.49474741526711996   0.16453342052552983   4.861636715417458
4.756016110722103   8.960040696805164   3.8507737904784896
7.859175682578969   6.113444598138403   3.9768639918915216
8.02366707015383   6.937767587953535   1.2088432026511493
6.384913604622654   4.423163676673138   4.823935619792663
7.59229487881527   9.940835466206515   4.569552597514039
2.868287602406745   4.593440042073574   3.187811546775392
1.0096240090912034   1.249751645903402   0.8740218452408242
2.3230016181837163   5.40337736718017   3.532453502958667
6.042109324330302   0.13989093226172059   2.4880318187087975
7.263187127189617   4.679662871156254   2.4701155833857
7.973629194469307   7.963095241907445   3.547516550552647
5.720434734240324   6.872055140270328   5.633233000119035
0.01364543355784198   5.233199178159605   6.171357969734155
9.761020371490604   3.1723784500382344   0.4334844836820169
8.14645995139406   0.7173309351530756   0.14805795627837026
5.049107566820634   5.660384258397102   3.039997455215616
2.285970552427087   7.728046716457568   3.8831241905238763
6.719068248277173   7.787191235425597   0.12386161605059787
7.688133128872938   8.851219318081254   5.796115690771785
8.91468450119036   3.5230228375853807   0.258674908886436
2.3510082364360976   0.4498393433983996   0.14609220242567902
5.149088653133686   8.19585610490082   4.885776881830648
9.812628735041837   7.56540651522429   0.8273502616909539
0.4890692376531268   6.030072989537884   4.545201357186333
7.576106513102633   2.6834479489999716   3.4363286143781946
6.776898250131753   6.750743935165594   0.5931830191420259
9.318966510323614   2.0648333044681437   3.1921669160203106
7.029047293465438   5.254034091167038   1.617141032707138
5.351414586069933   1.8178043956095626   4.850405838450253
6.2485551684870755   8.503772549795789   2.845405763674186
9.73701701461511   9.278388308552525   6.0142263063786325
5.208969191742376   3.335499170664717   4.482279512820134
4.441932127161926   7.203002720428105   4.368648461971432
1.0595995827920284   5.431933594990628   3.344402761754354
1.355722513896637   6.719635259165539   6.007625223442612
8.630764223020417   5.576346023954973   1.6545635908400114
3.5964962521513626   7.742462407180083   1.5458676368301034
1.2575886406735959   4.512508680185558   5.1815936511293845
3.6315180915893386   9.349174568146077   0.26730881184367095
9.030388094080871   8.849375472397147   3.838081523898012
2.996161860947368   9.786679895864308   2.37088848075873
7.909287463739407   3.988490947061903   0.3322771262803006
4.067942254797844   6.227850931772329   2.9947628057083304
2.876076664248088   2.525681999127788   0.8723256902343433
8.519691568979267   1.393472119557151   0.41936720504449004
4.953036651033965   4.3455473631344095   3.186885684022941
9.485652205280642   6.894423001943386   1.671157806465075
4.749752363478121   1.282329422372686   5.587150230128167
4.351835889775918   2.6749265946778538   3.467270665361387
