9.349735792439093   3.435584932099649   0.7239641940704036
0.704231909156764   0.3000467801840049   6.012146612437364
9.190223285964722   0.31307983648412835   5.051716892397666
1.6978661102010122   4.440849176480744   0.6931639183111666
0.9537869129681554   3.2426261106737386   2.1076423607006434
2.702671647606   9.842164984547168   2.7014641933392136
6.1242768497556375   7.668488017347487   5.088266933337835
7.470068091666822   0.6477343542572127   3.0470111258959705
2.5738129552997586   2.2893743332667644   3.161650215680781
2.3553825065363663   4.948783622421017   0.5443804699955599
6.535981595676973   0.12654193844844003   0.8512278195292888
0.058166688556656965   9.57905273786466   1.2357256447326574
6.503140134232092   4.696167978317436   4.305628676438444
5.441694650261196   9.278690625383735   0.001766416954737296
1.4201975718504944   9.583371466762982   0.1863480690462722
4.887946701721029   6.306129028696247   4.318116518243449
9.825039370396947   6.393024287567304   3.659353815305576
4.2161497736177935   4.831764384043624   6.197584438093391
3.287332841826332   4.177176872182183   2.804741959834174
9.795547276236336   4.277634179941053   2.3722159237212366
6.340328985885517   6.522989561596102   0.27147064082022154
0.39838812556483316   1.6324462050656787   1.3017554096458586
2.615273168741291   0.8534169875338873   1.4909780797736178
7.133906413907329   7.403025598364053   6.249634177876447
7.700121298216345   4.499890356612736   4.33969595013856
7.171988453807282   8.57340476464353   1.0730338999511086
9.098002708494091   6.43388772154034   3.456273618379168
7.650722523870759   1.8112672470377387   6.210826696802583
3.3605134304203044   3.2333144734240475   5.337299260814126
6.174311568029264   2.1844664742606184   1.3969930177060796
1.979526810330694   8.644554929572632   3.0739851275460577
1.8766881428938489   2.828439628325626   1.7801527215565895
1.359842985885619   5.837142919734541   0.1781635780081368
4.811765634001795   1.177271773406622   1.0251285037738835
3.274287544484449   5.343404749942304   2.8473559492125644
0.4499340990876771   7.950754466794844   5.855851446774464
5.510297123647889   7.965339745250773   6.1048312791439105
1.2574375616131102   8.202361908247571   3.754449135558311
7.480138518600143   9.52033636934406   0.7402731925763848
7.35908608214411   3.498890188542554   3.3526699941694713
5.051301327997329   3.1176104446764286   3.359632676983365
8.748100112655019   4.987462936135065   0.2576179516217011
0.850127964381686   4.707730989366891   3.095546850851714
9.216149443480543   8.10814723675897   1.947617669771897
7.265667942557506   6.449365614133685   4.122106237395752
9.046526094747389   1.2689923766793885   5.310591412352084
3.457318055683625   7.480800725905434   4.897499116409578
5.8051274141100935   0.5002071816804222   5.395148001256073
8.004088511129071   7.589857862093237   4.16622665377621
1.8905060713751118   1.6003959367356488   0.7930306766179388
4.493991800302228   9.85418054500718   5.974653228187683
1.5540097434137121   7.447159336668072   2.5749563758082155
7.938143301861644   5.511080284524797   4.722263865586088
2.4131870120542716   7.88619127079568   0.6034368731888721
5.871109270590561   5.38763778226785   2.3191456155208803
4.731477077853986   7.5655317221647715   5.535677651002103
6.541214591707821   3.7614588020694426   6.168261090506145
2.733945804546186   6.255435206117616   0.2912562235570275
0.07091674783078133   2.8035039589693707   0.3792205547325551
1.3275419916930964   0.7793320089687599   4.334107535322014
6.709497037611683   1.2230923139465262   4.850050513675806
5.791471752640329   3.8760055579945423   0.9760486730484004
4.233134609803551   2.093036158616984   0.06531263609638138
5.2791168681219895   2.3875793385623627   5.074591445873189
