7.084025631515391   0.3266549273115029   4.876101856365352
0.39092686654448494   5.103784388189754   1.5025394327299917
0.4209771988753075   8.199930733017307   5.635230467560334
1.7374322929546064   3.138742984539046   3.705853199800277
2.1722972292791884   1.7426020757823601   1.569136638938164
3.355071414824223   3.612376991046569   3.251906733408157
4.790228188077168   0.5535155396713121   1.3303803399566183
2.3271823773811686   8.244981213201788   5.124977666741032
1.7999684824174322   0.5637193986288185   6.0645123066235405
1.0023419456336966   1.804926718537142   5.175484767212447
5.025322064830254   4.245323053069653   1.3859372605805071
2.9554331500573143   6.253338265325033   1.1243957497527362
2.507507386995722   3.601004093291367   4.527979450321367
4.418855584435633   2.0408388289154855   4.842042125811827
9.230489406316753   8.937089647979612   5.367699496340889
4.38940597643588   8.491672397725331   3.1847114368285476
6.3917777411460674   7.196746717048652   4.7087736245295115
8.747061281773089   4.858953691505487   0.7775292131474405
6.262769349075949   0.7195357689673241   5.06329861395055
8.608465655590333   9.711201462040531   4.57196864779694
3.742612874221752   5.421041240973086   3.2991716288176027
0.7664328681782058   0.1918463171869204   0.6741427141689782
2.1948453666030403   5.665514392241194   3.688161912280581
4.946318728048811   9.561819907738066   1.5916936166785638
7.151513863655761   4.662167046632051   2.9915954329731345
7.4495403371487665   8.596555892624883   3.486722157708014
5.608808758773367   5.981348809350018   4.861659589375746
8.320053372928724   6.7295420664741705   6.276267356443878
0.025753360367190226   2.282026412296048   0.07995719205885829
8.550386255024913   0.8781789558188723   6.082749781097117
6.2791533470248755   3.7055826533826237   2.844300972998646
1.9985271645998515   7.230782971931931   3.7955168697624866
5.613694293365966   7.463177900709156   5.785685316343514
6.2564287468502755   9.715946805808361   5.894302379919202
9.593576619439741   4.227018114620753   0.5141056140656822
3.0495841455222408   0.7202006194557992   0.2472964121811764
5.399490163603688   8.536863396311928   5.220091293916443
8.794957705338884   7.6962574091353675   0.7272830940308534
9.880918110484624   6.365364884786181   4.278679211315296
9.13600284221589   1.6296656882116403   3.319409615541268
7.541518579285558   7.607809979330617   0.7611208377824044
9.015849127479514   3.0154512650000855   3.2668931363608142
6.449768121376567   6.021492238846945   1.4657890119085508
5.804884987320285   1.4302947943289857   5.014571913209375
6.785727575748251   8.883977614741347   2.407912368433731
0.012116832347588424   9.365405719458776   0.12099049635138748
5.346384502291518   3.2759225802834333   3.7059705692246885
5.2285490637699   6.58933324921294   4.357671653954724
1.7128667718964412   4.948996439811628   3.0941274518670934
0.6236027104648265   7.163599786423225   6.126539209451706
7.564312618391981   3.9525996191102344   1.8272792843063994
3.9973642694347817   7.555751682528443   1.4348563693430645
1.2740834518401654   4.092537857079036   4.895770190716542
4.030074270316495   9.137262015074457   6.254324922589166
8.445117592328046   8.444493259078735   3.1098907600631556
2.9245038749144086   9.320890590995631   2.8507292879046746
7.386681713263408   2.8374352312523725   0.1507993967328996
4.278459746577415   6.05037426150764   3.1275455819735773
3.106789743530947   2.7912899338959667   0.22985791002974448
9.291754224445189   0.3700764495219242   6.160032478793899
5.324816549922822   5.317937355046129   3.6209906804804834
9.527326418451235   7.030040023670089   1.5273097216639502
3.9632716504804986   0.9003390650296323   0.8029468447184039
6.484347847228079   2.4369998160671935   3.7416217942577963
