8.859577995862024   1.7186914043206984   5.92761706472433
9.891001264695058   0.1271494153928439   0.2177290527951579
7.746168961816056   2.2197665121355774   5.415018131799398
2.6396387730799735   4.930368309948679   2.0382242730026667
1.4561881976169122   5.324668275122153   1.9909014182232498
2.6890240656942046   9.531093446798215   3.050251569758142
5.367638377058469   7.721597683482015   4.9478450932641715
6.284924192812845   9.437925206160587   2.312989013624526
3.716709463905779   1.7708358103025432   2.9161192267851472
1.8953206124166937   4.698880872379218   5.703180748559197
5.701986484656919   8.746902712321761   1.300857470800232
0.6525234376738632   9.332601755856437   1.5867223524198524
7.319799323035456   4.57405411671396   4.062001021497997
3.454552526215294   9.507098754675424   0.49901217709924856
1.329494576190809   0.959934964290706   6.128801665409836
5.646375078595124   5.155552996526918   4.666545317758468
9.825734281555786   6.470401107414518   4.283500767749544
3.3701303671359977   2.802088367956601   0.40159452434201975
4.7999069124724665   4.6239877523585005   2.6644943689514564
0.33673108607673186   4.611735005241323   2.2649267589454163
6.402378018872813   4.6161291153283805   6.238114901680408
0.8758003106656158   2.5485740823772987   1.6805292252170594
3.0826934584117285   0.2695013131315656   1.6813569138212172
8.375172545679725   9.007050456097756   0.40296744724215366
7.043045231361175   3.6873040289188457   3.7364612315392485
8.09904357136222   8.31291046479176   0.6015810884265054
7.18251450139638   6.990175942509504   2.4394530941080204
8.43072704488899   0.12573288884118078   5.626176610727082
3.7640204169758973   4.184846848944258   5.129365328682912
6.27970472494251   0.9095191664101395   1.4385189667808942
2.0528353916502584   8.922043897326189   3.3353437043283365
2.4271831613569157   2.3352442301775813   1.8721412704596174
2.3917279999575514   6.726553044875402   0.5117962070284174
4.5589401535458425   9.363260805902723   1.1594680103035686
3.367733272129988   6.054022777208881   2.376406392185737
0.8857640542335873   7.381257787906782   5.434418869448668
4.6480372502684375   8.580472306048017   0.8837428184690805
1.7685764219086386   7.398230810896828   3.960560432845789
9.48609373076684   9.377121394182481   0.817439171470814
5.878640869892383   2.6428022840100773   3.3170054108353315
4.401646387324183   3.3553198558043773   3.0980421608909046
8.30805846390614   5.169374148738339   0.06213170596035815
0.6446184024934664   6.090575059438618   2.463160920414082
0.2689504776630439   8.139869804514113   2.294098602279995
5.624727515146439   6.660181566243895   4.823829745698811
0.6872746791662032   0.5613616434514581   4.398110621517064
2.954298699894539   8.510944456746596   4.646884073313352
5.672010143425113   0.1125353105542834   5.335813387467738
8.415896439640905   7.122393075214993   4.089085883320316
1.5741047623691782   2.120163397088777   1.1094107338329142
3.799370799808441   8.19973554831477   5.912506896587774
9.770841002462447   5.652036331084646   2.145053325615366
6.328475907030224   6.346049855944397   5.358172714843531
3.2213444135409675   7.682490775491452   0.6341093604344143
4.028874403516438   5.188711425834115   2.0693500526687294
4.839031759360163   5.761725488307627   3.9278136312323713
7.02159438712004   2.6776742901968333   0.4218964769497612
4.6685977348768635   6.807412158312067   0.15007961269556486
0.10747232573353394   1.4270902176732998   0.37122505320632593
2.5794293730347357   1.1870233078907382   4.997447995356816
8.352207687975998   3.07469880357728   4.589793448797128
5.5184767740910585   3.8167754294703578   0.6442742970165226
4.536507874255086   2.516209388345581   0.44368968462812036
5.988097092461143   1.875458781928355   5.086636425556563
