11.01573693971542   1.7037099367866084   3.3865840617558636
7.560199202250597   9.951821682651527   4.193673960336734
13.298939551261169   3.166991189191741   5.326079633443045
7.154939479081347   8.805322570876731   2.2269334559592076
2.5824611521128507   6.401063421398106   0.8340486260936298
5.183971612129097   6.951541347283864   4.486005114477783
9.56917098335453   11.194078021764   5.548791535694623
7.895492694343385   8.047335267462575   5.691551190729562
0.37220936860784604   8.193133137292087   5.569957622254662
6.50216601220561   13.456489568419894   6.06570095377611
2.0461001479582226   12.82852074940832   2.3610669102706803
6.0746789372980645   7.945651248752709   4.627030413527016
9.149777246824891   9.81600328320049   3.7089068853080382
9.671084250375975   14.365878383875192   1.529285026843194
6.4194047583212335   2.4167169552269363   2.053613629642012
1.7865835636010083   2.6705186411328348   0.1277774884534791
8.338015591152171   6.087551566311717   1.2459282937769827
5.271516796149018   13.607602195127082   4.467136714070499
9.99382898832149   13.288814412031732   4.913830803523084
10.12024650504608   2.808940790185281   1.4573395969634617
4.929831548595707   8.178839811415093   0.1792092261940494
14.29287322153938   9.239405982301479   5.509983670687326
4.360004408459164   11.82888664093611   3.007572637102185
2.0493606936662685   4.229906903821094   3.476076357645547
3.903206686590242   7.86341094398219   0.13801413096996673
12.190582580605437   2.815089397410591   0.03390513933526673
11.832956643096791   5.673334524808269   0.5631607929649409
7.282040304986818   0.7833779002671748   4.97819510212683
13.398195801170186   11.879848097431232   3.438190143455776
4.172975684496847   6.403662665481422   4.640071950090975
0.678768338926158   10.409679530761094   3.9429080975403137
9.623674585334587   1.0798756258064373   2.5616405704908303
0.6928737539505521   6.177198046503845   0.13590251510218349
10.447061589542248   7.073567524321854   4.543892105046608
7.520200785435818   4.95310353349295   0.08646598071587713
1.9702507001220004   11.681927972975885   1.0455760493487078
7.449220629758208   1.9951774412746481   2.1357776429979163
14.409558192474247   0.2430617073163594   5.46690079574886
11.516007926620954   4.090449905915857   6.014401747711491
9.56757319096182   5.481790516097243   0.2931010921540366
3.7819094493672942   9.756258810623944   4.369488806326805
0.9930526516637896   13.693555012667192   4.956501846215928
10.375137582762997   9.611862982797236   5.43014703076782
1.8784432286602621   14.338210384904661   5.822689813174506
1.6341701903547992   7.94628627836529   1.314377459708283
0.858635877946175   4.712118662273324   6.246881270442085
0.20588386500167405   2.0820885452442206   2.8920474341896263
1.982953955043011   1.4582961309885172   4.106154822652439
13.891887255698688   4.8386447704781315   6.051036477935067
5.974424311113998   11.455306048552227   5.9388329043499635
8.583716160471356   11.834761297846818   1.8310568808888823
1.447839963414035   9.212967719282059   5.750697479113012
13.008101870447023   14.197929503270785   5.561056159268207
6.150276006125513   5.034789517623097   4.436354024609255
3.572326270799218   13.044110871999097   2.0319997618053334
8.351959988146815   0.5031584397014562   5.362705082660639
3.5759345368938504   5.117876417875437   3.7127599527669983
13.620496288139961   5.985305180902335   1.9554008883909433
9.598170589144452   8.563660495991499   6.007308890039873
11.349139795468217   0.02857696889798156   6.105742809140641
3.812989689244778   0.5701557299476046   2.881224808146622
11.23150604475329   11.784888620816078   1.673080412578
12.426578267746823   8.972847047365322   0.2754229999524668
8.770382358937143   7.070615525539418   4.303321574051958
