4.164566725094037   13.04023865390499   1.6031922047983063
3.3053531636185816   6.346992728435692   3.516225756238835
13.420899470345914   11.097394643247018   2.939413860019449
3.717303743572037   9.860643283208296   2.933298817838407
5.237546815221991   3.657640138068429   5.274586661166117
13.522523705535246   7.062529523918249   5.1165369499940905
12.044006400918965   4.9214034519130845   1.2847906638939774
11.8135669833437   6.281573459266512   0.08622703848468252
1.599957517222315   5.209542530376262   0.46774045837692896
8.38906270789262   11.039786221902128   5.30413683022953
2.0744578856265723   10.56369388309205   5.742868108705781
4.407568484661976   0.5295296290914079   2.3005532777899584
13.023834408886222   12.040505059724303   3.4789521605903166
3.2072639283185773   11.148627824483917   4.136610407397046
10.422966890261073   3.788711993596105   3.1075951987599257
3.4292695729203895   4.764275541291378   4.351495887334589
0.8633879639268669   3.86782779205342   1.7338676588160453
6.607410698941905   5.156278112222784   5.203234547398365
13.171858945313446   1.5714934184802505   6.217256285879772
6.448469121399004   3.243794274014647   4.260983630762837
1.1746855290120464   9.637971577339343   4.780345917044505
3.363704582172061   2.383056470744093   0.24417859587624305
10.523168106950392   6.876375231977473   3.181837901515899
0.8485092047370353   14.404745188215974   4.564352962527503
3.287222726448511   12.422324249584324   4.036002855439563
7.072961014811169   9.942971735800722   0.9047224598014776
12.151952510442632   9.73617596388436   0.6006350980506652
6.918435546994204   0.44761696806646645   5.344021999668424
3.7940702634586088   3.494993865598242   3.117267252406706
14.284645506239803   13.429721178706721   1.5719862023962035
6.075402860803682   12.014098054073312   3.059910594610052
14.307223722313095   0.5213348268898554   1.8791493041600693
12.774763494678073   3.496929976596034   2.4868435574954706
9.19234456459279   8.667818497438951   3.998492161815159
12.928306170772162   13.801793516451008   4.2934623989641905
5.005152096561897   7.746884543750394   5.547609833059621
7.930980599065878   0.11532901177164412   2.9066322908406956
2.198935694607424   2.9204314875862587   3.5754821610305036
0.39694789370510947   10.97877523143892   3.03421201604721
0.4189634288000272   12.266613162054858   0.32177683792548617
13.298563568760315   4.766310193820898   0.9581187297045191
4.048863750548015   8.548316997285518   4.094009572159412
9.698388229958143   13.105998869855373   0.31463812184209816
7.2270548106875045   11.839371231805675   0.4165172190590858
12.694076347640813   8.224030611963087   6.019549125459802
9.53733086351424   0.2000633283625447   3.9889524753656427
13.501218587829937   5.861228754702848   1.0275610652281162
2.787057592706724   0.5031313108977318   4.02530923756015
2.024182484466532   8.576508357492475   3.4167010023431885
7.925106449640907   13.207974417028872   5.077146580267082
4.800752308577607   9.853420607395838   1.5996307400940784
4.626744084286682   6.628267237857065   3.7821661949152428
1.359728740744592   1.0772379269297563   5.118671769773123
8.590562861070955   7.6227859957380035   5.344875380850049
6.905741731991236   13.794930639969087   4.560534717479512
5.275302147369108   1.8342806742131832   1.2913144246851513
5.7585870936318635   5.83444224140521   0.50040375050195
10.817044777679401   9.611868532601921   1.5589478856601342
7.279003587787612   7.623724535147309   2.77336943093761
8.409611864455218   6.121866009721344   1.5640901529571147
1.4951211523653498   11.581193047978395   2.750268816789493
11.818450945734762   1.9898662274434298   6.049166461069432
12.353037932031004   11.206784369569348   2.421277464153695
8.43252868198243   9.853477233448238   2.252413785430079
