8.07578056821576   4.348519387306294   1.5464830263715117
6.33735312230927   5.730283700596037   1.786098843132877
14.138635980716536   7.591571446276729   2.7212067364526313
5.025845376213656   8.478196312752447   1.0979740229762573
6.438497045457772   4.471859632775989   4.515235018305955
8.077360129950534   11.133888601581146   4.567465028867908
10.60620674017645   0.41266982189700635   2.2912655639698385
2.676818565572543   8.059757128453953   6.1076741146131255
2.08256061282269   7.108262075594985   1.1708833604380824
12.747173213394905   2.0056699007502408   5.063631400574152
0.8966041371853615   9.69166188627769   6.22833645475108
0.54208061277756   13.897082768864244   6.253357197001916
7.5833645888182   0.678299671606951   2.407691033835627
8.382016801230698   9.337097509932448   2.9074427981688267
12.89188555545533   5.206008980381083   2.3180571142896955
4.550294632616768   1.846814121921419   4.456943809539204
1.5226509732661146   3.2599051096016503   4.578220305117918
9.864502861086377   5.972175336926506   4.942924163208221
13.347747564404878   4.119139624965253   5.557662051551277
13.974159784976141   12.099031341311441   5.780320259694931
11.10850783902486   7.095481060176388   5.666111812906026
1.703507093733487   5.330880367052492   4.154250929399446
11.236230241769096   2.930992522127179   0.2583961401365946
5.821590396368583   13.870666565583255   4.613849103385391
3.110602492646655   0.5326019045245072   3.882637741135618
9.883960967308557   8.652798839373006   5.6473620480563085
6.352009921588951   12.094210361261942   3.472981274602898
6.926868263866134   14.040029883496572   4.669191929479001
7.046303401400813   2.2217396751936853   5.878741313540082
0.7226758774582148   2.1056244080415643   1.2744140754470097
4.8373579025114175   12.570610860185974   4.248307092142453
0.6409238612434903   4.421893058992999   4.493552132004919
9.731778557589262   1.5327962152017929   2.9074862203917773
7.506593833219705   8.578438337057879   4.592641274529309
0.18687995434676127   0.5053902278467124   0.6942479911298852
2.227453037458686   13.129732328455445   3.6924121782722286
12.861988033897472   11.431563737378362   1.6134695165423043
6.56777004664922   7.475998013959   2.6907473602919496
13.184582924723285   8.174473374819257   1.8438914595199258
3.82438661968664   5.993877053992525   1.4463716947475418
0.7007868191494988   10.852741748453486   3.6997640190564116
2.474848571937099   6.103187201650757   2.673808808201211
11.725652692734883   14.354011311804827   4.952192005349325
2.817946200873146   10.786384060363325   5.896251607304736
0.9440489534927794   12.682277375901638   5.706944762799046
4.91492414647913   9.647230420210004   5.388320953461374
12.492523823675976   8.979620990923294   2.107551817833323
3.6535085997162056   11.5139051723459   4.1756225636134205
5.525442117227264   10.729681462064535   4.117157358803083
9.11436855162895   12.148718027300724   4.155185481849046
3.882859205548595   7.868502714128169   0.6700288803186066
3.9682879381926233   9.149652808856166   0.7804722046703636
1.2411772586391465   0.9081298924702914   6.208516143001188
10.621827687722035   9.53324501675166   1.6120691284171562
9.862779057326073   2.9292107647396675   0.6770741423822548
1.088871460037633   6.416331578738007   3.0377309119628553
4.1048733231042185   4.306555681233532   2.8285968968893056
11.16168376423874   11.293874577502036   4.580670016157896
5.564598024315364   2.746280597323401   3.794879857868437
8.22645064187622   2.552042655863282   1.3718232481558212
11.988689792358368   13.052031623218527   4.853078671951246
11.199406954561896   4.40710225701504   5.139250937738964
13.092259393253721   10.23584088819158   1.3226566580871344
8.79144561274784   13.382429930183307   3.738206052273781
