1.64682549634192   13.665908344504052   1.0524976841750937
0.30464684043013324   6.1701052588265854   3.705546732986073
12.48294484845927   11.730509942967814   4.590595190020656
4.0215081647683375   9.45366463871422   2.907083714342305
3.8540300737012925   4.842113640663103   4.031639745006697
12.480271291383762   7.391393766454899   5.706557698484719
11.042295550615437   4.044608099646396   6.126029235552377
11.398159130317211   5.563463459411397   1.0663469680791027
13.936301168949308   5.354685009450933   0.6171816327251513
9.752699170040486   11.864025536973356   5.971385725912576
2.4495354087274293   10.129337702467907   5.213085422582779
2.973050708630746   12.836708562580629   3.119123715647589
11.615894301616832   10.680664765726021   3.4343799540948607
3.3814366811427448   10.938243079552356   3.892104150658338
9.079682833122039   4.937631332469374   2.8561569581280115
3.1886539174932156   3.753703281230441   4.9954575247562865
1.4354524627865588   4.556859111347743   0.3680900978828632
5.853460644954637   4.43474568951741   5.224264445115193
12.767655816225352   2.3687916507249365   0.39888158701167653
7.775049798616898   4.057588987927769   4.69019017341762
0.2528634071534683   7.433184472728843   4.846925381443713
3.6871842804529904   2.2610008109115505   0.9390127070693258
9.821598572054969   6.452882974964146   3.344152038498347
13.91613514513981   0.8315409340790717   4.9239216743560865
1.871139877583842   12.33183480299974   5.294787380662509
6.55519192658009   8.87590764196126   0.8250177722133754
13.96665199854907   8.785215851037815   1.2168784252373217
8.607040804354828   1.5929376180950134   5.116588235728527
2.3291984271746773   2.5802717845941796   3.6237382798316107
13.371684048910913   14.26280610447349   1.8661667280869003
3.8585592888099747   11.910244836059453   2.4155608547527314
12.602555484553118   1.005135727596384   1.659726200367677
11.854752323461936   1.9504529271153006   1.8728496146524007
11.378035135076477   8.966573094187119   4.255843186244156
11.261385847737772   0.6083389944946667   4.011563750482517
5.24570900373377   6.570940196146021   5.2657707026365514
8.95475834553688   0.23611404084981763   1.7806233987427418
1.2857962359036619   3.0986338103328515   3.931102990499298
0.14482394230447682   9.69014348300719   3.839287075937494
13.880935035621611   11.349140314098383   0.21851215385394046
0.32485670968134117   1.7432280803916824   1.3941853243344644
2.8095233405490183   8.152790116455298   3.557915164604859
10.608381747507892   14.078158996585989   5.806702842862155
6.274591168216224   11.989521751605198   1.053707525185609
11.453841950143232   7.560680391352551   0.3019973400936251
9.576806422156288   2.6578049999150766   3.9254279877666027
13.039791445435744   3.9880006254871776   5.815660091715408
4.996846935123558   1.4914282865349535   3.5115648394392056
1.3272244697739368   8.869133453594964   3.6609912509943743
6.881203535160956   13.690075288530313   5.156291470279475
4.742116426666264   8.296379509312997   1.8048843103511314
2.3160271921015703   5.291989446202241   3.2767055337963575
1.5993369695993755   0.7239334013637287   5.502789483397131
7.1634484901149325   7.338370474050521   0.08996918535552201
5.729350628344838   13.18568802726037   4.827447161755544
6.4026125188763805   1.4884397938148637   1.072462461427371
3.9852944455826336   7.1884590101773185   0.27447229018074387
10.274866150221678   9.933111768669177   1.4991191147636926
5.785894272917024   9.887985271165432   1.6138609013201748
8.47266705666445   5.95101090128354   1.114026692777089
1.5955979721863072   11.269400957401295   2.4888952261732236
10.764757216036884   12.589289315396933   0.3209586190559969
13.222384216431333   10.332650862487334   1.6624010480003486
9.28688248711481   9.449157498080131   1.0882566845326265
