10.730321217480606   13.203892688635143   2.5036971983391223
5.965503748252146   7.4139349812702875   2.599969868123321
12.086156201922446   1.6988391451004636   5.232464212103709
6.020519649168919   10.635888994281181   2.690310197249466
2.089228343298148   5.344680338198045   6.04301676407039
8.46381252205384   8.27614672855973   3.9074808290651792
8.560316596677005   1.9253702940477813   6.205318008202408
10.5355182949277   3.9311724597595554   3.8865567471100575
13.340041154070748   3.9969303463101107   0.15295443826857186
6.004832384007591   14.306429706099951   6.267092415135658
1.3891917681579597   11.183424438855239   4.640163745464582
2.734118504748045   10.868410556562866   5.355662085051645
10.772071771043525   10.494571253788676   1.8524443499603276
14.295860524007752   12.136788715908848   5.258124061355898
7.482798332604546   0.36898137796001396   2.0397633986598263
3.125953901272892   2.3574536222458042   2.3321680905120505
12.698322232481386   2.931760363052147   1.5064569618144796
3.9593081116118283   0.40770625046885733   6.110198969136816
12.710376031608602   12.5769579623445   1.03392852034382
9.370453435514667   5.21386793049207   0.6773512801696246
2.7887009731671815   9.249543696563594   0.7856985492705435
14.179593528649711   5.298377066771148   0.08086254012609141
7.3239891713216405   9.114080504516796   1.79017303853256
0.4887919080312561   3.8901696580481473   5.606631011308592
0.395875662148211   10.266456082266973   5.753013411319692
7.964497713338964   6.91653397771349   0.16400143747835152
12.737751868841903   5.9707754979854775   0.4893892042496155
9.282776026088241   0.16177945099513674   5.859939062217821
4.008292746593382   3.4932013254572882   2.3997533579839896
6.545523636465154   2.7517189762683807   0.4347511026790252
2.7513804244012876   12.710244017043847   4.207708161501321
11.040970580398675   0.841591987096229   2.5538198408355353
14.083314923388661   0.16947822371791155   0.4168802162260127
9.565527045344401   8.77671697082621   4.222167683032469
5.529608319444366   1.6325144262065883   2.945445028419652
10.578749403815609   5.127761389985915   5.323076867688574
10.091635620913227   2.3643563027209757   2.524737030474054
13.874559073906633   2.4744893967633352   3.881878997398915
13.334527914309882   8.16785624030427   3.701097725209822
9.547745018198212   6.26630680525807   1.4309051042578482
3.8564930162928874   8.183816832153424   0.5832290917791193
0.011978221642900522   7.389238890165259   4.723414831511838
8.264740061190269   9.937568046108169   4.415193342108501
8.091104352576638   12.737612532386411   5.7585097928712745
11.79389931404221   9.483015072466591   1.190426674202697
6.438062350084721   5.078994201461042   3.670582274559753
12.100680101682677   6.825122497552482   4.39914222304302
3.216095432751343   4.8875642535280726   4.805914785274828
3.2784368950374185   6.381141065479382   6.078142269615554
7.117342847010261   10.93110943026564   0.15491446256067037
7.129733604280647   4.129402373587002   0.9332728425396101
1.4212575600607402   7.5952619190224215   3.9109131418352767
1.2970629262862943   2.5894599711439534   5.8311156993474915
8.29657340948018   5.453667878370904   5.832379565397448
3.346680724600092   13.576348865904853   3.615158449873062
6.485117551444572   13.233862668425154   4.524471575089239
5.134734436891842   6.443988575929465   4.3859468387244345
13.447768647663027   11.30500271160479   2.7270474433430714
4.437947845990028   10.435719531388806   0.40755614604455503
8.293911606503421   3.544065998118637   4.958076511594818
1.8326578160225704   13.807371540637222   1.9756382385835727
11.091028916147033   11.828645427767523   0.8598876762232722
12.203608744038052   8.152725921679526   3.4103349354913557
7.43816841177291   7.886869639684394   6.202307189384721
