11.949032960133248   12.485930575033477   3.3165430072887108
8.314423850926334   9.251726136757709   2.8654987325425014
13.68852219174933   4.053240766923755   5.60301906981284
5.403027350353167   8.730899943579931   2.4192103271499543
4.385594836411181   7.571688505323758   5.73622502824896
6.100445712706057   4.822053271497405   4.129687647750486
7.13060160655628   11.850723057419863   0.5422078689284393
9.626670488136583   3.942225484918514   4.579088117966632
10.741788339112638   4.6008133451596365   4.595112660323872
7.556044501149024   14.403889031226052   1.0028145682540277
2.284702485986073   12.140150224147575   5.488915002525069
2.3665498900207362   10.759716400267253   5.517982554473925
7.949351278448487   10.268053682469958   2.693763497789227
10.097465151748832   13.098653420537474   0.9404581873533724
8.982866237872361   0.6511700351329526   1.1813625126874028
1.8806758285324627   4.194948667199212   2.38661593392057
11.173419593155138   3.516685356322676   1.2253604711744575
5.980786429906722   0.3584589496695435   5.272348606679208
12.8038369717983   11.4388447776044   0.06152045357477781
8.663679616463622   6.815407133694418   1.3646229795070945
4.877293492068289   6.634146714793207   0.33472940547430424
14.305910946264227   7.996519453501624   5.2263083280928715
6.7953098170108435   9.478561396764205   2.2838890611127223
2.3500782804431704   5.521564409466698   4.0928529306734225
0.25426501013006486   9.644238485549398   6.057137625703324
12.463016822372184   4.432259923309722   0.8461369222076042
10.722916796071729   7.717597340417019   1.3957605362880814
6.590074018678196   13.583759687585458   0.3889946462178109
2.150889669999793   13.227669367843902   3.099008642757851
3.3123461226415647   5.982860127861416   5.925830876421692
1.1261837548506204   8.074908405106795   4.832997988645011
11.993111277897848   0.25606073149026815   2.9438423130598803
2.2970197273089608   1.419065764725711   5.792498202301831
9.821156121552667   8.663083887923516   2.9614274700047742
8.710106556461973   2.723037097477821   1.4845387684404334
14.006461970997618   11.815841894958952   1.3433574516512938
13.350022163197274   1.2900649108934321   2.3501779800951175
0.9039655264185689   0.7196031356708753   5.239011947487575
0.16316810574143592   5.4056904363161005   5.6198405716959785
10.208213931587638   5.698180149657723   0.7086821259763723
6.949274267819879   8.208367356171134   0.35491301218710014
0.1161403639521909   10.901133157014387   3.6370155481228235
9.985626175833133   9.98862858557409   5.1299621483390565
4.847435754425373   11.035302225215137   5.09905827952704
0.4727833042557666   6.797143063986662   0.7421084763370532
4.004007612807715   4.037024100271012   5.682797379131618
13.585066251904449   6.7315250192326195   5.115246756023421
2.4574748955316674   0.2529632873858225   3.171587281366362
1.626437956239416   6.3773955844336605   0.14263089807043966
3.4544954955350597   10.505494100255815   0.489736680841971
10.354421473096622   1.234799411817774   2.701062118815426
3.211105950043026   7.9585393109822995   0.04152818760505017
13.017695365114871   13.404749487305878   6.1929257103687725
7.240058120619265   5.57144050553324   5.625324534217326
4.026281582243471   12.450515759362561   2.0928312373286837
8.933725170020566   13.641714328771839   5.604386099714083
5.109586129710644   4.50710563742785   5.048105003337071
11.656313741156717   8.346024662965236   3.0594271016525902
6.080650184576949   6.896271809709264   1.151962861487383
11.396400583956462   13.760463424421154   5.3454264406882945
4.548139954817982   1.8545531193232971   3.887854965245601
10.723603372711809   11.222611724953335   0.7737635140791599
12.740319541307368   8.619960039559265   0.9800128880642367
7.389664348476506   7.05096467674892   0.019118216690191966
