11.230210021116603   12.984612401113749   2.891898476054534
6.13759816903137   7.891621541334775   2.5290571532058848
12.219981927819436   1.9242371813504704   5.266569466495507
5.341199631958057   10.264044303174783   3.6512578847610704
2.0630497622790496   5.262002854889905   5.919359809187029
8.787263484292106   7.807031863636428   4.083355417808466
8.978218171481847   1.8701540440358284   0.051407694433950574
10.247239012367853   4.267195559899778   4.142339560501558
13.10890011999197   4.6988401878449   0.09254607860980789
6.230244704412714   13.7886422671344   5.338456311520563
0.9731592365843411   11.819730923626844   4.415417768398888
3.399741827302772   12.090145384226453   5.568101288446686
11.680479760255139   10.393658970127975   1.8768298297455783
13.545880599398018   14.076493945706423   5.327397118610584
8.30723144469315   0.6769933158209763   1.319210257457673
2.806453662193498   2.221217200852513   1.6077814053577848
12.727383578255802   3.160110428910018   2.0318301526067595
5.069786393169363   0.8310754503435871   6.25536937383654
12.263160332872866   13.992721233270224   0.4906022891124539
9.389724628212186   4.961276848412037   0.5757806707297146
1.3255850694064928   9.982168684819765   0.3371186181646213
0.00882535791478034   6.024546203407253   0.128394516914204
6.601320544333204   9.543976587403277   2.0592832418755997
0.6673617392039974   3.857815060460525   5.954707511352771
0.06134209082269987   11.075421233073351   6.078425922833581
7.733983386174909   6.386181561822051   6.232054069928057
13.345615629080426   6.029283233189057   0.9412987036390477
10.087008175008865   13.17977699717047   6.0876508535162595
4.278606479318124   4.755666593892339   2.2273771212551314
5.863761806648064   3.71858004664566   0.30377906800430055
1.9489281700677987   12.667025813449209   4.312734356499011
10.77023011647624   14.142319709710762   2.867785974812744
13.55666533888223   1.5438314096498535   0.5543177845213122
8.988088250572078   8.991809203762237   4.591404217559479
5.608837843482183   2.5984113272331446   3.1324915047699315
11.556248021877257   3.538246408100209   5.787900608806184
11.201378583625122   1.467192197433548   3.020420395022175
13.985768411737835   3.1217560077125532   4.806017782606143
13.641058600903452   7.904442876794363   4.221790140847087
10.232382633966074   7.151209501536914   1.538475375136989
3.7428511080459264   8.627946133294676   0.060528578373856654
13.83518652429825   9.435098031358404   4.725076969437772
8.03656253117229   10.190466110235667   4.8673688299472655
7.821579563042415   11.69582480183964   5.719562956065119
12.531639676451924   9.463564098520852   1.0962468150061466
6.17826618676274   5.764164514656844   4.0467997415815775
11.629927409168792   6.947693000230891   4.3732129056662865
3.0872164045835286   4.794015466546635   4.854897255600907
4.141291380335238   5.862522589316475   6.233482633655748
5.791549212026889   12.468123627234199   6.069486502058378
7.0549240780404485   4.455781653038383   0.9982430990953051
1.6662243903247895   7.697121289518786   4.378667415055336
0.7392955895750817   1.479834107323237   5.6571817072362895
8.333639138581004   5.427902379666483   5.5473964599423615
2.519122154138806   13.59712590836719   4.336363161715089
7.887945256074534   13.832131803881392   4.2317119379659145
5.24186635777278   7.299618237103672   4.705013237375586
13.381735193390043   10.957575385664036   2.9868069189202853
3.7894909199270765   9.879913961208405   0.8014048285922385
8.04954834862649   3.57634878835203   4.6673062898451745
1.4272330459238987   14.083188667866972   1.9772892741589752
11.536575343238974   11.839235300379025   0.8145754566269365
11.24694557078081   8.055076639098173   3.487415526556041
6.847644600371276   7.012507856848535   6.264182436248084
