10.857960279277211   12.92721937929675   0.6422252720626557
3.9617796374414302   8.10528139495657   3.25680870222947
13.314123732171726   14.247118666387752   4.352351959026842
5.127459067376828   9.901589341856685   2.4313937522859344
1.3562235332316857   3.509886643647087   5.17991774446854
9.843579328237379   6.056610719838765   0.3165828033121959
8.234912453558783   2.5732489612524447   5.672677423063427
10.954084846659145   4.265786836630147   3.1435127046731464
11.875254934090252   5.71098036354098   1.2508965626167896
8.34988044058877   14.168815622849053   4.842916917067052
3.306264453932146   9.070210361474862   5.4121575223451295
3.5381227719812713   10.167496311601742   4.7082293144466005
10.579871519267998   9.139245610884323   3.003247438591527
2.5211576448811166   10.810198243879217   5.22298155630876
6.487580060871794   3.3198452598345214   2.7303709257326565
5.560378313533533   1.2645209093169358   4.355726060510786
13.829411963061933   3.4070238244685296   1.3288707665337562
3.9213840411681034   3.3643903961837136   6.053928446380679
11.881289124592358   13.535617149741134   6.037195722536477
9.435315590750367   2.2957210232677516   0.7508950454346591
13.827490557611968   8.354954033875101   3.771818827610872
0.5398420595308335   4.315951280054069   0.15992138237546777
8.647103578052855   9.280195157262517   2.4761203898347954
0.25598311463337875   2.2850060732080495   3.3613662247737004
1.3333895352417549   11.604335388428975   6.0098434686873485
6.471588744677564   9.044171080087706   1.0910271286168838
12.967387608172677   7.644231724617233   0.8416720101840311
9.436133580550475   1.1533863380002298   5.132284951436206
2.3809664415125797   2.685097526651828   3.2922817898076517
2.6260397489371727   12.510034237708563   2.46237842129042
4.896876978971054   11.040528554885206   3.2909860399360045
10.229887358992542   0.4429825581247816   1.493987340041207
12.081272865378066   3.38298124792498   1.7804191148465207
7.174612970739572   10.336558342577964   6.086908307667665
6.946217166872311   0.8017958915703509   3.4675234870737546
7.653081226996997   4.9305406370339835   4.723638340919715
10.44764295961281   1.9753629526567504   2.249398439191155
1.3311746887389688   1.0745201695341595   2.888600968344792
1.5944092513100596   9.807199065370499   4.54826413385141
11.816436894478809   9.328781286265759   2.172234681841509
4.03007806158311   5.354742560589088   1.9332659812914765
14.187728846693782   5.495193455074902   3.7512790176749577
9.764784041140663   13.529201380433516   5.305375553120896
9.108397287471028   10.480307722869693   0.3064141789442008
11.616328462889811   7.2891625197358145   1.2718139727562017
6.139914618300375   4.577267113946833   4.280734330643918
12.737326409154175   4.296302853069137   5.075141634367544
4.036514203245848   1.7136860320713896   4.778723961251375
2.2122250439865776   8.18975715794155   5.7176072976159595
8.13224447143373   10.943411216305774   6.191729265945139
4.873305330368419   7.03441022137214   6.186462594866631
0.923486192736757   7.63738779677435   2.9486995375793366
2.5616706515858207   0.980964180002324   5.402542419118212
9.164369397361483   4.6484873689147586   5.1259637964328455
4.124200810388487   12.32142059637311   3.0210603630307817
5.20186661344281   13.77350241628391   3.9849890445273797
6.493948708525899   5.896514796042055   5.290033167702418
11.43012593229182   8.340910196763346   2.0079129316633857
6.748538866855093   11.567481030161984   5.397076571578728
7.528365773426025   3.7845046131749642   5.888710690946136
1.2938601753986503   13.129685736639688   2.4976665474029147
9.813849336470907   11.425872823228639   0.5534644080592201
13.461447817888105   9.882740894396402   2.090054854228215
9.770688834088617   7.562517015722423   6.169390382414214
