9.341608526498076   4.489670256348873   1.8095454632606969
6.812500551286948   7.222529153857672   2.409635120754148
13.477434984984217   7.069799296140964   2.4942850504372047
4.828768433766684   10.098785114471678   2.0068707095966185
6.339734458708333   3.306296860117799   4.8342912184548235
9.505648517282724   12.253279174108272   5.176224668192314
11.14315338288757   2.1271008598627197   3.0948867096083563
0.3330265058766107   8.421143757729746   0.9432881604835393
0.9029510196660877   6.834108162207136   1.441265626660146
13.308185936445751   1.94558878483678   3.5577179738180664
2.360129089114108   10.678096598291463   5.776350588618011
1.2910534496607133   13.432463261104655   0.5826717491156929
6.644660898416427   1.2750864599584204   2.956452814314795
7.1773237735992526   11.352826475544209   3.2789536727882727
9.930940611992117   5.576110176240341   2.839374410296993
5.376740210110629   4.13545736491737   4.266335586143792
0.9489936647767246   4.005334627941857   4.373880574807556
9.321537627261979   3.1836741812228673   5.048111599941093
14.34039674428014   3.5294202751452177   5.316160962435827
0.041474992195756566   13.547657755493958   6.15673295377946
11.519667007444664   6.69481975000022   5.5731280858453065
2.094512697594711   3.9249972788393834   3.859557504468123
11.69651022035513   3.3652149626224954   0.8847095727321048
4.571640499888765   1.4287248343477308   4.44563028928043
2.5549315821603815   13.251805737616925   4.318350593020827
8.78595844423496   8.831737348738697   5.633658265656467
8.327699779409555   11.795846615390095   4.647552857133865
7.301480521724542   13.726217635652704   4.948612875322189
5.607816238901809   0.9389246363797314   4.370954526792413
0.7183377291155437   0.5335577518566353   2.462410527456516
5.794547559111019   14.156586629771184   4.062182898268638
13.786757722200049   5.783982454231726   4.692872201793089
9.362494924825254   0.2096182354275582   2.8952410573190654
6.779559633623635   9.381990358120271   3.9387592848969257
13.068747768767322   0.34265310339437555   0.6595635073748081
3.882473265352021   12.778671367261317   2.982186117809951
11.406271388758736   12.245625051984065   1.679730952332342
8.193604357447182   6.856026007817107   1.8539657592290608
0.060143159541823366   9.476790946950333   2.6148612150098587
5.366573512173976   6.366376914647736   1.9609421634962398
1.0037798408176062   10.45529399764208   3.3914377759458043
1.840877367534289   6.05353027503483   2.274993323434192
11.481658432129038   0.011983223516381147   5.352815085678792
2.8688330670413063   11.9166727430068   0.3728171316454247
0.6174842212503353   12.240955476539508   5.895284706435281
5.746985087397372   11.815046135527588   5.061473585229486
12.0813183313734   9.582694882431397   2.115106017273283
4.645766810311853   11.989778081932592   4.886418068573941
5.932207185685916   10.709796301894448   5.1049100291037215
8.347156814776891   13.651458776869259   5.417626415213504
2.612303442342586   7.927376313030887   0.6957475129145871
1.901894987866011   9.548856729455208   1.306990296866927
4.383881054291501   2.954601350751665   6.011631981585811
9.54896674200369   10.53190452808792   1.5846216232960786
8.62533816444419   2.1185455079431104   0.19014002388510262
0.7185763620798054   5.1986286821078   2.517972819679677
4.060864086305449   4.529836477432338   2.462360532541386
10.885721065259782   10.835470045178218   3.6659410316275665
6.236149394473624   5.245901998467421   3.2934490055561936
7.413610880578647   3.222318189964647   1.5187117517277084
13.08242405074304   12.338986894698316   5.096115750740118
10.947274235013845   4.580373205446744   5.878419408582021
13.497330841095662   10.79616669663159   0.7452780451550673
10.43907279698021   12.852675919866304   2.358980413382855
