12.07823467353796   11.909563306204165   0.3289578583575811
3.5321805722118276   6.071787546130008   3.2274476306527777
14.411527746452588   14.005214104544125   4.12217136856364
4.354867037271361   9.59685600815962   2.4475671863254775
2.339700487002699   4.774941161933716   5.0547724017321745
11.2363728528086   6.069301063755259   0.3109948658531066
9.066754470582325   3.243003362903444   5.453594389298755
9.681650061944111   5.650798678135547   1.486320390349751
13.405949781960427   4.523879079649134   1.2489979390376278
8.27886886670852   12.69414056115416   4.833232798862989
2.8817629938075155   8.731464039092764   5.794656910837673
3.8817638574997058   11.62547159069944   4.524126434676526
9.005705682987251   9.091366077275799   3.464737523846862
2.8184067333703067   10.24852078796204   5.127587742732005
5.6864748222230155   2.766950563681063   3.282036943239047
4.83449177040311   1.72191644771437   4.849919573230061
0.05271725269558425   4.2261727021380295   1.7286219492264114
4.58004735701106   3.70700057239807   5.381373425988013
10.928595950926269   1.8716123711699295   6.057543424279177
10.281679717188059   0.6804630185031773   0.040796113992048966
14.216071320284103   7.089511615007962   3.638722716347176
0.8211082118922578   5.210343316009531   6.259056899616255
10.709234339527946   7.194354360121378   2.828117263752003
0.5730071093919066   2.004722633312932   3.6309477537988784
13.78100652547089   11.221559922579708   5.789764684138094
6.972315779609376   9.863022744706024   0.49058373723910637
13.389143765297513   8.232552176286474   1.2202525958324573
8.119591139986117   13.769330021731644   5.265327649815786
1.1183220531032783   3.8372654394040344   3.287135017312178
2.24206998513781   11.179015387530473   2.3445045705564937
5.28071864745828   10.806240154563966   3.0350198262782118
11.972260963205379   3.0988084130303495   1.5899962832005075
12.497937550542359   1.9714289537681446   2.688073203540603
9.504816298661394   7.63107646688727   0.010265991734118352
8.153557053346477   0.7810163994043977   3.503190274617017
6.149652367020651   5.432166940886807   4.738681416038676
10.55053787517005   3.493015071889078   2.1789970589329832
2.2157611547148846   1.6458616108169652   3.8305359218635506
0.5930590896350616   10.805292033950991   4.384651565473123
12.162070098108014   10.673940607892122   1.350290271251806
3.4614940732906088   2.6155623661390326   2.430075930154931
1.7175525754993732   7.157970122122969   3.1264840687037774
12.290260597743845   12.979954974752863   5.4194836493792495
9.180188974135183   10.72077317192591   0.030353585643223657
12.513741728330897   6.585264174981102   0.3957366785391436
5.601861377911116   4.559229844995951   4.411395069430762
12.151493919461913   4.515764975570568   5.4924936655842895
3.712665043311491   0.5174260856769147   4.46519550986057
0.9307261953601625   8.52170742880694   4.753142936123363
6.552400765872578   11.860318207748906   5.491294663894213
5.997751146368935   7.223294135426122   6.186511039415564
0.166591344791519   6.119981620526471   3.650113798983372
4.087232911159342   13.968522225547161   5.103177495628912
6.968499842234706   6.560532467107487   5.213037027641738
5.07362201420071   12.492524799999428   3.790611479762765
6.416188272027147   0.8888315628281462   3.174822067764358
3.9313630413068084   4.544149884722205   5.623020398067886
10.765945840355856   9.402668179477178   1.8639034058891997
7.935974542195783   11.26345329323551   0.3030875994277284
7.496908838557381   3.6360729189623027   0.08429228321041737
2.370431252281671   13.515459599040943   2.8115982726863584
9.645779021164147   11.867575787875879   6.251787067981718
13.501434543150083   9.54817704950451   2.040969656348331
8.049142986582009   6.904212358582538   5.834078172957133
