10.068127148970566   13.076498565466686   3.7455875447811984
4.828607338952093   11.7917657612927   4.556130175985587
12.746019041145992   1.4995439850766408   3.9199008291317137
8.27423506988444   9.715262366737125   4.40270157681786
2.8775950363460736   8.411040279782709   1.0298758851999854
3.3072674897396777   4.13150391690832   2.903022954381553
11.908386755340873   11.483582995865559   0.22156594815993746
9.83101626565508   10.083997452898828   3.9432882876271083
0.4705930912503747   6.65201905022316   4.675680412651497
5.388405538094106   14.17433232013635   6.092417219078491
3.2741069533910485   10.826213319993062   0.9887850527434408
7.584434430360588   6.749576714119751   5.266318793615169
7.2804526241192145   8.891838426960994   5.4850393709260805
12.164157493966373   13.067244040396197   1.609136355332497
3.782534037578212   11.916157142970999   1.5949467751449435
1.149241693990347   12.993438566317002   4.6717047037650605
11.23735605948823   14.253620980889954   0.8546945042907497
5.479992886051596   1.7079581589922146   3.303263268188612
5.933294270975754   12.43874017912722   3.8158677365032165
6.5065835154207114   0.9378128737871335   6.262137596235227
3.2201769385071213   6.72416987035572   5.517282617152368
10.707856730294859   10.767286042048184   5.8219073711375415
4.491748544292107   10.282815914360082   2.9492811889058874
0.9567143579217137   5.094108593818154   2.8527816120307787
4.384296063986368   9.063369744045627   3.948467561920818
8.038997738605863   4.704331940719785   1.019288275222074
10.83459047006923   6.8331707760527705   0.6368656046464678
7.763369550374152   12.229666747919705   6.12606880997817
8.717451199177296   13.082404785646132   1.8830519383984856
4.951594909722025   5.317092822453721   5.780735580505269
13.922209417271091   5.9776081420382345   4.227309138452285
2.118028033382749   1.3561132694938491   2.7211803117274824
1.8117876220945104   6.34276609874737   4.723545417415585
12.222230000353246   9.922356747161055   2.5314321968040123
8.525205270526845   3.096844435062055   4.508514588839369
13.951023411106299   0.017941093951974962   0.21067214443320736
7.110807894716581   14.384970953245887   3.579201216000107
12.284409822956661   14.352305859969256   0.14719400808320757
12.816656449319233   6.335378236875765   5.86913624219684
9.743848880838922   5.3093696209170345   6.034489671045958
6.605316453172246   7.277283107924082   4.286820875704609
1.2590115662925303   10.523162205132218   3.958099809138518
9.69832131138796   8.980194919984237   3.9246373333521585
3.398551546179095   2.06602339838062   5.4813318338559744
1.3750766318180458   11.760050536891097   1.754514338425022
12.30820225769223   7.4846301053648645   5.608340469419122
1.2562128446668077   2.8603447102445387   2.936940937697889
4.101058035645894   0.48671617565619596   5.991989117912992
13.08983107017533   2.7575290283189475   6.213679794512292
5.640662079250764   9.5285684747732   4.359224208783687
9.004817836634148   11.718940688388152   2.55117903204164
13.2321396422375   12.589491188964546   5.976198695273932
13.43965427836504   11.230803043030575   6.086723770910477
6.454203585481452   3.5290628295408375   5.878570931770531
1.767456301125017   7.380445631282459   1.3857822496065846
9.294275122907218   14.320964206989375   6.122917360327769
2.4555350895649326   3.548338417860292   3.7976873704268366
2.890429673266064   5.137991483988234   2.311379709368396
9.128300793145959   7.472402350611734   5.23026618933218
0.8651658191472389   1.820146927324533   5.721529821082223
6.773502375603035   2.2843160334366566   0.4306434655713377
10.710651322371396   12.145422751449734   5.705473168275888
13.295989451169987   10.19696638950719   4.986600682497764
11.096144451473833   5.674613843773776   3.441700561037517
