1.6093927006865423   8.464347619132207   0.5842432386114409
4.933194217044835   9.833897810004904   5.561463625883309
9.866064971863462   0.4082232140180174   0.839307682963198
1.2453350590245043   0.7410493815952289   5.547910450433258
4.26895640891898   3.506343430588031   5.341210222257876
2.3953867623862086   9.462696370455337   5.594967573386173
7.529613133147221   9.219995926388334   0.3897434496361639
5.5581954964229165   6.865812449389347   1.4423148137765829
4.71527697412595   6.115285024595093   1.9728175248750313
3.0822732998164435   8.230118256628941   4.122155961855914
8.863307782026354   8.11203266783988   2.7359665143408978
8.336371150706997   6.154707942441698   3.660496405951116
0.6811260242082274   7.294668792986646   4.377695639521699
2.4548984797330675   4.299160946000271   2.9331775284930393
3.3761688928173594   4.43106787807007   3.339820129604753
6.4824985817933225   8.476027426625473   5.32657256713205
3.8474487523203686   0.32457935053759135   1.4689715514701362
2.073317813498549   1.4612823782425535   3.7887127754637473
3.805295705025711   7.745218567638646   3.5781648504220827
8.995293938854607   5.716390716266217   3.4050680769476562
0.611757744762095   3.8289317549138047   0.7362526813876545
6.318952271111048   2.1358926346257006   3.186151587839357
3.4853613480180288   9.121025561881028   0.858958967278619
4.93758967192384   3.871469128243154   0.9467570468558988
3.5274462264569126   2.931698967704568   5.729487989482157
2.030276997281409   5.283477841786066   1.978459040407883
2.8947826628797784   1.328973603675632   1.410690054060328
8.030211056074407   1.287390534036359   1.9587820754116911
8.331503865099071   0.6403102995062881   5.443383113903287
2.6591460889601417   0.16040655429208833   1.4925948341449895
9.491021997206053   3.8705916360211616   2.1555873321193153
6.759415703840115   4.517341211330946   6.206528046052529
7.975873471361465   8.31207955100264   3.3207501298703868
0.1310262958649413   1.6041347547466622   5.350744350980995
7.829277796988471   3.5370291871021586   1.7602091922803418
3.2747401662887814   6.755634621562573   2.99935304116526
9.29996174116625   9.532858310609875   6.219959829957984
2.3677547052228074   2.0226329512209253   4.587731501001601
9.460456498379598   4.812733439876993   6.005011009138439
4.8475989869410085   8.389813763913255   3.500553000733831
0.7352220642921397   9.741372821231716   4.805179771775098
1.2774271357885523   3.9342807998250566   3.5188757303482396
9.590844974541257   7.89131557202038   1.4510182622127454
7.281393577116235   5.823077527330529   3.264598554426584
0.27307796194196854   5.3977663628594525   4.958050396910257
5.486649312324461   4.6352240026516505   6.002949989753957
1.571097325382868   2.6406893797944067   5.128126737136574
5.134307988315459   5.428638818726923   4.834228549063703
3.8401290118635107   1.687067646858321   4.52423855132751
6.904276814485067   7.345549589921017   2.1671129561473195
4.635736961924619   7.023179065892816   3.9317241907474507
6.946064341666382   3.0811131167793926   4.6004015182875
0.0898151143659689   8.75391155409684   2.427900691231941
1.1881539823173806   6.426743575962885   3.0144908903285446
5.004647199776862   2.2047616958084726   4.329437524948952
4.423660585230444   4.6657657103425745   4.649420797092495
1.0469049146063591   1.8411479121975909   5.614861651782738
5.33983968879234   8.741208063325674   4.267522662059893
7.691546715643225   2.1696662424547135   5.538140445789919
8.70811545185823   2.06744635076181   4.112039490349691
2.594203181701115   3.4387404091023863   4.124248557109197
7.894544460035565   7.057557401506536   0.8339930112432661
6.103454453004027   0.4762845539187389   1.536628404003291
2.0661717407033118   6.647535065059233   0.8598926867661639
