1.0325536252637928   7.78488757705146   1.2717631953892705
6.512592890825005   8.816564066419815   5.578072512117125
8.576766722933565   1.0155767732408754   0.16200802163217523
2.976247939256726   9.76259781124566   0.44113548877137
3.7730473943630805   2.1139910023825226   6.014384095653681
2.909914229394677   0.9485904653538672   0.032385941447900635
8.342096650152392   0.18268143642262735   1.5082317661967604
7.544707398067002   4.510850861836084   1.9552102559992532
3.7943934330694162   5.289829898544635   2.714968826155713
1.3962724819426668   8.398079847476954   2.3177065508129338
9.392639626334589   8.783794538461152   2.2593461812981435
6.844619379421232   6.262730112270533   3.70971739051443
9.794163745417253   7.632477260904228   4.789983580827956
1.3200710486356027   5.137075675229953   1.7164979313416928
4.258704578311693   4.644086260402901   2.743121460397658
7.48572860262397   7.5223516939307675   4.8803724131946264
3.674285151501228   8.18769171420723   5.60599035265084
0.8204270574217842   1.7377807072166331   4.251117971708203
5.6975808683941365   6.98516610725406   3.2280864847195145
8.08571895942606   5.2396335851584475   4.3408874601490215
8.632084744473737   3.613758130948053   0.8731470154633391
5.072751675745124   0.3721877426005691   3.7641253859529997
4.021380367800425   1.1014454335326327   5.762610808275089
6.161633281635311   3.5687237034883528   1.1832275581992133
2.45935055122901   1.9367058675873314   6.258002562472001
2.721157601028886   5.683320784296575   2.0113235199058885
4.507896030922021   1.8605844135909   2.2789954339066356
8.026846933979652   1.923164682837808   1.1059140241537888
0.15795973101246635   0.5863690995619265   4.197614302188552
4.48131894832729   9.046600891307989   1.2033550067185383
6.479265032252532   4.318608948603152   1.7565322277736775
7.239799304791407   1.256286453135409   0.22950752082474704
7.410257569418582   9.310565764448084   2.6407504968979914
9.549200683254353   2.441053409182486   5.780291595995476
9.47928438165111   4.933700166443286   1.7145518866977725
5.362779959848313   7.6840075235366285   1.7286245458059677
9.102952584905692   9.473070014789903   5.262460642217564
1.4993724619431699   2.3588629952892197   5.077050125682835
9.69283214042627   3.5422386421881193   6.108397628611916
5.181748002959408   9.570848913535748   4.466416002493506
0.8324251135833135   9.2850638189068   5.443630619545782
0.8003628500104083   2.8751781986691642   4.56522425174331
0.7899653476315226   6.195270224155377   1.9114868591626222
8.130300149924837   6.229463350654492   1.4085256199431744
1.5657681530078986   7.209872067615405   4.800545198233201
5.879602315516952   6.065214579965543   5.114447911541092
9.790100836856677   1.6150466293707855   5.46677706608675
5.076130969134065   6.432159307432294   5.643514147029122
4.3496783426931795   3.8454825265856316   5.799999097990496
7.044238790207049   0.18969722597241429   2.2025726531686534
3.919017415160659   6.550419411474857   3.103611949187067
7.078412343849035   2.644163662295416   3.7220412687415294
9.25110206774094   0.5616574813610167   2.5525260882394765
0.39535954915646754   7.242836565542608   3.798055914780553
5.662615964729746   2.2802672075513106   4.492998915850439
5.343823081584047   5.313404501379764   4.013014954580287
1.3194934102238562   0.16263565413498743   5.480834126616682
6.535675424384657   7.525888090714735   0.10158811263425438
7.592044555975839   3.447372396291002   6.08361279345139
8.150364151406457   2.916523459579889   4.994564340848805
3.0059614323039465   3.280990285168972   3.850648152264549
8.265455632026125   7.844251557740742   0.9304530877935919
6.261420807349405   1.6009182507097865   5.919489114006663
2.9230061074233613   6.76871189144415   0.8778607619730409
