2.2924887980887854   8.779318216791017   0.92896179128927
8.105800888116553   0.3053504946343546   4.9919753658793855
7.7663806865822655   1.5339822268007453   6.261984928991538
3.8152152781292084   3.960745140153918   1.5828477589911756
3.7846326441626577   0.1633639822650424   1.2262627768400591
3.9261280614126792   8.575779508965452   0.4461766208234083
0.34918693064683504   9.853636840911822   1.2865878530163397
6.509492437765967   4.27289425703537   1.516824433425911
3.335457134236434   5.258093633460406   1.8302348122826606
1.5345704925371346   6.400546217206903   1.6911399154542865
7.536076516647859   6.5957141023545605   4.462432760919844
6.568393282039228   5.303629250465927   1.4494076463708778
0.8168497766641388   7.834469668467789   4.58026715432036
2.710271464827627   7.627419088261067   1.371328164928813
2.7792631967913612   5.963836079194055   0.8907744427253206
8.180335646487157   8.532314401792762   4.0438537872331075
1.7779122753295509   5.63099648067556   0.3226867310868823
0.4975194902408614   5.7270885287438436   5.442647559783552
5.851590401637919   8.829367310578453   2.751861284770222
7.434689975382157   5.650591541137141   4.316613536709043
8.321172584053077   6.468373356667425   6.114582388505201
4.999746958545069   8.123405378516301   3.5911822422669095
5.426430360997974   2.382667200230459   0.49702799332329883
1.7279876309253626   1.527186497153004   0.8220353515942911
3.2323662240804083   1.453068387173192   1.0914129839746827
4.337556094205597   4.714210315092161   0.13758912552336672
4.393483024161486   9.479869874854863   1.9694942809974896
9.702989735376345   2.006578907399022   0.589508386121173
4.2456669878738795   1.1625203543477132   5.303362337562727
5.207078043511103   0.020200237223079398   5.614427231769164
3.3312018893709276   3.073494224144665   0.09984077749612519
5.448068276955366   0.9200593248271607   1.8008005137208838
0.5210247952963095   8.918299054694533   1.923453703628207
8.05727427333553   5.177222563667928   1.041745984245502
8.346626937188532   2.7056458897261764   5.590316799593674
5.976838693295349   7.758104219525247   1.8432356791785758
0.6257891118484823   1.147014066129287   5.189254995161199
1.3522229077579568   2.938528452791624   4.75387395100155
9.844451842881504   3.991667910930473   5.888537073953604
4.823479194882103   6.89041103145733   5.825360833110121
7.496300391598298   8.105278445428027   5.031553344226429
2.9386424093410066   0.7196367505185367   4.93391990013147
9.71846270059235   5.056469651825211   0.9424113116544061
7.604811882157232   2.322792278881456   0.8868140063601017
3.570580703297596   9.122758416467764   3.5020715772396858
5.645791239209033   5.0968763826287775   4.555586118686315
0.7192229032296412   2.222142476323485   0.08847818925069587
3.7356489828240687   6.8035359320565325   1.0041624841274852
2.6227268255988156   3.9924010140201904   5.215228463956325
8.82789465431054   9.190149820613943   2.0903689785167288
8.988454269733555   5.642804546543059   5.5737699913446805
6.855708202142482   2.7530829359434232   3.5247311038473077
2.476616268969287   5.1311897679461   2.856783958398453
8.338977369339414   7.201853572269794   4.423485915625734
5.499988125228525   3.275669099545308   5.176157952626557
4.544356527726568   5.729393305224856   4.798690451407728
2.9522965642914754   9.912737773049924   5.557398599736622
5.569114084171596   6.85216132941291   5.703266479862325
7.162764752059389   0.9081576682717895   4.416348638666419
3.846114985271395   1.9716154579761576   3.5999234716631925
2.639293367730006   2.1353250803384554   3.4112131954623734
7.992932893053568   9.461832969084517   2.0435492867861607
8.882335179640904   1.1769059335078613   0.5786858506470995
1.8118847078657339   8.066142560276269   0.21159164070586237
