2.0662308313140034   7.253077572206811   0.68000535069212
4.18402787464062   0.09679096868830833   4.90048859532931
8.60141769492238   0.8680150976938006   0.7674423230164362
0.1100196990786273   1.1297642489365172   4.783659691537628
3.644087532184603   3.586189851357945   6.137926857113129
1.4765590604658132   8.982877049941298   5.82921125580798
8.410848036186968   9.941727930013167   0.07700197624733836
6.1026103965668295   6.271173072963946   1.5320443641400878
5.782925765999967   5.187895088308243   1.7965898791104906
2.273351000746481   8.673507919510197   3.4402469818667547
8.854495468739163   7.527184606525543   1.931379180053148
8.420351959654981   6.179796369234838   3.6395321205768636
9.941395214792255   6.810753573252666   3.9044881883701117
2.9481216691469667   4.975227834614018   2.434063639265332
4.338488356753608   4.984827281285331   2.857475163558141
7.36804235755236   8.976309632254955   4.465486698000603
2.7242134476385114   9.50664693252896   1.5101356878630383
1.7092641798298178   1.9536526847279738   3.365854885933807
4.114387102089919   7.103220930120441   3.260456916213543
8.94072606324163   4.436521004111776   3.7428707988882834
0.9915922344183867   3.729388124319002   1.4304326428732408
5.435223165275999   0.5142429072106538   4.54784037313976
4.6386648781082425   8.60074190038385   0.05040248669739711
5.242304265637927   3.0039157923212967   0.3355394482521452
4.197006496901544   2.2346134929044257   0.2500119113721301
2.0087201009394793   5.551220566661529   2.010969811691018
2.9567813698814596   0.2917411796151839   2.2622748152078986
7.562446618396583   0.3824165479027278   2.177597054602144
9.343606447801816   9.65480062195634   5.459460339715947
1.4143136742229854   1.0137034975284758   1.2870384640108998
9.669393629821569   4.062500683015359   2.040875685555333
6.88946385126586   4.898431265499319   0.6787297487282568
7.439767707783028   9.618048300165354   3.3117748824351874
0.7797467648880885   1.7586012231112602   4.157033079858581
6.604124173692152   2.479486380106734   1.8408974869287267
4.319044944120001   5.9027044794240435   3.8978374331969725
9.066555343954965   8.67218447744988   5.983966147909611
2.603204450848933   1.8560260358657477   5.6028096139370875
7.856227145486372   3.7419397559826493   4.960535854216774
4.7600169111735555   7.4473250530669945   3.219700823693999
0.6599056680675603   8.475047645788992   4.363075801141733
0.45604412997321964   5.0549388290741435   4.0323032145279605
0.2940923710632703   7.713565268566115   1.683523086746203
8.259052530670708   4.98148244718683   2.181917036560081
0.04846303890272985   5.819750752224658   5.052886183727234
5.032225696464542   4.6834820489462565   5.990428347152595
2.604562590480011   2.914060403573535   0.008384250388666636
6.73203666353008   6.742169801801685   4.298025005114638
3.907220633019942   1.4607869368029966   4.569511528795973
7.557997730622159   7.569802873292102   2.5264559112782803
5.1325423826700245   6.759868520536056   4.203830872991747
5.55141635216263   3.9183367415980506   4.656264030848431
0.4235338046482349   9.33243585295919   2.625105118101625
0.7132056495799757   6.436144324316805   3.1752514516016537
4.479305837224983   1.0749719397367667   3.0019729226170315
3.2737386535522637   5.719158187582328   4.695206099502675
0.8923873645060254   2.852534290866589   5.1395554338101626
5.7791594007549865   8.180609550810576   4.869364191169654
7.3832319070971675   0.9574560583807838   5.24163195716539
8.686519002332538   2.407933660720669   4.802155056228396
2.415330305365704   3.708176390288674   3.615772864317721
7.130263461601174   6.032502553253996   0.5898606918423178
5.218037146541508   9.585038965743802   1.0155736703234772
2.73543636312316   6.582281468136272   1.0835374327691465
