1.9944778074742302   0.03578930854139806   1.587674795771528
4.108534058716936   4.039889947915759   1.6109095780831297
8.11427290522451   8.701585875921497   5.31837253614891
1.7021214000588223   2.165914270166744   1.5898543766283413
2.6169108100987213   0.4383195295360114   0.6238134087221633
2.802956263589826   5.734689958805789   2.220552430680428
3.4574822242554855   0.3939491052611173   1.698876771209775
9.693136571107697   2.1832782469339067   2.6425389841011677
5.05504086016996   5.2786128464285405   1.0089251532331922
2.741439378141583   6.997400940424677   0.59119200740988
8.537256424266108   7.361592656723327   4.7440613444981805
6.170594395632136   2.0012892289208035   5.999711532566854
0.8675483257415255   5.933939800254415   5.273137065260737
3.702691253050539   9.05059418135837   6.054753684453643
3.662118861845976   5.925670751185663   1.7019295080820935
0.9723940452753704   8.066801594712159   4.762476986163846
6.296340537379251   4.078701045169277   5.76591508995528
0.27966079176919223   3.822652111709767   3.4966912293067836
9.818020854738874   0.12611927081439916   2.833628458491713
6.861901322857487   3.100851775100738   3.587308124282211
7.064112000784156   7.249438472076962   0.2746792717356818
7.177609324953884   0.8941243359100357   4.253838662671923
4.348022991671216   0.7941927306232653   0.934743022683366
2.3346083984926977   8.53631622669811   0.03575882544861134
4.432645897449643   5.773538918834504   5.493963170052841
4.495062085144004   2.4746260967464417   1.0005944292825002
7.2302322497669484   8.487631943894119   1.9946257246529886
0.40931756707003175   7.400723578962709   5.331525956123489
1.0067830771246618   1.4214835550636382   3.5701741711853368
4.84637543021185   9.269553138963555   3.9153328391766147
9.689827632533728   8.240124076077763   6.237516391740766
7.3868424370977674   2.477149419477543   2.1874318492073224
1.295544841015186   6.907129857685944   1.1067058996922994
8.263070133821493   7.870294130244401   1.6013070439769783
7.931356318560804   4.6855301659850905   2.2465911982211297
4.172142748501364   6.6161779488634895   1.342739628734012
8.60326525323265   1.593729789384509   4.987153360316928
0.8428028507124369   0.5387043735218645   0.020997999888659774
0.8626180457907575   3.2890550983839937   0.15948150497655297
5.9834779811220615   0.9040429596851176   5.513209275805569
5.650620201924316   7.640121687889146   5.605467962474346
2.8843842569291165   9.42048551260688   4.907843604447726
8.741758485643352   3.8936384555670527   2.3280009095907532
8.845479163155833   2.693007234103957   0.7539283056517218
5.4886526491505965   8.927534739853243   2.446801609858937
7.273196076333123   5.570321771324372   4.963250434502453
7.348238034265239   4.110952298989439   0.8220835192820771
3.342249218102933   7.655891395246513   0.7738499933511828
4.475842214999126   4.517189238513038   0.7610410343470104
9.032075663505095   5.3969875076585545   1.2726239367523116
2.4276676987736527   4.0455640075676556   5.788125682766167
7.692054145863437   6.51803675422681   2.5709531228657734
4.243711910704016   1.6507762787387534   1.613067160429508
6.331019894054622   8.849574248249636   2.5630012571943603
3.081642464075492   4.942933323815568   4.017203196600754
5.299035912041973   6.350059450734287   5.868479844593932
0.9822232543407925   9.18762278384775   6.282007332401828
6.429031448970187   6.804798851655003   0.8686427907631296
4.503706172091313   8.400861648339225   3.4063300187205425
6.308373456460133   2.702765961304085   2.992771871032409
0.24419816998753013   9.193942054112817   2.9562470684752045
7.627429163589607   9.772388241547628   2.9553314185403905
9.185990720250556   9.314334792788031   0.7996018117613266
0.24571016408787294   6.566734778291122   2.632059648295865
