1.3572746878659283   6.587329553981868   5.558830806834278
2.7832577101729306   9.863531643814984   3.6829593862967203
8.256658632917704   1.7275888604507728   0.04202032817180448
0.040609180809382084   9.897186255235177   3.5257690071985333
3.7559264387123834   4.815514295334226   6.1960113139180635
0.4164320262030931   0.888446793216253   0.2277235978150597
6.771128301320587   9.486435259879181   4.740740232907379
7.496413771380687   6.035027112726179   1.6525474554404684
6.235415519648812   4.605082980798116   0.3426381648579325
3.746824019316981   9.658061233143131   2.2952128950235173
0.27870530962603146   7.054853307636766   2.6191023593059053
9.424538228489011   6.250366438063953   2.3290704051366506
1.8945228985253766   8.309756481241116   4.079572885277463
2.0912602241824714   5.009106468123797   2.380340686580583
5.132087653740186   3.5246495739460957   4.406283197074269
7.064978611043526   8.322214180365117   3.4647359582910098
5.569783508779223   8.058001780140978   5.379899222224174
1.2854339102607812   2.4594528230016306   3.3219338133015683
2.506935193087323   7.175238381237898   2.7496563408911947
9.743775587699261   4.074363904804247   3.0003195960041604
8.306518224897609   4.0783804238081425   2.482521478803259
8.441120168220696   0.8592833394743336   4.286548859042836
7.485837832587905   0.16114057575725305   0.8447217192913582
4.689394628909991   1.968269915316074   0.6325735838556079
5.513213708950826   1.3467768904461312   0.4017421229621879
0.832605515830027   5.149881474615974   2.9624829362793093
4.494530950480377   0.9040258221829649   2.8604895575362588
8.53273463859672   9.60191845681695   1.6405348146224292
8.138245004545132   7.791143861649954   5.734309683505818
2.0976522203971495   0.1874389135061862   0.36179786143360215
1.1294664248903572   3.9175869049555314   2.6548385296434684
8.204471476796229   5.395940355834458   0.2800022161762573
9.383529785606072   0.5657466965460849   3.108480842278686
1.6771879885693357   1.0744306572823852   3.960211344936371
7.855612030616028   3.1550592857270736   1.73818995132832
3.8816246582439455   3.4232407828966194   4.444376645214726
8.949466041214391   7.894292432633865   0.1359720899372405
2.06094001799482   1.790540066925425   4.98834591946675
0.1584572074553817   1.6132907687828284   3.9484473846932464
5.559982926486317   0.027292964827124067   4.41427672933862
0.7853065954010965   9.173570659968185   4.9658563146477785
2.8884025409802065   5.520614492570104   4.345209718807705
0.3776392542254598   8.262248909707486   2.332882224415382
9.210823395790197   4.90687245533962   2.470543517192481
0.04637987716246311   4.943770920988292   4.476521924947582
5.498822677752573   7.274070329205537   5.90843179184091
3.0187426297236835   6.416136291462696   0.22054853578406683
6.345853482693867   7.4451278870182325   4.422429819588527
3.734249958671892   2.1783650749604   5.128402914929532
8.440340159105897   6.466782032744296   2.637980901508642
6.894373718931709   3.290639817961979   4.799754984792953
5.50076629497554   5.321337589335822   4.811148127480022
9.175674691483827   8.837490362156958   2.5072060848366875
1.65827554323708   9.518065934950684   1.7314024623719513
3.4723156002514277   0.9623072611984029   2.343744305132147
4.082964996131876   7.647590090183518   4.520366705666544
0.11860756311574572   3.038482209791536   4.189795712709368
7.036964463990707   7.177930322674676   5.469131282968378
7.113749815701448   2.5343420455979637   5.834752985490492
9.004809779578082   2.0917624541333733   0.3190136825783312
1.8677515366265187   3.7559770661900473   3.8679419859166893
7.733249085666106   4.741309442680908   0.9635110323440287
4.339694191109618   8.306195673745844   1.2133017212029056
2.9953650937025236   8.516139924165476   6.198358120825738
