1.366253023739727   7.182433134744122   6.025975946364026
4.8893881559957055   9.552225654359347   3.276797909228348
9.234247388543805   4.487504074225496   6.230438397305364
8.422673754589288   1.4974312328130428   4.782485504391541
1.2262925998972842   2.3822326067084343   5.515710004088329
0.2673243933336509   1.028623476437402   5.114608211192327
6.76087340785296   9.013817099301814   5.174085266639481
4.975300418713246   6.090844597155865   1.8011492579899242
6.012234775409143   2.9279189679400495   0.8113810779305679
2.8897729442959843   6.451818347362831   1.7985552006574956
1.8617734256176361   5.675992069259766   4.527350060197257
0.40147042510517517   7.973886841410415   3.2533177525120576
9.096430595303303   9.296716720590203   5.0049625190926506
0.8923979974848505   5.791257593152292   2.9633209072607936
5.996402779212155   2.0921818889561417   6.046642137256044
7.74327284459377   5.730630161576189   2.5863906618686814
3.9589093621491442   6.687355986265775   0.5417338069711449
0.8212058493187865   9.761657660923483   4.372017603388665
2.8744823823835515   7.4504516033868855   1.7652305273037006
0.2206688402878868   6.180802055661474   3.6022039045181757
7.825255822020182   2.012908348579191   5.352626309301149
5.50910770088955   0.9920032534621605   5.169800753259966
7.459913408525164   0.8352738444305708   1.546303737082728
4.770501191851225   3.084983862448052   1.4678575007294636
6.791695182407072   1.7751670319349167   5.809317668512957
6.58197348896065   4.618570779515955   3.7383768001483832
3.8649388095019193   1.5128039178497747   1.549627651953811
8.746673849661777   0.2557266287196617   1.0917961662703757
6.316495472255096   9.624268270161213   0.21030806343478253
1.4329074584633519   0.9245004446902769   2.5635617479147617
1.2771286390104644   4.677944906022414   1.8677529785376135
6.3678220812939745   5.684903384017224   0.055870124816974176
9.521731374559202   8.14382604785895   2.1996613102652063
3.5948914405497523   0.4233274223222444   3.4802662665864674
7.275164000146731   7.637094468437845   1.8086896813320914
2.730165476405702   5.02760378668991   3.9719560065839064
8.81278152082954   6.938625880615475   0.15599990831066218
2.588147002077114   3.937320847692698   0.3541775611602269
0.4245252829444595   4.320533352882443   3.1722617827480315
5.30764021053557   1.7381412273530412   4.126418579556919
2.300047318539005   8.595446020692787   5.170806369595422
2.119574236706543   4.647737692035902   3.4558750740681603
1.9939762414172244   6.313270496718977   1.076328314216589
9.116835942241831   5.545726986520664   1.0927096396736788
2.5378540889900827   2.5942971282504357   4.752397922120984
6.022896719072939   7.197804141636919   1.0700814142025068
5.306041949394046   4.279625864085998   1.1265963658322105
4.26167123799276   9.716327388884821   4.422702477763597
3.6928531857959555   2.740379455125135   5.4178795547533305
9.796357944015712   6.96094692694914   3.0056088431082806
7.777602984532585   7.037874279923583   4.536881468921941
3.732151266491421   3.8525617249694664   0.6503620295823975
8.521957637482748   8.151362816147543   2.349381732048434
3.563006750643999   9.226505340421129   1.9722699291960677
3.1258744924177373   1.9082146341284265   1.9001760626233724
3.375910364177414   5.690771358473428   4.897930996614815
0.000475186033336239   3.339817005822062   3.6901473864413634
6.4760115349205485   8.001269558530275   6.18328999830202
7.001383146880777   2.8654135574946626   3.9802405354807755
6.427468431301273   0.9187001407506956   6.199652574166017
9.337336342477249   2.570350440031797   2.6124286928301625
8.0190078788078   3.9088907373841586   0.07623895274862225
5.7482221065545485   8.712171799985402   1.2177464479496725
1.5633877209000657   0.13006665838069864   1.5180679270107162
