0.9559682581699636   8.291110218491818   0.5655538900539242
7.805537752107097   1.6449977149619084   5.284050254275821
5.950195865826766   1.640113624252605   0.02696407486296923
4.328190007979345   7.407347329190375   0.3485488892757388
3.46268247751308   0.6939535097272157   1.407273667164455
3.027218052854521   9.55633673512023   0.06405251133597192
8.576407397707035   0.8279603594004437   1.055070497333639
7.613171630810132   4.697545873242472   1.3103199874078424
2.353367638254399   5.186640982299166   2.5237343989445966
2.0560986494517453   7.77763973641895   2.1180009096728876
9.230653945763931   7.098314031707426   3.2914913304789644
7.9279629953564985   7.074784843128517   1.7472364452952975
0.273740419092417   6.94930519096643   4.257468593488704
3.9188968541282985   6.750217656023385   1.1973839554469288
3.3023420283420544   5.534957854557985   1.5294769662673808
8.531010193001428   9.339645939619551   4.2718193376146605
2.3522314735095367   6.105518515394343   6.064680324199121
1.131159857729915   5.26959905901804   4.7562663318665495
6.8182005579908385   8.678837648206681   2.2350325490363874
6.490755330646045   7.122276547644691   4.306888011894696
8.3429265654241   4.822346926602782   0.03395544992235819
5.348816673791772   8.137489706165036   2.9334697515293544
4.680588113322647   1.106034105765197   1.0344033904926686
0.3026588507501675   2.279513647313099   1.3174033039479727
4.333313798129217   2.2563259368284663   5.855510876749318
3.842298719582081   4.899362986098791   0.9134472850811723
3.968541885401986   9.861547439945639   1.8325495063710773
8.88515144985191   2.0955399368242147   0.6856050571700112
2.22803696693753   1.5174460022685072   3.8910687106425117
5.25911850035966   9.266785898744914   5.435222788384283
3.62151187062696   3.6001224667042298   0.9391055658897216
5.104100269385069   0.11382676234327122   0.6589020913228616
9.452131780392321   9.82901576769747   1.949765766153631
9.632656979305557   4.2005237362501004   0.30044223835713124
9.897781247257676   4.975442932460191   0.42178977773499343
5.171085440461539   6.723279501077732   1.5583666620368193
0.656755984341395   1.4822805507657497   4.456100318273205
0.1698682207650956   3.462445767160265   4.70451214852191
9.125259491653226   3.4981321431920995   5.449734411386068
5.26859409782079   7.411721205360671   4.540848391888009
7.732638194349945   8.470128456929324   4.833478119279046
2.9219316875817607   2.4443683368157676   4.67424936954383
9.72132918393923   6.445787766495732   0.9705360116116969
8.078477754005144   3.437504511318256   0.7406956127808793
1.7858222955088507   0.49911737501248327   4.384568217987089
5.879109167867322   4.895202181932511   4.42039503382787
1.379156337013645   2.654087696949499   5.260220586555473
5.8642622695349305   6.090865200753632   0.043384444627783125
1.022832963038051   3.5689807173354886   5.580334328364282
6.627552926890703   1.284013894060684   2.4440310971507277
1.4419292883477017   6.381924281997217   4.503951449191477
5.502690360888007   3.1091241161259573   3.5031796517150045
0.8594250236797393   4.528098163090078   3.7492891614092523
9.46783783832054   5.741868047810554   4.672691412558537
5.020426961261796   2.06206817842348   5.1752276393328875
5.183687385561506   4.616098894944983   3.71811223967762
0.04668162110244778   9.089493825066674   5.846427916606115
6.781627739496983   7.795174172116002   4.90606154081523
4.682920292536293   3.2822743685203153   4.915014389648762
6.491927935054905   3.3583468822879032   4.41388474545551
2.985178767327955   4.271889212116694   4.213759896396428
7.5949371914745045   9.448689944313088   1.0833786411182649
6.244316424284882   2.6960912541801374   0.9329192275766767
3.151140167684351   8.521647668508374   0.9910620054997882
