8.30431894293996   0.22676079854013875   5.340081707622046
0.05533968285711183   2.2306643368127625   2.4658335566837204
6.088506474479987   0.8766058908660685   1.3070804736522166
1.8895740958823866   9.524557259242654   0.4314484655222507
9.035660048247106   0.5582633972808544   2.4686407372416643
4.47242387170527   7.367106516861107   1.5238124403971658
6.619853443531028   6.476454275722887   3.5130279470058547
7.645656575878332   2.591033504717526   4.159884055802373
5.924108529907032   2.9034352332072793   3.8222816554505137
5.10460395048431   2.8861119414864067   2.596422449926143
5.488162606475068   7.634744704556229   1.1399189368113578
6.577630805083717   0.009340325129027105   1.0361769917147328
3.0757296527900246   6.6946859297958445   5.195950514396203
6.444636332346997   7.290401431108788   0.7732408539051291
3.651563693180949   0.23691733153840286   1.7797310010959786
2.8251324812964933   4.899024784941489   5.1017605553278305
6.126817338369406   1.5964533269955559   4.701538420140422
5.014575115898514   3.7750693926063823   4.267786890206917
7.478230683196462   0.8436524816451808   2.7930401956235107
9.615725082406867   8.807330401251443   5.891631506570843
9.889561470668031   6.220728181257306   5.124596353452405
8.300579228260494   5.453832164496795   4.793696012788323
8.104986469513197   1.7388129629908198   4.910176722735276
0.7368506002249914   8.953099447766911   0.22268125014303367
4.189200743777696   2.6573395126383583   4.510321777363517
2.944106174337962   1.6840186631656613   2.3686230143306433
0.6584500179004869   1.5924904683059613   0.4184832542938576
9.06090165770219   8.031837569546363   4.960222475647383
7.257999618462902   4.463851915450724   2.067774003160247
4.149673201065855   1.1775265157453096   1.2514967024546593
0.478934839726013   0.5861195940519829   4.784601964934977
8.164628900830607   7.5846481291312084   5.257985377133754
3.742812361879655   7.4513266846563955   0.309209273126336
0.1591856250598025   7.607633332462363   1.5597607322408118
9.42831174401445   3.017885535396408   2.2123325952212234
4.710446637502543   1.7844255310229065   2.687033783894837
8.12500582481137   6.373363639779002   0.8581400404883196
1.722008648103603   8.145775573315174   5.714837313939337
0.19879777982029445   5.358517500350103   1.3087899528221774
4.857555249124881   0.24618569247239286   3.464281442461766
0.5321043576836229   4.602208090490821   0.4036445829390296
2.3579844703173567   3.379748465815742   0.866200852190388
9.018700992085316   6.187589369395055   2.1705875079491754
7.218540760860413   3.6581065319078703   4.279045959145757
1.7409897319263454   2.1726626979304786   0.5851825170136653
4.982837298808435   6.518607822923955   6.264518847194944
9.624998538376838   4.736031598951659   0.007336765582263954
6.082599224925505   5.762184795684686   3.006900176329008
9.574653829028993   1.3869397434252735   3.0910238194695
1.4573389726335133   0.5356601613327125   4.0662771990290585
2.1276592805290138   5.0294419035304605   4.162387501920666
1.4235040286092628   5.0228376193540445   3.214872579248788
5.120032021923214   1.1316436264619083   4.661900605710514
7.274594110668334   7.727151374420977   3.0200350584672395
1.8747460324097065   6.306735677944927   4.284481267940348
4.141484335340333   9.005511805281925   0.9839416435708315
6.138754961625789   4.6340174075206315   0.6216185712370002
2.509599506635143   7.67412279332834   1.365808448978661
3.3784296993411234   9.141935533422965   3.9999702797661234
2.4658475967927016   4.229290901061213   4.593219161093231
9.224071590944432   2.1094025005992796   1.6234466533940453
5.69790426625325   9.581937131246457   3.8276725041969484
2.912675937188863   0.517580726265062   2.0656447708525647
3.606040959259157   6.162129868383024   4.619184984207463
