8.901868356194678   1.1757939688723615   4.589070686683997
9.752015560041796   2.5945709169053495   1.6043739008132154
6.567665009353198   0.11943767317591114   1.1446160581730072
4.422789429756494   2.9477165086791124   1.0516667672667868
5.798975721363689   6.171835718753138   2.501963817520434
4.661229207560595   7.738975281781821   6.073284106817317
7.986439079797934   8.08559051711599   2.9835828958406974
1.4290997757895176   3.7927064917458617   3.099770990498144
7.770489645514621   5.518391596336615   5.554084619607918
6.448346405924308   5.2867319430887445   2.0465923998122473
3.1006942082484596   8.221977069910611   4.89272780989943
5.703404454872336   9.534955781473581   5.8900220882100225
0.47415707504652893   5.4113990607917195   5.611566292344964
3.4429834898965415   9.28901778417123   0.4811135140373637
5.901975128372303   3.754580533150481   2.791327433646161
1.9035501492898663   5.465849703282868   5.091014211480885
6.784038679287727   2.479032479726537   5.6885643192600135
5.435728896116794   4.688081507120649   3.223448047888866
7.444087483472881   9.059063309711252   2.691725594309442
0.14994755237871782   8.362254709509047   3.9223835397062166
3.5164241641997753   6.670704015727307   1.6040512965153875
9.128984825009503   6.871757118430185   4.110816475073845
7.580539377612686   2.708355657255381   4.505169027872549
8.848072420220603   8.811727513287869   0.23395048987571362
5.074436289908249   3.8244175477718256   5.739167549064919
3.3803521453974286   1.277443845099198   1.291126063241176
0.43504114523722903   7.55873322518111   0.8181820816554868
8.914928156581238   7.8844892728464275   3.7773737409021217
9.112987341361684   1.9597883328231203   3.544838401974018
5.618119932829408   0.5171589054524486   1.5270599079320015
8.51085281361759   0.3957070477415762   0.06127192717495336
8.958763424828144   9.647720454671411   1.4928951749869317
2.350810161384291   6.956496883314783   2.775639273125271
7.389246264726482   6.589473725533084   6.1036337618175605
9.824402492917548   6.134126005232595   1.29895018662371
8.037152827910711   6.40541119679229   3.1266302996027577
0.6274685699274436   0.6362214170958284   5.7483457385914
9.902184910393023   8.989622012987015   5.067076542950667
0.8534316169445992   4.608934126516683   1.0980469565726825
4.252532769689279   8.65334729091212   0.042211546777222914
7.484031857448477   2.0170104324015967   5.859100238404623
2.8607898403027514   9.80029841952992   5.8949058821831155
8.66239286511941   3.7550937853855872   3.441911305791617
7.573698041861869   3.962176876413372   5.826160731509713
2.646882188825945   1.6760656320893927   6.243196402733777
5.572439467688289   7.584354097225524   1.4493926997166169
7.830811418917504   1.270643901006621   6.233082642140561
4.852888418904772   6.866183990559922   4.724150771610234
4.515471534839408   0.563771338409276   2.509288337315261
2.2794871409728352   3.6104659684611544   1.5500407221817734
1.114597290898033   5.724545016399248   4.339443892277201
8.719666730466903   4.707605894755521   2.681307629597268
3.604423159045114   2.3474836158384287   3.579179417694968
7.4247537455981325   0.166255504943989   1.9489517785539892
1.636849883622896   6.380042397108199   4.335699649302875
1.704929438859493   8.959135795285322   0.16761434810402054
3.5524343085147856   4.488980794917704   0.5567355203060637
6.585562382874257   6.083013768521928   1.4262057292105574
0.9725218389102644   8.852810023015289   3.729697639323017
6.759660648855785   4.100015361411751   2.8741521076732113
1.4974761265214802   1.6356318727464796   1.3312242228881999
6.262358032547634   8.752442080795287   4.379960485338786
0.9474345343282152   9.894083246371604   1.4209602092182678
2.8011734478819688   5.594078941076794   2.1516461512541634
