5.114632194387565   12.103658287823757   4.7644462977890605
1.7408929146921646   5.166501161684755   5.345445408215032
1.1999982149697468   1.9978549484693309   2.0148988842986846
7.909505961774301   7.699195966674793   5.625401052841979
0.9534351276689095   13.884076945694465   2.2025613768744567
1.6072614622451984   6.655710468876774   3.399066675601224
13.718832411481308   7.556632384654959   1.8942014067967483
7.409265980516844   13.69369128092259   2.9959248870560264
0.11567554109905204   6.430034416179341   3.6938332550568873
13.422753784752352   10.579830797090725   3.2901136131980087
11.6323033264319   2.5865015071765076   4.453954170374225
11.985472098209199   8.525000213242109   0.1107921756562856
9.927794192801596   10.010325497819505   4.822009524184362
7.828146205655853   4.245737215005233   4.87410522489677
8.94310905609607   9.362628558688451   2.3326404865083172
0.9000816110825517   7.440724531181219   4.4547247764079465
13.83149859147953   1.1780721455172918   6.185525396338574
1.4303360685737139   10.290211840387691   5.911849702266131
13.357981923143866   6.379766634630744   3.947543016510621
6.897786269687423   0.4249087412149339   3.8014299440519164
5.5908383199947425   10.979843428623749   3.4122975436721688
13.186052229603947   11.865249297455481   2.602519090134518
11.532258091764186   0.33944598979783785   2.963918868395516
6.7096151325474915   5.211264932549881   5.9505660691109945
13.68267098384621   5.191340468385087   2.4254418282331094
7.2783217086922924   11.6253339365407   1.4452198945008343
8.978824805359107   10.448194010163396   0.18173668386680777
4.058883584004624   11.759399980554374   3.404312844112076
9.039973647101581   13.631460904071242   3.431828678616012
3.5684944588415135   9.772362731800863   0.2520769211583189
10.194357429556614   14.31111668330455   0.3509316833475409
6.258188775864273   6.5883013412475275   3.491325078774839
8.398396956995684   12.639038915200294   5.490655119739241
0.1508006876518494   9.36615271541978   5.5691623736921265
7.613153319895894   2.025611980487448   0.3007432861623992
0.3766354157627509   4.866113866799099   1.9807670329097566
2.112383754205289   0.9211470112941298   0.3786274072665183
4.676366320378561   10.380754250448078   5.149436214229834
11.36054402766389   4.7422921278471   0.9729086026194304
12.461794992023824   3.5992728223206663   5.241535894433604
4.096403810552156   8.390925006650113   3.3218037360950894
10.354667636139668   1.6026914705370128   1.4468181230836132
9.220573430176842   3.5858252821211907   5.2463684982562855
2.739090747545912   14.079995612449187   1.0438253665342156
6.02488605741279   4.372254030777346   4.067759435275297
10.727945248777255   3.7886242432809283   4.826950926879475
6.377297666716361   10.066752442093014   3.2593120544125753
5.543914428444372   2.1344658716880835   0.9356997005174363
6.900380562469808   8.17108015725187   3.239969800856542
1.51133990851505   9.177667831374594   4.517102712305168
4.131936736104359   2.1907970140542172   2.6254199740259128
4.488572455240844   5.238203773320491   3.0400359075771917
9.22749381397842   8.340187077572411   3.772142306282422
12.650098960304414   0.9020711552093335   1.5091788502974908
2.9513038428180756   6.257846586930706   3.4621246367457066
0.3693888833195854   3.7436856733438346   4.92324502129304
5.733921682996444   13.887766866906157   0.6177802264131497
2.731941825805979   11.9560033854602   3.9286375576165016
0.6262179635846905   12.149864681587694   0.5840663758567155
13.9097227872142   13.186144048718367   3.3798753677655284
10.865596395064884   12.09381497249968   5.398941518172611
8.968334821223113   7.292312577642857   1.5001863242798334
7.945635733966381   3.0396213495195874   3.678196931100636
0.6717335282294066   0.5583848826490718   3.2787479712230954
