0.283343864206908   3.500140779373222   4.146574705460241
4.804703395124442   5.356757943899886   0.4998147275880932
13.668522729306291   9.396472068687885   4.346244936094597
11.788395687462423   4.153808025756182   5.965110334421105
10.400779623525214   3.2040527288992844   5.809737571109023
2.689085364798692   1.0961945953939443   3.681765698253013
3.37945833460718   6.015141915768107   3.017245144109952
3.886821610869336   4.321403238063785   5.1661599343535425
9.70225439304752   7.035380453016639   2.4212542266222172
7.225912539113923   10.32078142960018   6.060022055016771
1.5505136879297927   9.439620350324514   3.7549625761057386
8.162024350642778   2.1855001703060406   3.9681547571718956
6.376077390732594   6.6101897476320035   0.8046983215796343
14.035261266069632   11.12670087454351   0.8459257240567648
8.410449883709104   6.586289125596403   1.0240304063011672
12.828705046427558   5.146094847945851   4.4724021697935346
0.014691978606547806   13.988995886670633   4.650935205896528
8.710369439621344   7.903180150120936   5.143226256932218
10.551629100708084   9.155552353427762   2.2141997427871516
7.56544752449967   5.849380424524757   2.380749800195786
0.3928476118704066   9.285898933654263   2.3426012070179043
6.496594405442495   11.52509916370471   3.2084889336269695
9.538221113285807   10.62524708111348   5.562018140505535
4.991334584808472   3.5514537544577696   0.04729805594043768
3.9213772386387205   10.708462797592938   0.9039362233376401
1.096918883813085   13.12826449479343   6.058935927459091
10.748704077929816   7.532841752983883   2.6929162598203242
11.783376411285737   8.059988140020325   3.110733900753907
8.30859994859485   9.801599043760998   3.7638970180283193
3.6974418189598364   7.122781953945245   6.005137578868018
7.173904347471967   12.351775437294599   5.335989756153911
10.658313502356034   4.778103240272106   1.6005849510022068
13.080443849317543   11.775015730787278   3.2119740444460856
7.092886136554066   0.06736475958232724   3.117385920050923
11.45371043875323   11.557884756156753   4.909751333883239
12.843347432578762   13.444222727910772   4.89464712529163
11.76680502397113   14.204960186761824   5.285670040837589
6.66520873413092   8.366736328061409   4.647370000758815
0.5081766582676692   0.8963191804492412   1.5904329754618098
10.550184429109628   12.796841251712918   0.21192406347112736
13.995824981699824   4.883753265531847   0.8064153600904973
8.327625928340137   4.089022843798373   1.8415492451484952
4.675742769596985   13.377839863976673   5.279797248555919
6.710449918770129   2.6144870061013226   0.44094415520776886
1.8532086562342656   7.719924741817437   1.866891775260017
9.31857121457921   0.24370726669562226   5.231184559697925
3.2873556952616774   14.102433325374708   0.53253206053848
3.8575400281517487   2.198270755760032   1.3895048406260704
11.743508236754188   5.726386493500131   5.285854911095044
5.845471277228222   9.65138779908624   4.498372412810403
9.065121764644413   13.353234019696687   3.1106352889277114
2.8004612583819344   12.3896096236263   4.956049736328494
12.944646487445238   2.687025285049764   3.601461059800984
6.592323032931127   13.35928008269298   3.0508703068241365
14.310024032621465   8.179364596161113   5.663758586953126
14.089708012179969   6.577831607759509   3.0840177513354394
5.633701971744395   10.707249006760756   5.903694446481026
5.536093009173912   0.7029409313111776   2.181054537143673
0.5904815581412499   11.687098711603733   1.114860339491965
1.9793959244193142   6.02046894859287   0.24204684316110023
10.5877934528222   0.32607223908204863   5.00641200451977
3.183373898046332   9.357765383883697   5.77670947468182
4.909259195968069   8.253837488282231   0.6958137088741542
4.891658698405456   11.549057286617275   2.939308297569362
