3.433138730838962   1.6154560162902363   3.5095561580614296
7.054424473774657   4.812836244708967   5.830466454802236
12.705997851247954   12.375558664747796   5.775867901334937
12.787421015297202   7.483479714988185   1.5436891609139425
0.041879394544444226   12.482833196822904   0.9628328337746318
8.82486590291449   2.9591913921208906   4.084203634883111
5.764954774468639   7.21522446467968   5.07114348374473
9.06611897747589   1.7316347561556151   3.6137425112608192
11.907932923428348   5.136814990762294   2.3304170771547037
9.043491101545738   10.730546852661293   1.5264926614335514
0.20139137623755943   4.227849092336747   5.050020297545862
8.896787556513743   12.023964357782043   1.551693184247106
7.97066308484503   9.676295431604485   0.917070267745083
9.262229641239756   4.050520642688497   5.090671748871671
9.47463443029302   7.047231125020485   1.7441811967216176
0.12649127990732206   9.8884087933834   4.641001589201495
12.1006585163705   0.9283748127783011   4.441267704884742
11.016290128765549   8.31568999327922   4.844201322567347
1.4090277367996382   10.142993379172834   2.093609026671367
5.4370205704468395   3.270454837693311   5.674116155233689
7.239634338729837   14.239694132852685   2.841309057402493
5.496758987222996   1.2617124159028874   2.825190560638103
9.163518149307567   14.327330672259581   0.9085106301434452
4.087906241917315   5.673081864533289   4.854197805137031
0.3514979003008367   8.124650967672814   0.9193328890619642
2.503147423754229   11.886475263358824   0.923820187111795
5.805405132009834   10.62553815905405   0.3414487898470654
11.03411900885137   6.708837268718913   2.9798590730424643
7.222725324859381   10.718573467042432   2.682439978405901
7.403127506317799   7.334457379090749   5.1312967554699815
1.1779995392412759   11.68063143459511   3.839972352233331
8.804360739291134   6.038209529373468   2.9918448502616632
13.413244033729388   2.312091678093088   5.242463000083383
3.923105316188845   4.2902928506806175   3.057532994098523
8.303675361783897   8.316277006408253   4.591472666805472
1.0167257679934625   7.103317796589446   5.038502326574654
12.599557535016054   11.142314354934367   0.4526591439175812
4.777725353491643   11.224942657278461   3.3712496842690625
0.9340469788364816   1.1692243545971381   4.093235427394665
2.012602680351965   1.2457481642666057   5.601891790169108
11.272698464338063   9.83053840187825   0.5130747886949819
9.873400337592733   5.509734536336824   1.9772251529269878
3.2735837945902344   2.7405299056700176   3.631662761199349
6.92346340349371   1.4967149158183934   0.9818627526563386
0.8778116202970045   6.064745774150223   2.5628055629472977
11.733371641019366   3.187104027660469   2.6917905640564355
3.4770470667147855   9.899438122190269   6.2155326355135045
2.5913121106731647   3.8921097223014214   0.6274199872394564
13.752357930647472   1.1991160992234018   3.542495035373309
6.004873110774188   12.653545987510329   4.376579820969754
7.640502108920686   3.4668435129372477   3.421133569094355
4.008276170207374   12.179449199739862   3.39479521097552
10.437816856404286   4.578435828968374   3.98013128265051
11.562745812124675   13.851990257748946   1.4100231036485238
3.6326437790574087   11.069717983535202   1.9350119706266526
10.480803264112135   10.866357214851494   5.924478401493789
7.400715070227397   11.871648281126141   1.8799817944413235
4.3174961079275525   13.291045855124377   3.2383089113012504
13.7984809473969   10.92507442925199   0.3533262659426303
13.737606073030765   5.1017241624016885   1.7337599793978362
10.889277480314831   12.876160020600024   6.217030602891082
5.842078937957717   9.055005098850128   1.5678936702851587
5.086011715050973   4.984366902129809   2.5711147320102703
3.430941176637444   8.363196067875615   3.197790615200148
