8.47271405427879   4.786172795130225   2.406336334322771
6.625018178862948   4.838053281243955   2.164871993712689
6.204712743384144   5.62104595410762   1.2652570423947496
9.013048048075056   7.092474324608322   5.567360193440304
6.91813626028171   3.0202581801280277   0.30814262241564694
6.243115558595871   7.9352278983850955   4.6486098008381935
1.0946748758096516   3.2473935212228917   2.2077959496057815
4.608593804848656   3.4313401803607873   5.980106814153514
1.6662337683627901   8.238088000872969   0.6980663037770062
2.13059976163132   7.379426585768129   6.220890064230204
7.050138969961637   9.330132112802602   0.23579191548228098
2.028061502318584   2.0339846551203395   2.0531907455440597
7.039541440813121   8.414059155331582   0.7855965858005372
8.533613295247209   0.557297852153741   3.496798930329053
8.409685499319094   6.279580350621955   4.642343015827285
1.1683701008396583   1.8164979452928485   4.030343909318561
0.35849723899522834   8.229431341326785   3.330742151683385
3.8848674515964463   4.1111653169015465   5.166603672160326
1.5053009356604483   6.612411389489249   0.30485338326361144
8.008760759068794   8.833075340694728   5.601884702232806
5.016355367223751   7.0347656720158405   1.1342201667576781
2.9253318845880982   2.168694210791009   0.18336324338711474
6.112439569950157   8.810061273476657   6.05414095322752
8.925333609426563   5.5334229841080065   1.4460409685555535
3.0659656936605484   8.085942718030394   5.500148005700485
3.722652995633485   0.08692869530570668   0.10198854378700237
4.616480188996277   9.061986216806064   2.495772688018083
9.469447509595891   8.301177051089375   5.586259900849184
4.607722305780396   0.10641544449234547   0.9667798482634948
9.309722894882247   1.5126819378782304   3.455720756773213
2.8155386810105787   3.111118666390079   1.8979822342477388
7.408484192227276   1.4722892616291836   5.5075153651627415
4.865442337784682   1.4443268405039813   0.6007592077863688
4.615741007808383   4.748442687797429   0.00934565421530742
6.1314621643078615   0.49213398890621646   4.47869515740059
1.9369096992852084   3.842264569435482   0.5781006993322163
7.246318230392266   7.02864706117988   6.143359664210574
5.818940327549826   4.566545277167533   1.8688244780305452
8.167372198368835   7.921346470677909   5.120715965903864
0.16997667897917995   0.5618108338220644   1.1208771627838134
6.35538509256293   6.47182017322556   2.773583731336645
3.853101723761948   7.86660864022028   3.2642335687323762
3.560024029046621   4.949477224520209   5.426067575684615
0.5142700919234064   7.254795000269085   6.138533602816266
8.744913797024076   3.8775044870673483   0.4067852333696532
7.7048052340515   0.5247802404812378   0.9185208159688086
3.4736252306679343   8.87726165981251   5.482590415678293
2.3394345438305213   5.3818324699757945   4.476582239033363
5.315247176326961   6.217451584938242   3.9814333740494385
7.9636619286189525   2.733331773620474   3.547581822008654
2.559539271713376   6.589376451082034   1.040161076423292
2.0284249232641187   1.202249779446562   3.0610776875482215
9.478064625513476   2.9534273293185436   3.5856947466379463
9.657769520714961   6.339040998434799   4.309637391802469
2.8574419334139867   4.183408566400314   4.495733486171576
3.4379562620644206   0.8438807571461289   3.82730573978301
7.145159133433872   3.9931156384462385   6.276729582244398
2.4575204346947483   9.631895213984814   3.9702412728560503
3.7167654645922954   2.6357980325526187   4.023490870511101
0.5029265416091432   6.135444057664782   3.591309879415049
9.741666569207732   9.679642481363219   0.908156404892107
3.6351568073262635   6.111605394694887   5.813426602426921
9.733661181203844   5.425976446018569   1.5264150928033384
9.336728114744545   0.5761408806152261   4.158897168170715
