7.553964641656459   4.101779448339725   5.4932771115128585
2.3208968017892473   1.2074693111515287   3.985460910247826
8.533678392177029   4.205437385320193   2.5482428068212304
4.920412686182396   8.889209124619107   2.8949633559074215
5.86757116754719   3.957657219146318   0.45515190891473334
4.828757354683458   7.553721784451477   4.4052848497937465
1.119041547315999   0.9456881024314348   2.5349452840908238
4.226934415010991   0.3457311042553697   0.18224128171237294
7.94968111942209   9.02332723403785   1.2762717027833839
6.099708484798837   8.32309690979831   0.7485444694036945
4.7732881088879555   2.460242882042819   1.5017441841541501
0.3663819606891959   8.244749849077005   1.7803800394541112
5.160238416870107   6.724150028665596   1.4733319620034506
9.421586767412515   8.902913106388471   2.1004768805148766
4.4290152085447465   5.443455857648057   0.4974256286828298
0.1406513608391078   2.4678029758282563   1.3322998828553623
0.22493425922737265   0.18418637085651896   5.067026160228419
2.461100022035884   4.853001676160535   2.594334063930877
7.810508894354514   7.671107380557015   4.516341760128486
1.415076916778018   6.856393080888399   5.220136639626195
5.258724888630861   5.332357528444198   0.4436022922923397
9.741172383831085   6.424900302390002   0.9119805264541904
9.548810633813968   0.8472845379343765   4.498108303178583
0.07182971654159037   3.5180064393048593   0.24552749345541178
5.040487291029251   3.5799318564597686   4.890634299838481
6.667695712785208   9.726924325612016   6.271122230933033
6.874022701830711   0.7020037266467313   4.0618869106488065
1.026530970666582   6.060089588863192   3.793001578547167
6.92062263295219   8.52817292519377   3.8426565856078594
7.666293397221926   1.5781238300507532   2.8402001490736724
4.36263384199993   1.7221281596136024   1.5491698151715554
0.8158837213193938   4.420047779109572   4.082875367692271
2.52622733162901   9.5208729067384   0.40527478040892906
1.8867970239612415   8.030640442864375   6.109705108311565
3.7378837076621303   7.851798287483728   4.63857158906757
1.5155166669884776   5.207143899914761   1.5002367835848445
7.696128538323573   5.3524000717059605   5.284413655607003
3.3435064492039697   3.926016435140406   1.3685824631279135
8.457262535889342   8.297169338603048   3.8578911504755187
1.4968648671920186   9.117046369606554   6.180865801865294
8.661847893080678   5.823351386693114   0.7336103802516455
6.274955326930433   6.956920964038979   2.678393711437513
9.078197489155167   3.040479245731027   5.3347672110224345
8.522431616915936   7.047412025237445   1.6232527954409859
9.829675378968556   4.551035058393131   1.8837632153284412
6.779523152318633   6.253435604624542   5.516723799150535
4.023617114093436   9.51212082254029   4.511183971358667
3.001986226392783   5.844257864894841   4.46193411739749
2.6706945490943133   7.625085921333541   4.660203183413919
8.60666121709467   5.012806243278768   5.29591596903571
1.26429701335785   2.7627194862340305   0.5807053270428599
8.745568593839288   0.08617529239625199   4.205469252599923
7.5452294499468024   0.021178183129186123   0.46148585323157254
3.818615501016415   6.881565096440928   5.528396358592281
4.462897654703309   4.548754067521595   5.653681581751803
2.999063161155031   0.5755134620783797   2.3856567172616776
3.2024822283667107   2.2160810385117578   5.540375451970893
0.6114988559597179   1.6852633835226674   5.007439011291921
3.1159024442272374   8.521053179884813   5.914225173101524
2.5025374544142083   3.222668668587652   2.127953357979073
6.433662778527172   2.4691491264023475   1.323107214597174
5.452264853443066   1.8934529946464298   1.8691581445234484
6.622068493256182   5.394045777227178   1.8326239866596565
7.780139648444853   3.0746702900531213   2.8381109834220726
