2.4559142007633903   7.962285749633745   3.1901198897777845
5.128412744280645   8.352964468800993   1.3241317458520467
7.651995099868192   2.969691466024844   0.738827696761434
8.194574950779753   8.557624890200168   0.623244654405875
5.221568393105678   4.302937738401516   0.4588430721762467
3.5788860133957856   8.261267217353899   5.979395700284996
0.8869217336138264   0.9194318837324659   2.9990284653866657
2.032144430880942   3.9249811428696337   0.7266305273142245
0.5485550560526431   9.637257622431035   5.293778575056956
0.9010738371534917   7.320572747550789   6.095504785073108
7.824143717777325   0.10586262283580261   1.050977532929655
3.877551183979882   4.763368953379694   0.9608303152381373
9.073335733887172   9.698644299652567   1.5152693159122834
7.823114053702683   1.3055001535871473   2.4514565141413978
1.212020358812258   6.243026021101057   4.6265624600368325
1.190437684007906   3.313845612780389   4.510250974016751
1.73405185148354   9.05476643766061   5.695425061717605
2.837719738398528   4.792124604447339   6.027373708090748
1.7533892705373597   5.096237288001722   0.014380425822320575
8.727026853925615   1.7209202822507648   5.147335911404073
4.410846569393248   6.362489437001116   0.3149564924368796
6.497430725659911   3.3450354693512114   4.915280531137764
6.1409785680264255   2.3280143724545   6.100612007587733
0.571031224543145   2.377215961669422   3.153882081167991
2.573783755380211   9.08489755532687   6.245598682628007
5.826522805975251   9.351255563002443   0.9884587137622606
5.126284971692788   6.773562570889891   3.378802508312057
0.31304930509632445   8.192462725120592   0.47232668649428006
4.4789536016737515   0.686024667786804   0.45620948601877503
0.07127322197877284   1.4526157442883605   4.447478693295258
3.2687288881435856   2.6263437809704664   3.36115113686438
7.059112577986152   1.749775922667792   0.3311691625389493
4.024891214272776   9.345719788766075   3.56195675252944
7.438686473450053   4.398491895470771   5.661322994195238
5.289589225034818   0.9578110862466961   4.091244073299153
8.71567371715416   5.831705476736183   5.707724299005965
4.233028597388353   7.57616710692654   6.0576497884902905
7.407910567130223   7.027139221538598   2.7366275185315376
0.3573020148171349   6.52145016000898   6.183585874439973
2.7175666026420893   0.14147856434311556   1.4539011032335363
7.879058361599412   5.25449153990011   2.179667936089369
6.139134472506313   0.29908267951235556   3.323771794831029
0.7051839608081084   4.568775356326148   6.096960194485343
5.769089094492801   7.6357520445310865   0.21650502874385194
5.136711484766916   5.782958028126401   0.5841118536278374
8.258366463019765   3.583889738480951   2.1121039479173818
3.6480074401609044   0.5842001104871484   4.6137404595801526
2.5991665598363745   5.843757858270735   3.9965207095504103
6.278468855171157   5.7556028523112355   0.029446121236212264
9.532826728739991   0.6545752001694909   4.330669061939164
3.2172240418385276   7.080744005654548   0.47911419831826024
2.4626107836610713   2.2801168457978838   3.8481042374113428
9.327669970218839   3.301826582382036   4.689606397184677
8.63063741482771   7.753689592128086   1.3256640548421967
9.71458054080759   5.018499389807162   4.707395734877299
5.626512996245988   3.1096062866046315   3.9796863013006862
6.363197259703579   4.227603947826697   5.825459198459928
3.563536007829138   1.7182498080553499   3.840341941885369
4.341708164018372   2.7850088525599714   3.8560476070776963
2.104851790249512   6.73890398152669   2.203983845995954
1.651322858495008   2.640042971909288   2.076037695138542
5.2755283647003495   2.208008797550728   5.963707679766568
8.990563091764905   4.461102681570703   5.823788996092913
3.1742840109228148   3.568943572285565   2.9372000048413205
