7.624051303861863   2.3737224729807025   0.8895471534054619
2.839704705711872   2.629889388550186   4.313429627310408
9.347923399672617   5.637165719675897   2.3644966996572667
5.05733362954584   0.23136370988204114   1.8432080411673133
6.512214702808964   3.336225399862382   1.4285583720336903
3.804423808833499   6.949801143079218   4.060130801711319
4.262750199325266   1.068607387011788   2.630507302269343
5.90795495403716   1.2864171827917688   0.7897852669677818
9.266625502580764   9.003322666538516   1.1270794378124087
2.657811909128707   8.190512491038657   6.15978205209337
6.280284013007691   2.2685509631540373   0.17539609820086086
9.072658875904828   2.618057056614032   3.9859998026433847
6.988834590024828   5.818754170093026   1.4063877433290326
1.000652321196877   8.700342359858627   2.941737217625738
5.128322971788253   6.8440629853698995   5.928112997891771
0.8898310041521938   1.9085254628738126   1.9979804397166727
1.5180327399330393   0.9342781128975108   5.041463378563421
4.477128884030031   5.161890158043666   4.518149699822827
9.478085000931118   7.184358824644907   5.473363091538206
0.4510719519045903   7.637148883910693   5.933302992005166
5.27759848320697   4.482716608957103   0.6454717560157095
2.0191962261807417   6.303146457069909   1.897346363838956
8.55590952749265   9.538107942696136   4.482144793831276
0.4975259908910935   4.539428898148636   2.765575424984082
4.327955955771256   8.553685318661756   5.255034022507626
5.632804329506318   7.872281622800952   5.662236340910223
6.247911144494186   0.4862242094632097   3.945429143286007
0.9264572932416639   6.132635912190716   4.489633997601555
7.382926385934021   9.371016052207612   2.735549956860651
0.1336016821148015   2.4635997429845657   2.7811797276831287
2.6803984594754824   3.4532075852179327   1.8240925530327032
9.568414879347538   4.0086944251739824   4.916597306581359
3.690062750027873   3.2687904751590633   0.29407235848601077
3.6048886572278764   8.083261203967524   5.118444971610402
3.4167469586256436   9.780298512953236   4.494130730157605
3.645377914954997   4.078717179472714   1.4035684676423776
7.173327244064106   4.587736143297642   5.541767935567636
6.1247475028488445   5.240622238058183   1.8464065355045867
1.26344530089722   7.852909293957356   4.607536430082843
2.7236032070948863   9.10868483202206   6.1235129489883455
7.817479442817499   7.188711227960555   5.948657556511904
6.79061460847111   8.03245455338148   3.3207222483564833
8.0222304347309   4.088238690087928   3.146872118761382
8.971130141951402   8.120044387138904   1.2849405567436614
8.573293935066403   3.310782995454039   1.5070455547966124
8.040069028040522   8.763086791074459   5.538972427467125
4.162552431186228   9.38822497459699   4.326337110665749
2.865974895528567   4.992924165210266   4.314250593201932
1.2370142009581255   5.2683245961727705   4.24151377694586
8.76341181664966   4.463769664211302   4.850460342545753
2.848541032977975   6.9855230980847915   6.053576234749565
0.269972683847998   1.0297200007007747   2.8725266019632265
7.4980314545006825   0.23370505886349213   1.6530913340962086
0.40875450002159514   5.50221335208492   6.197142829902237
3.882017913277287   5.794114607683291   4.103076869252332
2.6129100081496373   0.7250162279269632   2.5233993995284054
4.779982885064898   2.9009449878944955   5.468813610417439
1.535964393261558   9.793362385607628   4.099357613404793
4.825761287416686   1.8988013088775928   4.949363471364838
2.057766531289829   4.142001746280304   2.7395843743317316
8.346335608627859   1.6045684556971591   0.7962395387864425
5.095303818869741   8.989788852886635   0.2256169369102302
7.002169398633983   6.697782550852193   1.519556811661385
9.169532191870289   1.7839524430404394   2.9784460955118215
