6.5887631053193125   2.890974767507363   5.4411727810144015
1.6760151717577947   1.6792363816316664   4.560067364268149
7.936579707491656   3.780978430035389   2.785201136925865
4.954972817238716   9.1556345029862   2.693589508464937
6.254709252076119   4.349440095985044   0.6290843078274961
4.770264525362168   7.834260596145195   3.9382586103494805
1.4230276339767358   0.5470126675795444   2.4833879105189434
4.264449705924848   9.701866055700446   0.030208038578554364
7.784589841439561   9.366849633544222   2.0396499325862614
6.043674723609639   8.7004035114222   1.1017111399808324
4.207254087451633   2.3547304935142765   1.316784519431938
0.1773755407281501   7.722444145076308   1.6723275819885501
4.70836920526093   6.592825447384345   1.5638090257614128
9.699309839307126   9.581680672525891   1.9234970051081348
4.568996545928878   5.145218519956628   0.5622427630343361
0.9073945380038837   2.241666233029285   1.8140858051322943
0.09269530683851945   0.47935708002790667   4.99952601093414
2.5057942258744776   4.431419889570512   2.5987566582674795
7.303456973424502   7.9978260545226325   4.954581969256411
1.1506366411620477   7.250611690321381   4.845631455722928
5.800263183789123   5.762416595212728   0.01160690306627199
0.335826353356218   5.124089019115519   0.990335502306298
9.502421497373096   1.5570301794270378   4.444949974194886
0.5246630977146067   3.388510693583445   0.4713180840544593
4.925722213709794   4.196080152337812   5.315946693590544
6.612042329018891   9.516560688826264   0.3732084197896255
4.92516357124226   1.2477437899713868   3.9756832851747546
1.2000500635869544   6.232206843721368   3.7601054426339338
6.849620230007362   8.712541832972558   3.971225856498999
8.406491427471549   1.013564069532527   2.501178205022079
4.054293108756324   1.1468983495133689   1.627759219485933
1.287606923876087   4.300794156836025   4.012817747619593
2.3454081081918927   9.78637221327934   0.4867870100224203
1.8392942424909313   7.816666723191619   6.043289198364337
3.792541622185052   8.11882615549591   4.602735089732043
1.959545479055663   5.594209142635343   1.4185004128008711
8.021559504402681   5.754195009122318   4.934615145699391
3.897539885356962   3.255398798511093   1.1183776684713747
9.409873364562047   8.220277334053518   3.8812293879652433
0.23576840342513392   8.570573005073031   6.212446424694652
9.526534897897012   6.161569849074999   1.2073327145196138
5.486199924153668   6.99291218153098   2.852572493031516
8.961648662593314   2.288931309637113   5.63546307596222
8.799287103825456   7.489608544736396   1.3622583187146817
0.2319618301875156   4.249871485124307   2.344767332339571
6.775839010961935   6.347315356548019   5.324609901632064
3.4712110094413853   8.896744930818246   4.653748146185243
3.0068992228306075   5.686607996340368   4.399406765835471
2.3048740608793996   7.055523502859762   4.784136911221719
8.94281825538899   4.983179649672506   5.3047828653953655
1.3538134533007455   3.0747019986331825   0.17190597136821467
9.134937084720155   0.33311920156106656   4.372340398850127
8.25879066111863   0.10558237633760104   0.3049725785540169
3.7045271209163246   6.752944083046899   4.858064975336881
4.027291495843099   5.7610936361223075   5.537114362606581
2.406133717209931   1.0435580878575141   2.2950149609791928
3.4287452128051505   2.185558646970991   5.35534495473215
0.3847801877980046   1.5182948518620845   5.243764431662059
1.1014077009609156   9.161708483731381   5.679452397000749
2.4885156554168812   2.747089303885503   1.5386146328340304
6.339546633652828   2.086279744639463   1.3994607626016764
5.651445139744749   3.726545677538705   1.9883944425407267
7.098538632937854   4.494334084344925   1.6176392515984188
7.4052218328620745   2.8093669857138686   2.669501461345067
