3.1175339809817517   1.9613936801010285   2.332319640992478
2.5752860522957155   1.247304141267501   3.5871048314319425
2.0596095352739097   4.738523389941476   4.633828473978806
1.208816082689876   7.83637048969987   1.7692429523286572
4.594387903714612   3.0169341756168317   6.256437101227901
5.345902506753023   1.2022168314217385   5.966016918949951
6.744174937745215   7.707691472465954   2.331931538122672
8.096681693917843   6.4393756665104505   4.508918621410141
3.0803785305890337   7.953513814451286   5.281671736171927
4.968676751943543   7.108729778312531   0.9421537420397437
7.1209771367279355   5.455731741711322   3.8541044029264
4.077224384842112   2.003300426562356   2.8228168463210777
9.713545220147608   4.879277017161915   0.44870996530463136
8.712073921831855   7.254843171562621   1.3924766619495745
4.5318703199802   5.321135018961389   0.8209289314987062
1.3888203152630099   6.423390915019598   0.4149707496096773
0.1622788202502103   3.237329676903747   2.2391472097598264
5.352268231644821   8.452499544787177   5.364442679992336
6.3397930906131865   1.3140598370278433   4.600902115752104
8.675498122145672   2.6079361004130837   3.260406314385006
1.085437240817361   1.395754829865268   6.076754811710507
6.608694748102814   2.5494982107131765   4.970634932946131
0.9591386535534576   4.303782975191528   2.7543771131139727
2.8596858658367923   9.746072829438752   2.583931869414067
4.355477055400223   6.204646545998726   4.284300351415396
5.667433230293925   2.1654716651219363   3.8055158086007235
4.23762373459536   9.567221767479623   5.9249553941621125
5.150292292497498   9.645788231534352   0.8181335791654307
3.881839692327483   3.82538989138989   1.0561300044050774
9.145600145542955   3.5429679405857986   5.7852041228845374
5.7795418836583075   7.394791464097019   1.0395931365813282
3.9154476730839862   8.744719123878255   1.06370480788007
7.05431625669831   4.256626745890945   3.784513911412387
2.14334029157158   2.4603033024443164   6.248862122184183
0.22996503135881063   7.268349662768812   0.868243033668456
6.135516856337133   6.013277962064906   0.35652726066419765
4.171708124965412   0.6240529476009221   2.6913253286735075
7.724814930213031   0.4590850198157523   2.269850935120063
1.700704825613796   8.80325548624831   1.2776608642746936
7.495908443845324   3.347770427177244   4.7968363501614935
0.8833126129002915   2.679244671830093   1.1459361209483239
7.875737573019249   1.4895313313238658   5.0931414865330185
2.896919875732205   3.806306117882791   2.3364081595534483
9.618679452849337   5.714615862497051   0.007228704373655859
7.520162309538304   8.693082378759883   2.2777021820326837
6.490714972521177   9.10631645652767   4.9486529098964525
0.21854049579422197   1.0923032162689637   3.787592292646839
5.454503241424747   4.783608988062811   2.457028981463557
3.72766454156876   6.7931974641067985   4.83036284550496
7.925050913400897   5.384738467605359   0.35453757134923536
8.63304467106514   4.3832776668723215   3.837709509997663
5.759013311524393   3.2672574163070016   4.98462682681645
9.552987724708215   9.211957522696453   0.6172315861238146
8.849489579805535   1.2763074379044494   5.363474082805949
6.688734276651046   6.692318988835128   3.699433889528876
9.328236594194374   8.330040535040881   0.02655352412140026
1.7324944502867365   0.4325734457490609   2.6642169572301664
7.688996032692194   7.7641236617043825   5.19086052423512
2.4785014831883228   6.8545094889484055   3.292001118657287
1.856512017153969   3.5080085382571107   1.9191364414731351
9.786239533026224   1.9234273201554435   2.180055313174133
0.6967154328606566   5.864694504156158   5.479884188400652
6.4035797026185515   0.30210168105389995   1.7419432114323987
2.179297477778234   7.957076159168887   4.036169019466184
