6.266937101955715   6.015269172699225   3.825743991052575
1.0339185105396291   2.144418345077076   5.526739919786212
0.14338908511783033   0.8901858734976354   4.096661520435013
8.388192940528576   2.8267363730183988   2.3984857048225567
6.451115894603113   5.1620492014064485   0.5902237980601028
5.7211941574137954   9.659498071543318   3.416366700319541
4.0395379354872265   6.248392693296815   3.0010647145171254
7.265619183474506   8.38554934060765   0.12582609982536425
2.2698916030601413   6.2179456634304495   4.604099242945924
2.3356441681560844   8.209413309932188   0.8458759136962806
6.856092102694674   4.064005772147529   0.1564303769910178
6.097329319099924   2.0842273451876308   2.7986870217937603
5.245232139063867   8.583520501381264   6.008682510025176
6.6077510529143755   7.094831532250695   0.30876446869168517
8.331964558381085   4.663171478445113   5.219319699447876
0.08420911622954674   4.2052266911944205   1.4454716994410002
2.0056509260454023   2.782638521191144   3.5493297123724723
1.0790464898262664   7.119293793691629   4.401172525634607
4.822374222494469   2.668346743082642   6.126550259191104
6.6725171698557535   0.2463080537309077   5.15253652420599
7.215751021087349   2.7154177660206047   4.3673691198269875
3.7774216795776656   1.0156550049071655   1.3444415044049474
9.043973736715996   3.381026429899233   3.37916984212519
1.4105091059019097   6.073616113683416   2.6755048159119323
2.3899484266822277   7.299507708562617   5.822199711867873
3.5738194377512524   5.158729575209162   3.933511283624248
0.8777608698663619   0.21374121831846615   3.360905974048015
2.334532631973502   5.306289690814687   5.6048755984737735
4.200192341200485   9.653888727706004   0.034416422310094674
0.6545872262347358   2.9219419362031402   5.743994398163613
3.6230364513903064   3.540996467971069   5.179591538613969
2.366998508859484   9.260602001173062   4.999481076033469
2.7927697807187766   0.9699110042014788   2.940685337296341
8.442168619374486   6.868305477935998   5.687827198389481
0.7329076838321598   5.335144852955023   2.2566257296418564
0.03218113815356238   6.543618378526004   4.691353174883611
2.9492116184661663   2.9351369804234198   5.90169314883781
7.840110597246074   9.349867974377549   5.471332699525709
0.6609938259355974   7.898894774769348   5.190585961544381
7.795177139073072   3.8494487134489597   3.9651814485826895
9.024468508777634   1.8574095988443453   5.061442262150854
5.322973249034969   0.7420836180837459   5.048696337707256
8.051314885146397   7.833267460097131   6.271106002516635
9.285110095646717   5.021326896562283   5.422722940350437
9.068838467818985   8.111728133487533   0.698203104596043
7.657796691746505   5.821392045069591   6.050577329684788
5.4049769921505515   3.404178990819041   2.419154192342511
4.635617865547569   4.405906961649318   0.7961900838773115
2.2522978656801875   4.175052488201977   4.882215446180239
4.0570971565951695   7.440239057855675   4.63702910610715
9.232876560643664   9.183433973128986   4.887081816377307
8.638196297344884   1.0894117667054855   4.3780210632543755
0.920867362665703   8.931018810539216   3.176290963522521
5.630093339951099   4.868822255063908   3.854613014160508
1.2432805256574706   4.030859011734284   5.287741963599549
1.4016117740788032   1.0472306815385983   4.906964896883786
2.1020651957984007   1.9126636605887044   0.3288496082954148
5.167936060981686   1.780769304531863   2.604844258065628
4.848751017606121   6.922288678084373   4.732606190674861
4.11483787989031   2.0324364773821904   3.121610328024654
8.967755449691374   5.897167687051132   0.5310418804938659
6.301563671913521   8.998933824176037   2.818272186081896
0.21335677280947507   2.0282819686455453   0.05903247204766984
3.385091326219574   8.795473485910748   3.578365166054152
