4.605467353535516   6.564417461956452   4.423406163934445
2.0579518536899344   3.4347234945784537   5.196100431502239
1.1891456901724387   0.4087573383169606   5.210278586804523
7.674518936827738   0.8831792144755728   3.2120105492938653
6.972819682824167   5.304167375697482   0.19194906752237534
5.418673197404346   0.5244805230690333   3.258380238741147
2.6244036715145747   5.813056777612816   2.733094745421463
7.2457622815239855   1.7189111353235464   5.32402056356023
4.306354136015575   4.361274170869339   3.750033157838045
0.9210991700839188   8.914227029743788   0.7527540921562639
8.673022913071652   4.433022893981681   0.8516748423311948
4.942884493399789   2.6126624739801403   1.9186544238854912
5.089953592525362   7.540129604487078   0.8362584334670506
7.065686617823299   7.628166128752193   2.078070755985455
6.817530452425801   6.780250169487637   5.398584677389443
9.674320790094956   5.033835947241666   0.1994027506633712
1.81355565116187   4.509624983820382   2.7925601349116005
9.688212442270379   7.056697551306313   4.396507797564023
3.7589710150276288   2.0256004789406807   0.6361897210204133
7.129828669037064   2.717669793344835   5.816384128388104
8.160031332989021   2.338363965090479   4.000379248691801
3.9931707249737305   0.7736457979040999   1.5842066586627133
8.796407140068048   3.5848733099143155   3.0272362459064572
1.110317829922713   7.241157737063122   3.147096094316921
3.4180213305213525   6.557269166430444   6.150856503680488
2.9071254338171344   4.908936706306785   4.5444403606045345
2.1300027906960133   9.110016534018486   2.3837387502764815
1.3673195333358823   5.723877157201825   4.543973217243024
4.444649308431155   9.115127133969613   6.127812248697273
0.43346719954121127   2.4237412319636507   5.400340040274911
5.255082028628271   4.766280848655777   0.15272233716524117
3.654995507904417   8.588890632281114   5.740207992561064
2.587284513926419   0.208830498642324   2.219234775917254
8.662740586847681   6.339705281374422   5.328109984121854
2.407585903904585   6.79964572381705   1.6872192548519793
9.7312210861799   6.076441807176291   4.418421821100303
2.8744677968100834   2.733779673949132   5.667911429212858
7.464822348921222   9.50505323897677   5.46204122245154
8.578014882549134   7.52372227919879   5.219121118530828
7.6693176373794065   3.9482439152289763   4.025735147049676
9.304802456617157   2.1077950942958936   5.478964054851762
6.078891773713645   2.4703632271715894   4.918094175614991
6.692576353235627   8.700155683060885   0.8345969336718316
0.8580120434436356   4.848457371444642   5.122169502178941
7.787907112005986   8.369951374245751   1.3268754277497867
5.968425111894344   6.081211554128812   5.285458530830814
5.987137701803073   4.111777617473895   1.3893572120732844
4.479336759940654   5.3147862006488875   1.899089629660037
3.8810278703927787   3.1582896779496856   4.31259223543231
3.636755765232908   7.713351475145891   4.218435490486475
8.584345006304858   9.197057741435588   5.507179182629573
8.7457461614578   0.25052634841720317   4.953752579956476
9.79011112560927   8.733287099454278   3.0788056252858373
6.826126636753016   4.192503680904251   4.171160882244428
0.5271290541052073   3.682721146670797   5.520834860191475
2.0932206219794027   1.2705082502246732   5.837919618655543
2.9476285217142357   1.391961418018572   0.45623366050921355
6.317723526998849   0.9438739994379641   2.5170282294526567
5.971007977217696   7.894155036063626   4.640777091625299
4.822256716160524   1.242769281924533   2.8463493421318473
7.8729157218572565   5.504739538436256   0.055563632008778896
5.778007092769333   9.063388382854173   2.6337151550096425
9.523191152459356   1.0422759553624465   0.506986950246996
1.8593028714837132   8.036461642668685   3.2638721720873507
