5.812525753690111   8.026447523024276   5.737457619974002
3.338915275402324   1.8419816521640757   0.11548102150573947
1.3314739403518672   1.2115352097311163   3.41830328016694
7.067509700758562   1.6735482533305661   2.8450265335841793
5.758326798781393   2.8980501193640307   6.217206593295009
4.8179282364479015   8.534173676022755   2.9529048840572463
4.129743599095505   7.48042666565241   2.7818748339226103
8.634048994396927   7.456118110755753   4.385762879667496
2.4014235425110853   4.805574013142225   4.9343941400351286
2.673069008729352   9.45816434756674   0.6464628026562509
8.639795750351979   2.3545735705820285   2.1490498043035253
5.238979528471656   2.054461434114893   2.182143308363082
6.49041592812816   7.127569023932847   0.9957332017790198
7.359206914533048   5.879140365240244   0.9709036659845642
6.573994546931028   4.554780764620138   6.000493533511
2.853732447452932   5.697588680704528   6.169321767152008
1.570020281934494   7.032009681143688   3.0418987653485265
0.5589447639695613   8.678042046334665   4.19687170230508
3.6808949588548194   5.054899632804208   0.6009667202745445
8.438723302158317   3.246969492616639   6.04497599781535
9.332955646958178   3.1261565998268144   2.6615222213116194
4.386967313811273   9.316916165367044   4.61080123292289
1.7279680187565098   2.31076776708623   3.53555736226746
1.4660768683178027   8.527392311270761   2.4292213780489305
2.5584006934909658   7.666166241413307   5.29906946664854
5.394350911187594   4.66252736218248   5.053758607667292
2.736128541040737   3.3973416965453596   6.041778464833732
1.009083549990328   7.695623656562933   2.1811459727900826
2.623377066353314   8.548844698319684   1.7464222842107184
0.4549901449637871   5.253450491415215   5.828416926770797
3.7940719038279926   6.025000095940624   5.872165812643239
3.952997691806959   0.9907486824193114   5.643132211398726
9.498692748519117   0.6161466480638755   3.2713062515133298
8.944044841964423   6.1069926852537115   5.4589556615323245
2.606314119902625   6.555848586052278   0.6382383352844749
0.6636637897088241   3.1242691786061245   2.595567695427682
2.889410860637652   0.9468012827448755   5.773951953200231
5.150167711117128   0.2376998886967976   4.378743777050522
9.433054267912745   8.35990924046198   5.0233298416988665
8.37678331209644   4.261265396265012   4.235716505557358
8.043002441183123   1.704384954001509   5.644190226220434
6.651403018810308   0.39353623391535314   5.616790393611346
7.49151678837473   9.520201114523923   0.32476954441589123
0.7301838251800209   6.316035686538782   0.2686385302963459
7.797187109967721   7.373613285656391   2.1334184136675725
6.369168810711561   5.484933697311295   4.935851127908913
7.200547725686992   3.843221677135687   2.269473878250177
5.678810538511457   6.192457166419338   1.9625680679068438
1.2654057938871373   5.511096016799447   2.4120859250309596
4.870004126779058   6.516951582631377   3.8054317287977972
9.319485992842274   6.874597227787827   5.047676962711082
6.0398411392099   1.6787299781857739   5.270454315337007
8.426401408532499   9.78083581796063   2.1448489948113703
7.70751082364858   2.7037317668683407   3.331655411008249
9.317337650672775   5.235734141912436   5.647623973670299
9.79654934189692   1.7940320705679267   0.5846536523606402
2.5556479239466574   2.1867365659432023   1.3718734860987525
5.630472125839779   9.075205692643824   2.1621388352774664
3.4564350588475046   8.182672892681449   2.7689199387717385
4.368152154295182   2.032868247965121   2.5672784958629293
7.452448394162131   4.9448857109956   0.8918957731201812
6.893115964136198   8.730643312290795   2.4323869090432977
1.597387513874596   0.3629452953715271   6.038224224986567
9.313485591318864   9.20832855378211   3.8819449842425726
