5.973327629454929   3.7046442196173666   1.7125144131131735
2.784463125768613   6.109270371478535   2.1156349950602142
0.6156429514297355   3.217947180542727   4.741336538105787
0.5403223504144822   9.786668842151927   2.254272719005402
6.1281238012352794   2.558484736169599   4.826811592060271
4.394384765430688   3.1752651376679033   4.206586036963285
7.143228050616798   6.399303296869385   2.2859636823562974
6.2434662535546686   5.883661185874983   3.6338152250381484
1.7338340236518388   6.494252533925179   4.65380678106529
5.190602442556553   2.5007918646620895   2.3217653495008994
8.261417716915862   5.15507579811826   1.9598244304235126
3.3112704437617606   2.656725648654372   1.5809885877892538
9.267852792554644   8.033520058940288   0.7245806834512035
8.212579898921907   6.095334815651765   2.572966865900253
1.497703326769775   5.379602720512207   5.764349158129189
4.204985859004384   4.073176792350698   0.8499989125787899
1.0649603789806459   9.022622620551887   5.480197639214282
2.5771145637042494   1.2188021459206853   4.406222108859352
7.529104924507875   0.6431699104879239   5.668544950708745
9.355024686872882   4.171113729231603   5.943376260691393
3.679360174753569   8.764621747331903   0.543638438653501
6.572978191503612   0.6380981461755046   2.4670447704981178
1.5328560769153579   2.5147380180421433   2.5943605596615154
2.6701610822139115   0.24524093313443673   0.5064741065002696
3.85604914203012   6.418794554975395   0.11401418874162145
6.5665789840345035   8.847602985801739   4.2033197677091145
2.3931255694583697   2.630430702226932   5.4972235190832865
5.308690940566477   7.4289445337401485   1.7055914115529416
0.976628276904008   4.594628393672949   1.9940256185296434
8.585511705634067   3.641104735673112   4.413091789607315
4.290646347742683   1.6506340540865057   0.04900898664385375
3.4080911323285266   1.2081088056674032   0.16092791843413481
3.206910368150285   4.546064470267857   4.7377543282876795
9.582200064965605   3.193015722007918   5.952466578635008
0.5450994610823802   6.54535644309614   0.6996357160227774
4.251592931192684   7.963802809236898   4.3167075521471325
5.637259700878807   8.593954805528881   1.870951581519784
7.871266160172934   9.15361278473631   2.4112979992190984
0.8734717218909385   7.949206988930932   3.4223435393979402
7.737510950022826   3.2121581969726756   4.196282263012828
8.389833127007423   2.521063708194747   5.7268860357383256
8.744121982259513   9.245394198583515   5.525305667432892
0.38636772797682556   0.8249584985784275   1.4563049867625624
8.869498101351837   6.670871804072323   1.250653745825547
8.214026985318249   7.378317706703804   2.620184837510634
6.54818523550462   7.338817225115633   5.1131224470590455
7.266556489951319   2.2688542825151217   3.4254941159492267
4.939674159997945   4.7347076940964135   4.219666288384169
5.379213923994117   5.570076800898373   4.836428426631696
6.430614496284836   4.7784049451636115   6.229066654363685
0.14377051918793526   8.992378904589831   5.224966185392588
5.653719691345045   1.4266532532601568   5.303288567222208
9.448145301002322   0.28619993346007866   6.164180075499564
8.504466413834828   1.5088038760391875   3.1589259913603756
9.349349270019964   5.338668589346201   5.401251285774475
0.37967505222460024   2.015030917677528   6.224665661782863
1.553880326923544   1.1162023088324113   1.4718104916637584
8.343142913540568   8.319087030182015   2.670507659778116
4.6056028591350655   8.870638936360717   4.228048013017462
2.018008302921429   4.051365516924889   1.1723146339794677
7.3685827946663   3.9988663622014897   2.0292644530403
9.799328273887456   7.2091385211839905   4.420827377514789
4.697373584263774   0.5303972241441426   5.830349116366737
2.5033408239617474   8.324869987600342   3.5248098966686516
