3.9337364914756368   1.174827769656184   2.889152746427417
1.3968510893450339   2.3039434236161584   5.5534504256035016
2.774533894314256   3.338845825591979   5.2503808335818345
1.0939205149430424   5.283253232514304   2.199339353555628
5.524817525628772   4.62349069753698   0.41634258592679285
0.5014488856006404   0.5300847266289235   6.11920515721882
8.159531983803083   8.021244055444113   1.8285454967671653
8.701818934918348   7.323719277333782   3.5891078370028726
0.5763979817416943   6.07777117701591   5.01592682484575
5.18878393950704   6.329202223078566   0.5465297846322061
8.018608110550723   6.386908936920303   4.774632171009657
4.765875547352825   2.5138071666437285   4.060626721469464
9.366871533281293   4.4132224607581385   5.871720516284565
9.444444763472406   8.260134681520734   4.856839420068674
3.727797757510911   3.722314099464034   4.814015496675405
0.5039500622859248   3.9500311089270053   0.5006359877304924
6.957456165361966   1.5337310184895725   1.1008323716628092
2.4091202947995893   7.346368076182638   5.536624168611889
5.9541564357211225   0.7035007030206052   5.194997308210693
6.890668634548573   3.987882770941712   2.570692284142763
8.200362614788958   1.688409932156396   5.096343938520584
7.232621143494372   5.592731411451348   2.7478507194505046
3.350197985854775   5.111114123198617   1.51403464974967
1.1135515774066744   9.309564146110706   2.163582883161926
1.663753108177185   8.170068917884782   3.543837613377628
5.8802894634107306   3.7223126971423124   3.2606878106596096
4.5627157381761965   9.703008641410138   4.601663400364082
5.5716239577428786   1.7157086013352378   6.22073216257205
5.0127483025414   3.7870705180974946   0.789920237629592
0.6748565535550903   3.075646668759033   0.07759436091075766
6.3601268607755435   8.941785088867277   1.8042562956654618
3.427404537495277   6.251019016927999   0.6406365487587435
7.013202540100138   2.516131055191995   2.58628768095757
2.626404188419293   0.8964120728457012   5.067356467004037
8.7550079834087   9.251185317462943   3.06720426432768
6.09801319894477   5.437942507142208   1.116794246942833
3.5971095172234335   8.931108541085162   3.3354786681086876
7.41375075348735   8.72691067550515   1.469318499093153
1.0234904307371675   6.898971907726742   1.4995260965784758
7.264450158383552   0.4381423522688494   3.9904660487899464
8.956855529109108   3.468518336144974   1.028307360527693
6.152756325973952   2.5256816954215475   5.840145803899478
2.3086582715105033   1.9314123498111013   3.414861105524909
9.052777097224654   6.382478512134805   2.215808813303459
7.814253771148845   9.52010257262665   2.212798445894717
5.385249159854913   9.561470785163223   0.16829477255366157
9.2367971089544   0.6163224319214377   4.177637702414827
4.430306963444791   5.463176446433627   2.3531939709144205
3.6755134870883044   0.044452429538733185   4.762438364111258
8.337290907273639   4.6919172749073965   1.317271884592012
9.656696436703418   5.441077246791193   4.187684654553169
2.2749211066412123   4.735762231447496   5.095131142684156
9.672702060458409   9.197037717390076   0.28431115329079243
8.056375354896835   3.543013937065298   5.661696542979189
5.483040391759833   7.386049170126093   4.539414757722644
7.385849294735735   7.15430030572203   4.478147397528359
5.02082827550729   0.8827116871337416   3.6425451738516395
6.185608004505038   7.996914106470431   5.989351237574151
4.444502842313418   6.915413553403933   2.7731952912586615
1.8765108655627971   3.959369217321114   1.7544742691979838
9.079792826501734   2.2020916949005036   2.2832511875720156
1.7452265141892482   5.966033034701312   3.501845550975785
4.331736591425379   8.359228652703942   2.6796595638448095
0.5261290165972566   2.0779516633007233   1.6064165882841444
