4.150833896514706   6.71911567202776   4.576153781911453
2.181152389565226   3.086776194743398   5.7046199251156775
0.20930331869955662   0.012130887662481604   4.850845173361164
8.268219054337466   0.686626096401233   3.1419149327900135
6.659056563422055   5.250811747729484   0.44060588335044315
4.994353011344671   0.21324456654660118   3.6554053154393213
3.014964507479772   5.920299158109132   2.653754953448781
7.326931322385599   1.8765876289737138   4.744941177123289
4.2620083055204505   4.4888184375646905   3.6883053071540552
1.230677543314069   8.185624062496647   0.2686796233348173
7.528854940909392   4.431263263118819   0.33817906766060646
4.908298720954541   2.5103227830588466   1.8366912015481969
4.87133616905746   7.970658235670325   0.26373582000345536
6.544629626907524   7.329413560234622   2.2223696903194328
7.292404048566889   6.061077858428021   5.311903443401138
9.790005430423458   4.907139627712535   0.5432936195270243
1.6346650166836907   3.9919812970452613   2.9799432137759663
0.5040151513344194   6.977298842235864   4.497916268614487
3.682294757119796   2.4425553388919345   0.4520049884443931
6.668851009281411   3.050072100824919   5.586375091835044
8.152549908629789   2.2605056576694214   4.420060432593497
3.807184552726116   0.12662337577517824   1.4158781345797897
8.858973401149926   3.466097596409471   2.7825712214611635
1.325882368593108   6.606743065948233   3.304760012505579
2.831751091434088   7.147073788753452   5.800704576235007
4.314112367442855   5.379591154739003   4.354718990618275
2.307694161144939   9.32566567183598   2.471964589906033
1.3822850066668018   5.436428201458814   4.780928595280962
4.1312339867222585   8.927408169466766   0.03364568995745343
0.6470294670315087   2.4049022146893857   5.380286587265062
5.930845226708648   4.690355935974654   5.739620870405976
2.979903710419367   8.722301950184985   5.533360567388641
2.893254907404409   0.8145745150186067   2.5040989808951872
8.83196846014733   6.219018781030928   5.088152403877936
1.8450051197389596   7.385505164649202   1.7881223864263238
9.72997595926419   5.845392344079297   4.3513749736215415
2.8547667312578437   2.511554135669488   5.705408944398255
7.772771805070789   9.644952290092624   5.351742563298192
8.830142192582901   7.425466497590071   5.191869566289317
7.947891158217532   3.6153758043606583   4.084096782350571
9.458043688953675   2.119384647015715   5.334287274247571
5.1935786210152965   1.2058938835546817   4.943456101267795
6.974745921104465   8.841255235734495   0.6206141066894254
0.7460676454052029   4.433221635249249   5.078547705779419
7.79247038544671   7.269254226065536   1.0707767260786718
6.449102062320174   6.3424255137576075   4.764681285860828
5.357375297906147   3.908646529195856   1.426962697028746
5.45471884580744   5.583306662278271   1.3349308482935773
3.459983337684713   3.8959432894043586   4.500911462508085
3.5411283450525657   7.859566888814   4.325237783519335
8.818273123672094   9.209018720640085   5.454227919769885
9.10749679978296   0.3902876569508606   4.787792171742517
0.352914314763172   7.8616403041219   2.9068913286243356
6.634453616879363   4.010239856819412   4.187899629621499
0.328617243333665   3.6260023804429986   5.771905810371813
1.3778868193623794   0.8009263746778922   5.645291321600261
2.1842771586393326   1.468474898616538   0.8235940620176491
6.026615505443077   0.8756425456435248   2.2370077725951734
5.8474018283709555   8.050927154053886   4.362888616124641
4.294186424166517   1.38074420405428   2.888681997578105
8.46807685575907   5.395610368152462   0.19725248767454204
5.772839313070574   9.236140751500587   2.622748033719625
9.75746110887618   1.12937580255419   0.015967520909136113
2.1493011052338185   8.322108743389759   3.272156318732157
