2.1948177493967984   10.725666867763866   5.735512999526003
8.378284161741353   2.9509601817552364   3.33214519489878
1.7306498625823092   9.086833138690805   1.1652499337877404
7.379177617544728   14.400720514086117   3.369319588922009
10.070922229906438   9.127685043594237   4.895766862240838
12.879091890937374   3.792795017189504   2.266532571906459
5.5844209256092885   14.208280201231718   4.520687301957649
3.4334436259738195   8.791748547005108   3.087079531233352
7.177186545399962   4.495227388380645   1.869372195027988
3.979592769997005   7.475694648660212   3.2434065759591872
6.937278931268202   10.725595197316661   2.6828266275168344
9.342196538549599   11.79600467612402   2.6451690726269828
10.310982922107076   7.90876249678272   3.279949328101377
10.627413282468904   13.612394564439956   4.813229352145155
12.009630516744252   5.800837358239817   0.5435094870305833
3.458927910125716   12.989837540991733   1.178086082343576
13.488580277007264   0.23752928711939536   0.15506162488256292
9.045371461955163   1.1455334259276062   6.162134136787919
11.549851915668217   7.35443537965019   0.748788323278893
10.347831361126678   3.73292750019078   4.493470293315825
6.941826596072873   6.152677447050477   6.270785922487812
9.279354912355178   13.929010499868458   3.371325986163211
7.353335973761508   9.290002618689831   3.445977447725177
13.874044800203814   10.212928370995744   3.9300012413593732
10.858557905885995   1.5110563379760378   3.1465191412698066
3.031542413382365   5.44172689803986   4.332169368083815
9.26935851953265   6.833484551545334   2.69300007478509
4.966773846075713   0.9737023648818626   2.739543265286404
2.3657051224062924   7.514033786942484   5.456048878799304
4.440023052085755   9.700210472780414   0.9115432950880683
5.022269794056893   2.9310595170145484   5.4058689646149585
3.884526080690131   4.72856323223927   1.4213734393682718
0.48378768147295054   6.8922200017992665   0.4767799086906306
1.8643216368343047   13.643017499745858   0.7580653395006492
10.516411505154293   12.433681718285603   5.655271500318903
2.53893496131172   12.02192292651841   1.4763622576612783
5.551160414713359   5.685669952418617   2.530493825446775
11.92423724352207   4.376212186841903   5.259662206073653
2.657378317577564   2.518906223758177   2.9032816267705224
2.159451292912035   1.1059152940442694   4.274487220665378
0.676746656691411   1.383679797408802   3.9857934539127875
11.403886768313361   3.2483254751122903   2.431308679330558
12.551410055417385   11.590115376547285   4.857939717543235
6.1041674344123225   2.8836424434588417   4.69664956664519
3.59831191002276   1.3411571483214293   1.6850772935321965
0.5605342359797721   10.611898169099803   1.2700750184928358
4.716365977071469   11.36863620244093   0.781748437845504
0.7842436991816158   0.17631171091270725   2.0753208723428136
13.686896209230321   1.3108146498125037   4.867915013608655
11.997998670369268   0.6885302691977819   4.258068936728018
12.827002715423518   13.439327258710586   3.110626675661002
10.682145854541984   10.8777066255123   3.7214639535045673
1.0546065278952677   11.81000298756699   4.8200978947135615
0.3694228864236788   7.9610707551395805   1.3552895860405914
4.9008566880724445   8.432153415580103   5.154104730018542
7.839767783728331   1.7613194958255671   2.5276971026359956
7.681942352064554   11.694211598608202   0.3210493628149488
1.8361214953613072   5.558405896915822   0.34350486382170314
1.9046642908798357   3.956008246594261   1.8716931853928702
13.499411586119626   12.51585293587753   4.606586255624268
13.763948768206427   5.75097006558067   2.352277921893368
5.7645046173748735   10.063429177976905   1.1548391683002541
2.9709223008848165   4.181795939276036   2.973896421714345
0.4798710668667575   2.6170817194230667   0.9712759270461221
