0.4924864075233948   8.249504319970635   5.013677650184816
13.076526433324108   1.7358495716320743   5.334822255917334
4.0926083998652185   0.22337792462730155   2.0045321284545787
11.376027543743996   10.990849923883122   0.025334566963150174
8.92764505465094   1.5305127669082506   4.468064670163224
0.07785929799212318   6.278635176471433   3.6814782825569092
0.33518397018904744   1.7816580432237967   0.9399101609741349
0.041417024617802056   9.549455510317781   0.49127710585762063
10.986442075062806   6.847399545016721   0.9028490238626581
7.224112035302163   10.048787386796688   1.551875609924952
10.270902535586327   2.514381093651123   1.184595193122241
12.304493292439979   10.401910942545719   0.23442234350471955
8.584067577009929   13.73050729646253   6.229769811585352
8.250676106267846   10.72544458956715   0.7712702351848079
8.112648955208993   7.3859693970489735   1.6632705855316154
8.151128341385038   4.3346042449032005   2.8672512246240403
13.35851948700899   14.018006775940735   2.801211144527795
8.112871268135915   5.876639910118483   2.199616281642488
4.334235467382829   4.309403824092251   3.4988252990531103
10.504580741676806   14.032902601260872   5.531215049186292
10.628429758062728   5.653018046174894   3.242043725608061
5.925272333139518   6.470283781891197   4.513057623815004
5.82816917063785   4.4201502614166355   4.66595349511814
8.570253978884805   3.1668242333921057   0.16345162499756813
11.154262293804159   9.352957867199107   1.6972795931999878
6.109036897669186   11.149833363980962   3.6072748428605457
13.13341988986248   4.0935124463361525   6.064706926121333
10.265399072095695   12.768670857810555   0.9326738835917839
7.072266795439651   6.88152064844813   5.5062700776978595
4.344423798183357   7.8766801492395295   3.700330088755414
0.6835954079809814   3.153694546403993   4.079769632410895
5.930265420139191   7.526368322436094   1.6155797976706843
13.007658660092789   11.312759046135474   4.941381636045665
1.3594017567496346   4.487607796497869   4.546467502859557
3.9159530617022837   6.7702045576081415   0.5517889254969159
6.2900871671821506   3.3179057899082767   1.9943504666478944
7.108582617649928   12.804475738905875   2.8818037578305145
1.8130623115068287   9.323078622183235   3.028329217213399
0.8945598972441161   14.033645319287992   1.7368361464904505
13.935154556446959   12.88352914565533   3.7603212254233194
10.462306865393886   4.073080956881824   3.4253773345286156
12.628498867714917   0.6184528967515521   3.1663298936255853
6.454606303355042   2.2648557121565425   3.4723768643510913
2.496805239360507   14.117627073554806   5.732098494482054
6.715961993301715   1.152381486293871   5.10352373676173
12.064880094995662   13.621044699595334   2.496030126791127
2.5865286911116567   4.75466381176543   1.006320355365761
6.548124209188595   0.11049418215079854   6.083254405117125
12.347502796400118   8.484561146794224   4.606160877631556
13.989512818887924   5.199483026942966   2.6262796237849626
6.032254113240565   12.921073084567544   1.7427549298453777
8.968308685832403   9.641627040198813   4.876557415953073
12.94545213187401   7.390462044443621   2.003316609530553
12.025932290242174   2.7038298161283727   0.03935344391096873
3.711252504102274   12.774478723013027   1.9020563073276868
9.825094137505157   6.5370867901762075   5.01271151393439
0.036146353946581555   0.36542846603771995   3.6151098852300767
3.8671257693692933   5.486905497418695   3.6203865571964697
5.155152344108023   11.65858159224171   2.872947675141674
1.9344544224500213   13.153982321210522   5.722721359777898
2.576622232256665   2.2393741425346065   2.499120010632235
0.758270598640863   11.41806004753592   2.995431122342564
4.785996119912686   2.0604604991243307   6.146940212480248
9.300729591493454   11.506797169316776   2.7065278277837153
