1.761820880868204   6.0294674686166685   5.876873405332352
2.141996895509278   13.375307928659122   4.475013630199196
6.378176423997415   12.926839551849055   1.256487585448053
11.849377209728537   11.766107511336326   5.087319998004503
7.358081610770424   13.539579655845902   2.735897771853498
5.881536673195886   6.511656235738763   4.859665568392526
12.566001165064757   2.1521549077978617   1.6036815625265066
0.7935095017124865   7.074861506135588   2.4280898070730337
14.048222229917533   6.455518529822488   1.122354625081984
5.756804532361452   10.708844911610859   2.298975639788797
8.784114531466976   14.139857406880873   0.7726286477105302
10.934776259622444   7.26040955771205   0.9269694361544595
10.321053610582814   13.45224930659598   4.691622806347822
7.6645300156357195   9.711002417494825   1.171818887430683
12.067131494276182   6.5291105869706   1.4851543674452095
3.380688373469299   4.698469645527609   2.6829344963887367
12.118170264911972   13.953449091264643   1.8823406745777804
9.376027278774783   4.346511364263011   0.7136307214056083
5.43327677881453   2.459074630530349   1.9720436939577881
9.904959140437457   12.101686495164016   1.4002752289314622
11.157610058270086   5.549418985818954   2.345616408157032
4.885784011139664   4.480093608014151   5.483983383292805
6.923911450127807   6.9296799882663365   4.61251750105684
7.398584442619091   1.3689420005004116   5.993985946190554
8.743806033066075   8.660494983584698   3.365892976691211
4.493146389056059   11.436151766311376   2.1969981639366885
9.999224544403393   3.40354617632227   6.066185455263537
9.174899694434226   13.088878514743609   1.446193245594763
8.119790149346722   4.399044023716909   4.618025593043262
2.8883493602474672   9.852840136376562   4.778678939488378
1.130741414021239   1.1317604393264205   5.6387478125718085
6.770037813698666   8.320419071935834   3.2337601859458647
13.177715012690372   12.051007650377228   5.568118737063781
12.865396537562534   5.626812732830114   4.8761905414873485
4.496395870811417   9.716432294817713   4.263845604393704
3.0479690328460025   0.11606034131228432   1.64089761150176
5.728556402128368   11.973611004474696   3.074816811576148
2.611312069167677   8.577497879900383   4.84787659019654
0.28945667660491037   8.475606269697408   1.2280827145194935
14.124619208325356   13.281702511687982   3.8618175156941787
11.142900738867963   3.81295831429779   3.1060061583009784
11.340421552816025   1.7613973152214524   3.4919260102381666
9.937655497741485   0.8746327811618844   4.886472258224821
3.1515482644995703   1.5513423129232276   5.582507952933066
7.300311989755293   3.1396056195986755   6.196258474329696
11.106617312641104   14.361760933175638   3.251434368741523
1.9266706309930315   4.9408994754511735   0.4196370581995848
6.14750526855489   0.49552755179476854   6.138691706317472
13.84964714482669   9.322323159138064   5.926154304849448
0.19665563704166605   0.09716761115567846   2.0854967870498893
3.8635330469162983   13.580812245678292   2.237602366315452
8.838120243485797   7.488146373771322   4.8333771982598694
11.580387583600013   9.145876112708034   0.9813874983674395
13.352529761548992   2.9417046809407976   0.4073798946611501
2.4895983058385727   12.0880043218438   1.948276349382106
9.901009225051565   5.63645093014142   0.8000768554761477
0.7002117167556827   11.468632394772374   1.7996393593535833
2.919128153725107   6.349501813686364   4.295870146710564
4.640987103331904   12.469943266509103   2.4349731677963877
0.31972799820301057   10.357521849897015   5.649434177313063
3.1448028549474207   2.6949349368803084   0.9787024139237265
1.7322791830124773   9.700534567169063   4.217999623731863
4.463773573328222   3.4650520391231665   1.135715174304252
9.174442915466106   11.187611848688366   3.492092870803236
