1.7605889246828257   6.87984674980628   6.063937725362171
1.2974393484352198   0.13028157648190586   5.1478807580217
6.158183228515348   14.085497111842018   1.6797962171497307
11.130360316358729   11.378859772115987   5.778243072494276
7.165640573766367   13.780920750258531   3.406854372306356
3.7017176058538404   6.990368900839847   4.326949853824471
12.692320765437021   1.3438647973257372   1.5679112449427695
13.50925085817592   9.751811972257096   2.348732727693632
13.272986095293984   6.807892620526883   0.35550107093271743
6.61041006452611   10.477950496195385   2.1194300694508743
9.416106883270574   0.2415793224041457   1.4415772705352932
10.663919892097233   9.079484356610902   0.827383736351634
10.958143042946512   13.654471539444751   4.92665024026781
7.900182279046577   11.082222469843588   0.9465726426250916
12.136746640540661   6.911276913807466   2.4715426893214945
4.163679364828786   4.25902618221492   2.793718865532123
13.664054991869136   0.2568005041491248   2.393118273366445
8.431126039011463   3.6727606692796133   0.5904598509865338
4.76105369829241   3.345592508179602   2.4376129738390713
9.638973410876273   13.16809930186776   0.9107713064847439
11.036266953803837   5.49522648915881   3.2202517065826273
5.921678636316443   5.59267520657524   5.620368459762316
6.554985863147433   4.6475131718321085   4.2895934449937485
7.955859343129313   1.9850273091141357   6.2314154899149825
7.7404294980526736   9.164641800554548   2.6349315614811233
4.440523893033531   9.928450510264245   2.3584829556512004
10.854428076984059   2.2795783391277307   6.184628618017221
8.3880608673016   13.604370547309847   1.3036912822135927
8.097366343024447   6.513654051856924   4.365014108134798
3.2981371489124247   9.376257119762377   3.9165274126013694
1.6318951013181295   2.3412839542367636   4.413915682824149
6.793295076692494   8.507971388339095   2.597696799053983
12.775868077388209   11.817624601230074   5.173823213931977
13.000206651534594   4.346057408051712   4.841139211547639
5.414844941785061   9.002485188360685   5.346953717855767
4.275981371446198   14.404169244928358   1.252676166668518
6.364399124385385   12.27162035412796   3.291226441576258
1.8700385761207239   8.154922268366013   4.131146236539542
0.7414972467782477   10.562380314218133   1.2894998845744292
13.858229585870168   12.142111097319544   3.858912941873304
9.794476228794542   3.12389539747527   2.696183679722182
11.349368009335844   0.9420229769334403   4.320782445990339
9.12759471141476   2.213830012172907   4.378575283490421
2.3145733626387193   0.6940760871008056   5.439835538257423
7.3820897635412885   3.137793338704578   5.93521824042338
11.96267319924029   12.961526036356387   2.4693012025432726
1.1641790539242447   4.530575362308035   0.20314936290359087
7.063787545026817   1.3092912182749674   5.4486987926676695
11.223358271438368   10.028409099781065   5.859717247262813
14.093512895664926   2.3090191541939276   3.2706410702173847
3.992199227609903   12.251249561126581   1.9470561735346639
9.070528922483387   8.472420713613536   4.392544134498726
12.185645255052284   8.987012178625204   1.7424409676605257
12.59497417001119   2.9266470281134844   0.5152307673236525
2.7531422908745555   12.707874004875702   1.5923238754389166
8.874388014971776   5.786029673261778   1.0252063754456564
0.45819342742744684   13.80263950078215   3.0134482433484093
2.3537036719424806   5.602247986692593   4.3656289612403
5.086626695670033   12.057473196839602   2.648460249434964
1.6847932537149917   11.472859472586899   0.1278446063226717
3.212113731640276   2.880967437738519   1.3992508026889152
2.5441997313936855   10.302265808030276   3.4376548612045257
4.830804361048418   1.9314188181773595   0.5144135407295547
8.545436012014909   10.01278562857117   3.6935230412226545
