13.970856579827686   8.659370121084091   4.5573742867421405
13.930630303612237   14.088511435904726   5.652345332629046
3.6349588482704607   1.7750561997872185   1.7694490914877035
10.796041976768139   11.158045866776018   5.2458660672278254
7.039611340821969   1.1525675834980393   3.8947460896383115
13.933500055562593   6.684749332172609   2.9481939918432754
0.9363959357663206   2.999933660416075   0.6395215596868038
13.465134686249575   10.33550238371097   0.16611097493131538
11.511053730570486   6.823688448717113   1.3588476226201758
5.974741488334249   10.347774964308107   2.745486627716361
8.282086658733968   14.370405797882372   0.9521435846235932
13.094159200909079   9.324927740427242   6.212463333221435
10.15881311682786   0.9352027455194315   6.010331202237618
9.222740511818417   11.145622944093779   0.30396879365708696
9.085813264963718   8.954583312302372   1.1342529287421796
9.07809603607604   4.666390169093518   3.0890371614538443
13.297659803304484   12.671828575240777   1.9614951384358994
5.992845696973579   4.663389735682594   0.9999752271727487
1.29490642817707   5.899350016134916   3.5685691446956747
11.496649635974507   0.16002841551497549   5.086826843623372
10.441785516926677   5.922506473701939   3.62241714275257
5.14755795439418   5.781051858550969   4.280294407602911
4.150703854204744   4.139300825926434   4.730941772458223
9.809036511914245   2.609756467670034   0.2555175588229256
11.280399453773223   8.310572360995053   1.6505200999679168
6.574572693455044   12.229161716617305   3.2376361626463157
11.841024444645768   4.528654831921021   0.3198420807008457
10.19844094434422   12.955247397941651   0.7917884578603637
7.2099313400631   6.241474900167238   0.2749798730976314
6.142710515833543   7.770749034528589   2.6855482748148556
12.431699431400961   3.112283559456795   3.6847780097707745
7.753262228617031   9.745621299120668   2.0942739914987003
0.4061993680969541   12.684907187664558   4.728480334562472
14.264660530916931   5.676547306079472   4.338256536308303
3.861152541219606   7.1755959191472485   0.24986388623121747
4.477616716386687   3.0058348445157934   1.7785966047869195
9.068066208920383   12.388759218971524   2.5452692667095667
1.3026778467483167   9.71199788810188   3.5326585967276385
1.893302796606926   12.09864244709725   1.5365520098546521
14.067250322118419   11.640315506404821   3.2545172242225027
10.190467920830018   4.0664641789045035   3.732194157694301
12.873512162680097   0.38841126523396363   3.661136199598358
7.802237009162304   2.9786353395561997   2.865256814183095
0.8651145188020216   13.6868681988983   6.093676975729975
5.739376255372838   1.6639830741982535   5.862539849089043
12.10311024977647   12.246835346574763   2.8055913172354927
1.8738485020786142   3.4995954572449395   1.3330038053309727
8.323756521735778   13.245538816782496   5.835236678906901
12.916710723220822   7.661451097894876   4.442783587986766
12.922672235893913   4.833367423190102   3.186379552032361
5.852981717584167   0.14194605672217991   1.8468976361697058
7.63329597104321   7.683846812897929   4.779878913057876
12.092561506434842   5.843512830280421   2.053118188671209
11.75382404987634   1.5109290907024293   5.600108305067729
3.119457167169693   10.611332111109936   2.245981281780971
8.5867080683182   6.7687213917172215   4.473293357819854
0.8786963865529571   0.46279398473103156   3.723979650824969
4.7091675609566   7.878040008423357   3.112668336988337
5.732369228909131   13.417901319088644   2.3340225942538977
3.141956163031697   0.4906472117822639   1.4991982380046707
3.145950687015545   3.524072409823337   3.204949661701111
0.7744193398949727   11.478323799263855   2.9631428009713283
6.087793814941642   3.163391968456241   5.652883128456058
9.771606693597429   9.936663613707022   1.816622683359823
