5.01889671774399   7.179235021152557   5.751636779657987
2.855947083647279   2.1223485091490923   0.20348652222399966
1.1598343767719688   1.0406345633666496   3.166872312876113
7.023138825291993   2.039085586378929   2.6786091075096143
6.219053777051341   2.804733198958369   0.2545091281647312
4.68903758083238   8.091170608894272   2.882124604183459
4.168944034691814   6.959468878617225   2.922059804421158
8.556985863810926   8.370252253764127   4.138340779621448
1.993194672750471   5.379223939849552   5.069868559684568
2.9807513096590923   9.284096775040814   0.7673238950755642
8.639064518587517   2.772877489003305   2.4354924441177235
5.254282430670207   2.5459119283321154   2.3131629736086223
7.54833400404108   7.25004655383412   1.0458015777000245
7.943040589667504   6.228331138074717   0.9136903454658235
5.346500130432268   4.973333038743806   6.033008540391917
2.9346943057088106   6.043398578351697   6.256600522525301
1.4011022428937427   7.064659070195959   2.5282634709348164
0.7942519725361463   8.98021642001754   4.192493349288033
3.659618564903148   5.24764114325475   0.3520268191681067
9.076208061568021   3.657449873598319   5.657971035977432
9.72724815621444   3.0350890273149305   2.551083031947737
4.905582424988481   0.024733833838741504   4.386180712609916
1.4918077040039093   2.7470507238184028   3.669446371081609
1.6692450370249214   8.83720916416413   2.421575745921082
2.1333496461436012   7.901768433580548   5.149312214823197
4.858169699925377   3.7537603773019597   4.945295005471568
3.2084282239415063   4.3454858733364965   6.232912257623907
0.8273017024882299   8.13350733707711   1.5582487850023707
2.8999564083263336   8.31269148374792   1.5543695636200179
0.15619233315688713   4.827733539393159   5.864706456052428
3.8212325031442345   6.142530272049229   5.575472435049092
4.451193600287465   1.5207840026380675   5.900262636595961
0.1760048906913136   9.615801211929512   3.5257401293309636
8.284629003640392   5.126280797788269   5.727460247304274
3.2411325920540754   7.263562316195435   0.8360223519400325
1.5927006664941374   3.7219072319814748   2.3995475281590535
2.9492709881178314   0.9241152380894332   5.687222319251602
5.408076036595567   1.0917671740308594   4.660639642554707
9.372503449981014   8.687281143120298   4.525118127549471
9.159138658870146   4.530436598543297   3.8392034873559706
8.073820917078713   1.6856009489827644   5.587755101845039
7.141169553347224   1.1262503238576362   5.227363726294594
7.810242925382113   9.30529841917824   0.2507873918840116
0.4342264808505202   6.503129071951802   0.7949767337071482
7.698371596220741   8.15480566043476   1.8565674759386248
6.462364575446338   5.09028184387775   5.4275427837842045
7.601608469904497   3.672021520659558   2.4208018695918576
5.556721866793121   6.316678411890375   2.1385359687695944
1.1779906807172846   5.692934815601873   2.21514713863489
4.574281480173777   5.655481505370836   4.080646712358621
0.2111186766278509   7.4705461366188075   4.874726391123567
6.205368408005507   1.6658984613300456   5.195550650599539
8.85629586520643   0.9912717506831314   1.920297127704869
7.70751082364858   2.7037317668683407   3.331655411008249
9.692141855909124   5.809030709826079   5.654251541132299
0.005150516729413468   1.9395629225531863   0.8012343757673313
2.0212184323084896   1.503850740001524   1.854376986463404
5.860089101377241   9.72628529386758   1.9954279930783994
3.7785806677453664   8.266763702898881   2.9234617737224955
3.755137798653322   2.651790063679297   2.743065348098258
7.452317506656241   4.6515179253802685   0.42203744308608593
6.8060759081681645   8.369137706664441   2.3193048726411702
1.965753630691856   0.24431169175465128   6.1241685224323295
8.807010735801638   0.1123458346334818   3.527857672996278
