5.635047364294484   4.2055499669287375   1.4034733273081212
2.310092470231955   9.740835109763319   4.355521497003117
0.8981790061807948   4.732963273274981   5.041494180204264
9.298664773311756   8.840365204347753   1.3549615686593375
5.268684919007193   2.828015307056413   0.7966880903121484
4.137360700896436   1.1096529154644508   4.939357322951307
7.012784616989587   6.752587345356909   1.2195125780259073
5.416515980409478   5.893587096123704   4.5986946043024775
2.974109047961436   5.128917631821974   5.435477061461249
5.000124854494498   7.381610481355638   2.26394593473923
6.471833464792974   5.773987366104002   3.107885859563908
4.131085397360311   3.118201390233177   1.879010559746623
9.434100604016395   5.544335868587185   6.206602557085975
8.532664999793683   8.19022664822768   0.5563322341117604
1.9897906753789223   5.124855924774597   0.6722899230256273
1.5245553072556903   6.445305192666895   0.173217471158949
1.9308940594091824   1.6451502192261436   1.8905567852862042
3.771684661012241   9.79301770483003   5.0544444469252685
7.129771311949829   1.4572463915063358   5.261865044901504
9.633777155005328   3.8277959012234404   4.549771404770757
0.813170647098764   0.6720492403153318   0.2282044471387693
7.033587992932387   0.24232309373462416   0.6063313262564788
9.661702793907109   4.684549396891569   2.165164335477697
2.668598104596621   1.1890344880322095   1.5869725948274296
3.9413641405508635   4.78473352104129   5.484161912384158
5.663420346084626   0.9637530799616747   4.906398199663117
2.9506281663189187   2.605302169515713   5.279666977797873
5.897895585509795   8.006391890887514   1.3322326759030874
3.072288375746977   3.515385847111339   0.062076057588943245
8.585291890134101   4.702257795229376   5.260603359360599
3.8916004506742907   7.726351506936486   0.8004146658507494
3.5610993221295733   1.822418697370098   0.1672108606406519
7.827272659371509   5.040375414145026   4.513152900507092
1.9661671361647128   2.7301242511049404   0.5495981093404313
0.6293720937782734   6.718039154347607   0.11233012698912562
4.577087290976034   6.136000689722938   0.6524916111196055
4.38690094054722   8.955121178091204   3.013896695054595
7.678543701972531   8.368912875503064   2.940225638032163
0.7767368049722092   8.721978496586285   2.6040424384746386
7.65907611780646   4.16931455853787   3.8632411209785427
9.311002097795555   2.885419709935353   0.6791083946865372
8.127181295903648   0.695214599163608   4.6734800044542855
1.2098293282579617   3.307222447081698   1.8715963605362806
8.509923109948637   7.06253937094637   0.5954514921353882
6.812632061715608   7.741265328500596   3.4532495160317125
6.5460087242759615   9.128853916120876   5.546928848775934
6.343265680403467   2.734021084530537   4.056632240070999
4.69434668364147   4.120897380849135   3.029455130973296
3.122973918864683   7.2684415345284   4.965373918442627
8.418554799512147   6.041196958668036   0.8492247172602975
9.23427966297186   6.389560089298799   4.243718396317123
5.722608379423198   1.821681099266039   5.641461202927025
8.247716042406463   9.213455038170954   0.1873864197358095
9.518025775717616   1.8032063255031556   4.525431342192079
6.717270362822342   4.624020443249119   4.025747622579778
9.13951977002934   0.8135697787513222   6.163207985990841
0.9984569759112707   1.5612339650518394   1.546134837607284
7.616549502598353   7.499585758817984   4.503014011258425
3.21793452225951   6.026011886735345   2.9879234148052096
2.1356914597880254   4.213212285639563   1.9194206231723205
8.073399209360808   2.407433009902517   1.9437052707570848
9.558539470098692   7.700070913084191   4.279068081006
4.843697590401325   0.37119891044056885   1.552696440775835
2.0264963416223756   8.318312872972774   2.5678378813630447
