5.9398565134636545   3.5019208359520713   1.5992408702337657
3.207603025967545   3.2242024731599277   1.3235517237010355
0.32509493577295034   3.7167982863586824   4.265281158584555
0.17964949696303384   0.09978401539787995   2.6331844187315796
6.865502000822945   2.790105788610842   5.282327219669005
4.003127348570995   3.882805243011502   4.232717942109831
6.8193094985344915   5.40329204943816   1.8869937734494666
6.286685492661816   6.561279673621703   4.093499270400905
1.7456539952916894   7.300385863685449   5.378472649223619
4.710140894187768   3.350589938569832   2.4235085827841036
9.443467539085596   5.201289237401171   2.6055796130736244
5.3539145447248035   0.47379133733824996   1.747446411715174
9.12507786087505   8.42284727534593   1.4361055193059753
7.932545940137167   5.539914022868065   2.3708213372282074
2.6378735670078357   5.331808247275662   5.466251065187084
4.0607727034272365   4.716835893896415   0.453856862004102
1.4533577716599027   0.32124731194680367   4.737559085864153
2.069601228689697   1.7799712359455715   4.427757491559443
7.450613541574477   0.44984318410294444   4.992085838549706
0.8393102729990787   4.921914909657832   6.047214016481331
3.5481982292981042   0.8187926331058799   1.1190696952788555
6.155604780838937   9.771132275697703   3.032788651627268
1.1242989081943384   2.294189829027452   1.8546644844795463
3.1316095025306434   9.392460742000463   0.8172183840312399
4.31271034439157   6.318854977835736   5.9203973621112524
6.081001680590244   8.858447426252749   4.860228487393136
1.806719498493552   2.848909621972472   4.854733230627301
5.120127891070112   7.440921058162778   2.061415375681471
1.7513240713682903   5.0756399825021745   2.2996138373436663
8.68551366905379   4.156571312833622   4.651279101239473
5.723123812506506   2.348521996487223   5.879014178622827
4.833042286421767   1.723450380171757   0.2665052952556601
3.2743190676633738   2.284171364118861   5.196169130122624
0.37880003197578443   2.832701870092806   5.837138472086389
0.13404144515818633   6.147271814122686   0.3414695912580945
2.5515970247434168   6.8303174858376625   3.396323292753951
4.932591385964513   8.389452116378116   2.8701782568879546
7.026094660677036   8.349280165439676   2.3936999832491805
1.9014612227404895   8.586491376802819   2.8311631486974855
7.784870532886886   2.1476580203901876   4.132191071247533
8.778342653575761   2.257979814883723   5.79574678188156
8.278635393408338   8.675260917459918   4.9766936994684166
0.27809290093062866   0.9451441673119827   1.1165272819227767
8.64478301614287   6.745606311915868   1.1550289828314408
7.6799504101908465   6.559005135360944   1.8305233023992882
4.756345090006315   5.49567859144283   5.5453761638487915
8.071910760633596   1.3065876029990822   3.2388528579961187
5.289422626557993   4.698535163113162   4.630846517859114
3.6012387988180494   5.710370685822204   5.647193309676715
5.435776370648357   6.386780780754192   5.55902522460874
0.3565835770569361   7.871897140478913   5.305849843936881
6.777912035937701   1.3477685429685078   5.533452312886336
9.48630740136094   9.184031010440332   6.267972601121098
9.788136379093217   1.9212314138773081   1.8628815092382756
0.9872629902068639   6.753817702611844   4.838694859472833
1.0962688169424237   1.124800848115143   6.2206592341911655
2.2508083082720773   0.6688690599449214   1.298107193474805
6.898279763952033   7.3689012225989154   2.4748835384201824
4.00461763480484   7.359895855971571   4.3677167662253
2.1916239239914863   3.8385579824736307   0.31375441919283353
7.6615334149490115   4.3320384826276435   2.289033955615427
9.600613529183013   7.021042274043191   4.727056933031842
4.635640178822718   9.255677692639926   6.131233885475274
2.3123287937416386   9.582393172631404   3.3875972966924666
