6.138829237431095   6.9789226898635075   5.877062040314424
2.9044811585110146   2.5035023642839933   5.816586922668415
0.8424758464728627   0.9627877917165695   2.9336889152768135
6.914611320250027   2.6492018102197443   2.748904780185301
6.22010182817453   3.905209067886207   0.4315106815973734
3.422957581604196   6.912442476374535   3.01600346533431
5.917358657663757   7.986891789341927   2.909254269629734
6.923553176481384   8.491509382851039   4.660518546893354
2.8859383129801732   4.60846704785311   4.9150792415709486
2.9392526674749186   9.669414436525006   1.2741067473453498
8.518732759070978   4.491234304881513   2.8428180936269563
5.027877273181231   2.9843074923048643   2.4156400956085817
8.77412174522154   7.15337179840042   0.9120666198085324
8.621905287503779   5.896086179235752   1.0206326245154802
3.7969915723313834   4.838218410178999   0.011851286933845254
3.2421767312499847   5.770869120902272   0.6119039525560548
2.593983677106959   7.8410353482158515   0.7554023890250912
0.7278105223989448   8.445454352887156   3.5415261086153067
4.621633878481784   4.634343560934988   5.446012648432303
9.72194032712898   3.2546040670496845   6.235441360461696
1.111598444099883   2.054642344080306   1.9715988192507294
4.804235165172961   8.954229853488082   3.9468106972279595
1.2323199741744073   3.3272954601191844   2.9355075638269197
1.3128588545983775   9.169220402946351   2.304448894364859
2.332834209001959   8.8091467271584   4.8745689754624255
3.9208128677070846   2.9437616044906125   4.364880294868083
1.8448642404214004   4.079179929882187   5.893183358447449
1.6408778353363558   7.963809284734754   1.1454147627259885
2.440577142763727   5.968271562498428   0.9083585909879605
9.41816576756401   4.175854915929252   5.5959288281401465
4.640173892810594   6.942781777694345   5.438079029474637
5.16369414273747   1.6089896429000303   5.524700142275579
9.44091964881464   2.177129905335468   3.3382705591825745
6.7961554381353535   4.75259321919154   4.910073884495099
1.6178044770133795   5.166272669635886   0.3196953192280042
0.3162422261610833   4.824261795001626   2.669911358948498
2.5010327078766474   0.8026857053881964   4.59765228147761
4.795842942804239   0.10390365401506418   4.248976653025098
7.421772846319435   0.04112883633504669   3.689784727539843
9.332949650680325   5.339626000612573   3.354791315659832
8.125949361828086   1.3618133702721862   5.549949664785054
7.089201086902395   1.0864251834594638   5.364143128381383
5.814734316597561   0.09257011048501296   0.8331441271219088
0.7236136975304218   6.903850625984848   1.0752249188747072
8.746823552240269   0.12192922737630141   2.43867056588599
5.975653073477421   5.225330890184748   5.768477189394633
7.608676342668112   3.87843072804495   2.8808253026041792
6.355692762430414   5.994356074633311   2.1768252712641254
0.4193912034578833   6.083766919559034   2.561944404822558
4.347741702906728   5.783135918249017   4.42917372041955
9.467423152032392   7.911958736419549   4.734935592866197
5.860377882657693   2.7813181638519877   5.566631962578844
9.729910547902467   0.8109339192826931   1.0986644900876186
7.894939654645431   2.7927286756183167   3.5269617560607123
9.585715710896904   6.661582235794125   5.038608626679307
8.745812955055172   3.0625286696418295   1.368244357347029
2.2580227954406484   1.880343736167831   1.4595163171630121
5.841137799449578   8.837114969751287   1.2623367347182866
3.330545427149841   8.611856771909384   2.941635589711458
3.039031089406019   3.671366108196095   2.862867980330338
7.244642238099086   6.226848782565685   1.1063388151589242
7.634686563918099   7.159480255321117   2.848010616393294
1.5396098973336267   0.31300209098522713   5.9325285194836175
8.827967488475533   8.999048258647774   3.6865970451673427
