12.166468900096033   11.966873001124174   0.901573978943495
6.591607650403281   12.556335542701424   2.562676658729242
11.019243828313854   8.187228383330982   0.21813251717088275
1.1164074366470054   13.318382354937885   5.2583269885052255
1.9523409558406208   11.552333497692675   0.15056587630657953
5.958225950457757   11.379877082226896   2.9849450761666776
8.775416708432573   14.151026842246987   5.403414688382479
6.047037749465808   4.062613452708617   2.5073425679959342
4.703994624915216   2.9513346893460586   6.0049415975731195
7.39162410702316   10.968408661359803   0.3591744765575434
8.314340288918656   4.953815918865544   3.3187629454435608
9.31981225909882   11.221934789291383   3.5735436495651056
13.40192336533376   1.2413520129795919   4.711500597747096
13.24882651591728   4.246104068529566   5.972650598345172
8.799691018981456   10.067790430962791   5.519275806489652
1.0023656410227415   3.1718714916683544   3.211651023105128
1.5844827930962277   9.744119480173223   4.093980393755492
6.734378722042421   3.242483795250495   3.5593270339096237
5.088507722266357   12.223293302581732   4.617118710525844
4.39987023061453   13.98577917452091   2.5274552373394203
7.1574279126327   9.645670315966246   4.1405200214030655
8.205610741944078   3.1621823011825465   6.2318538412434945
1.9171666249953598   4.7018414669363295   3.9444093571484236
12.532378061778134   9.29740520736602   4.706289144334049
2.533767023347747   8.164433755270995   4.618058187099605
13.115003854245838   5.45249294951975   0.04058443200941131
2.4837981737556962   5.829189981580527   5.403627212494051
12.486511177690755   2.688405884448975   0.22094378853551402
0.4845023751578379   1.5174883491407116   6.107896171184872
12.73394907296884   6.591958405924419   4.102195777313359
10.675866017916894   13.399916014993755   0.3911658424315199
9.644288599219362   2.3154119772699735   5.10492258871387
8.671909106573931   6.879541744485766   1.8445291251118103
9.442625667755383   8.852686619288557   5.977795666230503
11.36787537969946   0.887992868789238   0.08883387030921928
2.268322138981206   12.64274798893368   3.6901101108546714
13.586299084537975   11.186738735230492   4.797345847570769
7.048589104237885   1.9805473233119328   1.568296492738325
2.9276675790256514   2.064765757263492   5.756255365030199
3.3869728136362083   11.675767925286582   1.8969637071395584
1.8812671872410625   1.0288039166470864   2.1277743828843443
11.327983770896573   2.317066653550915   5.389144563669547
6.653386289388593   8.449277363957357   2.325079434373633
11.88996088129637   13.631083273557262   0.3674623181788122
4.086047298074002   10.486877987968732   5.026608184433841
10.105803077324392   3.5609819342726388   1.5332923413286486
1.7447463333902817   6.653375331447515   5.678624884355054
10.411862717698066   5.759093643838503   2.086426419811482
5.142981722701424   5.4842044599611794   5.210638941084017
13.774364312254724   9.571710072521563   5.89137133141695
3.965102505915106   4.071401905936195   1.9166701338043473
0.748198806168564   11.536720470606964   2.935596826146131
11.198444697100634   11.50269133376137   2.8915562812457853
8.991970840231888   12.50497003303412   5.657873328423168
12.635803949477815   10.482182041453711   2.9213095547527606
1.531446100831893   7.678132040917315   5.2628375007489305
5.386775777146213   0.6843698996085086   2.5274950155574327
11.151036590594698   4.778417247098988   0.39122106657555233
2.541943168328947   3.8657487160442954   2.4420354350629156
3.639468941480659   2.8686391622031375   0.2942477940151985
9.694605942439448   4.725682013983413   4.023491992109433
13.825877350375002   12.742021794010554   3.5639874316853652
7.198736438789921   5.425958071858882   4.751850220845204
10.182560033513447   9.953839153095469   3.019705989853039
