0.7017126919236287   9.86655507791287   5.983781080434709
7.810951222085695   6.77088213678813   4.431808343382133
7.8490799343525826   11.161583700060474   1.9987903081737868
11.40583872065876   13.964227950574495   0.374019882133387
9.79859221863886   10.665763001946116   6.2128583705538265
11.173832585859545   4.209609912910001   5.311786730059268
5.147119584081295   5.318438120457388   5.988652681811098
4.028309898667096   9.70442233676691   0.8873669779305131
5.258915021295345   0.27376679692968564   1.2454156815824078
13.140282122683546   12.547242771044033   2.904654895459757
10.588733489414773   6.8529327771050115   5.807124324074941
2.1252233841078625   8.99421354734469   3.4581670498548767
8.27967816582651   14.415567081287348   0.3349036089813626
4.094966880366151   2.5621543128470274   5.183060847513374
6.838066040176021   10.255724340630072   2.6462413800763964
5.6430631622710425   3.753690885809189   1.9317835596507713
3.9177752335409664   7.727116958023181   2.9301847564039445
9.427091315169378   5.028187158544249   3.9751628256620153
8.907072731231318   3.38943621787857   3.2601514024055565
9.294467631311436   9.162235994364178   2.9398461522415484
11.293505171023078   1.7497691641716522   3.2339133966249913
1.9761165514790884   3.196211401026153   3.935984767026735
0.26535082071965554   5.502788586004195   1.0690170697790602
11.081423749199251   8.06224829773859   4.831902202255843
12.549742358637133   11.30205311075433   5.401058504562625
12.620960566474102   8.873700331215492   0.5111206037472615
0.931181289763035   3.211181162623477   0.49474489671102795
10.184968177337774   0.27985954876909697   1.922583032189236
0.05620415352862018   11.438413975014678   0.2514370424860145
6.634041218264748   5.58548156336118   3.6496667136206695
6.2822915827133015   9.04387139404818   1.3722224288258027
3.82596447291435   0.6240018557177687   1.730010090148672
7.854214929398071   7.999947315095987   3.5608132411259024
9.718731601852806   12.162273034105542   2.755189675624026
1.9623230233368218   12.402138787211856   4.201396990681046
0.012780663479096788   6.970608172491004   4.4857709905244665
3.926367186893254   4.884412373042374   5.1788956501120555
5.073911088594221   13.527184243416901   4.76103147662963
3.0963359680279265   4.213471094542137   0.9525255559002035
0.11309423340933472   13.202301917000028   3.2009207750943647
11.033728325455083   10.543828822857952   0.05536826212566101
7.274274973015961   12.321054817925415   5.769213226332266
14.377308425516526   8.63216966758256   0.28667667040176475
5.05934784924581   11.743955304933547   5.849171415574533
2.2092680316830853   6.241628830515656   0.36043672461910115
3.3722032073913257   6.553695158446833   4.272531976976603
5.263227783038881   8.763442940700424   0.8057433814501616
6.515929927572136   0.6151362870012371   1.8237253723701101
12.138407222994791   6.170166924493099   3.1111237158451988
8.676650681853236   11.826494307282946   2.918641035636688
10.816206465809545   2.824348942964428   5.276614271180033
7.825369297968833   9.710245517271385   6.075273738513171
12.035554547617773   3.1323040627361163   0.3536837340086687
13.953906058852155   10.326799727171364   4.9764071874156155
1.9383587366644695   10.299241296932603   3.484112631819323
0.7013199854966696   12.302872435983723   5.5368623262587535
8.358503032946759   5.255212727989331   3.339164991948389
5.878077860829847   7.692138293486608   3.105358916999212
9.236999685734824   6.6191254606426275   4.2749284041330515
1.8554528155985845   13.94089928116136   1.7317046004043382
3.592953524451321   12.716587507578666   2.057331146608362
7.376028338638629   2.9202318988565668   5.870829562127558
14.29574931642295   4.095119279995048   5.872787027469657
1.112415371710898   10.89291623331278   4.074061879295331
