11.584880408413124   11.403549735184628   2.035658139284868
6.082933239850355   13.465726827171991   1.874909203842088
10.637996336963427   6.412135457376005   5.371318372245497
4.269307531984983   10.793672367403541   0.8302733166352555
3.0808939279607306   9.385185494703101   0.2082782502723366
7.66874752972236   8.98746072674217   3.4485574868108055
8.842260092010171   11.025845420297347   5.2683540872075225
5.310816322270851   4.8393455455408265   1.727914527429455
7.216350522708992   3.3043098128727166   5.482831005809606
9.11218524692513   12.202492911601958   0.0007701312101247026
7.997492428946654   6.509109426022231   1.1904626010196393
9.301293980863452   6.504157307333469   2.9858579529851332
13.570681747620894   13.615351270761742   4.168804568344286
5.0198478000389635   3.5294065469658333   5.659684585017283
9.600976503755819   9.626417532214111   4.771269041204793
2.807325301051436   2.463160839451823   4.24892788547491
5.400210762925563   8.945921247076722   3.495710503317649
9.19632066302843   4.108722607109939   3.13404824296303
8.052583539046445   12.528780536753901   5.491493143002261
6.279826053517665   2.24982073276479   2.6339266491653652
6.231234052045908   11.372179839197962   4.961495777524885
8.67906103985152   13.551008696620704   6.19306340213423
13.416891598223105   5.236532256708862   4.1145252043719065
11.265298813022834   9.74626602717633   3.6450187060835892
1.8172352510445358   6.221303820932826   5.204883906472318
12.297412928909008   3.4879431668314007   0.39017603427675157
2.9837777618293053   6.986158158900913   5.186180066262564
10.368962646228384   3.411867744432087   1.5619749489171888
1.1765949006449357   13.014716451306596   6.0959528130520315
1.542214454672574   3.1269458910401906   5.749624461537966
11.816803974386858   0.10925954867577181   0.4678539691507535
8.280236312167517   1.8529479534769173   3.4365343589471724
7.494757671120981   7.512244684997206   3.202282288739666
11.723187463660532   7.706893822427153   0.26879131102663584
13.068823374349412   1.1404773334149716   0.7784573541902241
2.9743992069398195   12.61461209636967   4.84873420161543
14.105971433710145   10.096017195188654   5.588846698337747
7.066711445454433   4.671494957797565   0.8197330533883402
5.362704363269957   0.7052356109765086   6.098210108654021
6.1716330551884955   12.41090228794171   2.4516170634092624
4.3626813253894206   14.236902355571372   1.8866800512997801
11.144102773876003   0.9917182847287036   4.695376261637721
6.309521256604286   8.120466934466636   2.8845685568716277
13.091853670712835   2.777104136725067   0.20036263038723603
5.3516232290335495   7.471018121171177   4.578151358252268
11.9138887815445   2.480625187584408   1.2035708870177513
1.5012830712209824   7.722360871314968   2.1972462666654926
10.05361441394429   4.999141746182552   3.158890179697867
6.324971621678582   5.972912319769575   3.4872979755953875
1.071458849922153   9.788776779297297   5.72564731374177
5.199850231454694   2.402789101755385   1.4606705031674947
11.90482150628092   13.150417937759642   4.32861648967154
10.556889148851079   11.917512383862807   3.543267920017656
10.246246155172031   10.811907325511566   5.3536034586277506
12.67398987672354   10.113565812990478   2.7362468186892737
1.342919336076411   11.944804409733498   5.943673031109268
8.506080678669841   0.23769570802112566   2.3835831141546735
13.45310123226477   7.190608038064604   6.056857373978968
2.2061280450537395   1.1438595475278324   1.6353272286617013
0.7980619529087405   0.7700681603970595   5.732660698646672
9.680979094559392   8.06507192640672   4.234815610311071
14.307560171274961   12.470568364601037   4.369888536318217
6.093971715911939   10.353653229730456   2.292434969434439
13.85493825968297   8.782327236229538   2.704612110509655
