12.837629692652078   0.49275200784573214   0.8509676297586611
7.145381399879098   13.428826737235257   3.6630030724689875
9.328607374870058   6.83491644681776   5.689472543307024
3.044714753763995   13.985993662395275   5.554585947181072
0.5685785793398892   11.871874647817888   0.2096100224533206
4.335085718917891   13.6126864101387   2.5175138530061947
7.056510136535226   0.31704598506841997   4.586049400689349
5.44203600544845   5.349846576071519   2.0255532949462878
4.396401234077397   2.1930813581948927   0.5456871736043718
7.939171876379589   10.678188317913483   6.061144192690145
7.6109949528115095   5.323023035773525   3.0100113504570594
8.954666040189379   9.371463220099955   4.094640467479673
14.300453808914591   0.7639180936248199   4.595799641668078
12.837832421927805   2.7866185761695625   5.921995920798999
7.818968120722588   9.602840926861811   4.743345198965333
0.37129560661925365   4.233348851917587   3.0915102267044214
13.58834197148989   9.906763877512697   5.27621930478153
6.446532920526864   4.4021129339486444   3.829484626251185
5.656287986528348   0.6847085356307933   4.629706341519902
3.2721546392884315   12.75007669056246   2.007590371619214
10.17972807886427   8.351434892891623   6.083677952552919
8.967501708946267   5.632626115343909   5.0464619996575415
2.1364402971622263   7.829442428457028   4.905811589835585
13.857634382059992   8.440400916916703   4.647084822777197
3.7709240162706625   9.298035345877674   4.36537682550232
12.843395836582797   4.041509293313   5.966673962902724
2.888054914813086   6.647960474389617   5.812146678973769
13.405903454781825   1.6433601475457795   6.190739096960044
1.7992580739838357   0.6991797797765106   1.0460997074104441
13.117426597359431   6.155569417799385   3.7807860082325986
10.115057700814859   10.864284132661444   1.430704967818191
8.448943163443108   0.7416604469807639   4.624912668194314
8.432833587459779   8.487142673640893   1.0757845677044087
10.098060240046436   9.779391060939371   6.128066438993303
11.402924517144122   14.03229485732008   0.4451794208568252
1.2422387574793239   10.339024059722265   3.8110544502105803
13.398908006293208   11.107079299073625   4.439774959651762
7.204337001937862   1.8368953386922353   0.9861426823939243
4.3844588533079385   0.7381580873420795   5.231308593975435
2.1588282080519776   12.10955600343842   1.3704204498325585
2.381599919415769   1.5745341796723786   2.3545480394142126
11.455802949545419   3.995820905170746   4.721168828678447
5.092004819266532   6.765103741105693   2.150900298599792
10.077632689216184   12.42648764514613   1.0735656345478912
4.852643853847081   8.377867080630816   4.594118550564185
9.171642120400861   13.60529748950098   1.9032207551256777
1.6850392859925405   3.3658466710270436   0.08776499122834291
10.281080694642219   2.1193953862603876   2.2493934476311845
4.255035402867537   5.028707978263285   4.400231883849414
0.953801278060523   7.15020542678678   4.611214604537467
4.518695664935885   3.372231604102792   1.8418541177578793
1.6965195135041595   13.428399416485341   2.548396960584713
11.468501389542329   10.999780852465944   2.7762580585239514
8.238574421168192   11.942980758941241   6.052451516082327
12.278163740137288   13.166414689946594   3.5237622330479317
0.7228415002874794   8.87487323906168   6.009716759614934
5.92921766526611   2.7777877094382615   3.9754466034745533
11.243540550984209   6.516017305468267   5.7992067030564485
0.2568185270636259   3.2047946692940528   1.087324045784857
3.2905242935061594   3.177861269470142   0.06965250120414951
11.060988206588345   1.2756478396348667   4.004134728399695
13.325168921166888   13.648295473208762   4.030957312237763
7.412599246047089   6.649239514804813   4.899574149415539
11.649152084792572   9.865537885724185   3.0117032232348744
