11.156149421355988   11.806797385740463   1.027033526649392
9.873015056834486   6.889267645840567   5.892899393554598
7.353326326651329   13.248778438490767   2.5338323288654703
8.752435620821121   0.8876725439735598   2.5539298429958035
8.873786373312612   10.60811182892196   6.1990353738707995
9.629226931828025   3.9837659507457506   5.10596521828435
5.958559738377724   3.2457720180137213   5.825781029371264
2.4541881901815468   11.71260027223596   0.14715266739637445
7.749098652563413   4.243593031222891   1.03854762924238
10.692462853200464   13.87100247171097   1.9073317436641721
13.478826054344468   4.218480166825925   4.074731502489383
13.113170887364147   8.510355243131269   3.2881561856461006
10.15600284077305   0.39915315560366293   1.931217091561271
5.197414601603253   0.9930682050864932   5.667281193930062
3.54161018123921   7.657010321538986   3.6093825687630163
3.0003588649223873   6.642742281113003   4.1477638425185965
6.869549788258121   6.650763729045089   3.9780871829716
9.960963225053815   2.272501267623931   4.524114906092482
6.461076787881203   14.136784680257579   3.06124490325593
8.549453533294036   8.294715122177784   1.946056473203104
0.0894527808006946   2.8316848124530134   4.253571852234502
1.2646563670399305   6.441162348477416   5.111500827136736
12.520239319392093   2.6691813360108347   1.8061322296358617
12.373931158934452   6.802120812985872   4.475795633755366
0.5483965508244348   10.602260776449626   4.867863477011246
11.63249065858826   7.589788981694461   1.432524811186557
2.0380975461304045   2.845372003950569   1.2671248466509337
13.175482565314823   0.1853873163364672   2.070094613905833
11.652518556622633   12.763603400896123   4.941695390073578
7.422611548988278   2.7249829429024075   3.0302999638841497
5.344574483198927   8.426170784943874   2.8024047391684506
4.613060837590221   2.352521534925292   3.7121317961976548
8.305568855305335   6.634291613691752   3.791622319236372
10.826444811598552   9.553662057321459   3.4300665833055697
4.730609726667102   14.401315824785701   4.860090002070137
1.6500668829459746   13.733630712469322   4.973946731761628
1.9369429712182646   10.384571222485397   5.529843220610291
5.084644694166448   12.681155521834688   4.7267229751362345
4.621868827646965   3.546705572073966   6.245032180725403
0.6065415602069899   13.461340945934218   3.4461920907174113
12.204216622349508   10.18294313771267   0.2940650104765082
5.622251749102173   11.378917039872704   4.036716629646566
1.6554397806122305   5.094619548834959   0.7732942375797306
3.3439524689401834   8.780903793485336   5.192883300803519
2.77671981914515   3.956771913731896   5.986335284969544
4.28608097079509   9.551275629825055   5.864975265373763
3.9447425781647483   11.398296272962524   1.1217155494797304
6.589912668145754   2.102160491287853   3.1231208565259587
12.357058505431516   5.005867213393402   2.384333383503037
9.603550904098087   12.017831277594043   2.7952987276114665
11.883259691800331   0.3737334578442072   1.613723684386713
7.092235588341338   8.58852187268649   4.956359563986058
0.13065389492319524   4.68772014202079   1.0201001124383553
9.522897476677127   7.871330700589832   5.158976777148645
3.3883915794362265   13.174671303079155   4.515501723472047
6.5651105659554405   10.48955464489023   4.898350415929755
6.60167480529769   4.684906166559981   1.5589991900702882
5.8539715545956845   5.63688480987226   3.343312920687416
11.435916580510845   6.39580797329727   4.985483481175063
0.9295390317511418   0.339419994816196   1.046411132911773
7.630913697157551   11.911166801016819   0.4475902014439727
11.17636825576795   2.5525796064266233   5.322321549514273
0.015402989061151034   7.511508311786547   0.42938533627004793
1.7019833136064602   12.51216829467874   5.1754210477387055
