12.975031715041496   12.846378494695307   0.5601427474776246
10.075602705896433   7.2647812607396265   0.26472464065175216
6.608919219569376   13.661969813317773   2.505837557720315
7.85117401557302   0.20058020052250036   2.6902299145103314
7.305236094280857   9.932918500984036   5.7836077386630675
10.29911213640695   4.156811022402649   4.823346574501106
5.2282955880538236   3.3945563143077515   6.252960728242158
4.180003805447122   11.04461941375276   0.6011362585188244
9.481601696692119   6.331098743467609   1.0898502434083688
11.986082901337017   12.20123663963924   1.0837252385555893
12.315537193888366   2.924655013075404   4.636811798495531
13.426057387950866   6.79117611377788   2.5274050531397405
11.392554073986148   1.181502505647288   1.356821880165909
6.1904739377934686   2.171971311163773   5.684440108133369
3.611340579241812   7.145907978988087   4.435379822763667
1.5013824143933907   7.919604382285449   3.494244792135191
7.630826062095766   5.662695483749397   3.922025894352605
9.45331615415162   3.3563030432394316   4.093172646464516
7.405971618724793   1.2977411716868434   2.8163114834754355
8.266930732062105   8.808226351025318   1.9227580712584897
1.460568068882736   3.5092712430037865   4.378392478044528
12.60237132932343   5.392361109548613   5.179554210633618
0.05841876758936787   2.8028414409270948   1.841054137003197
12.037023497083108   7.445485204712288   4.84871739347904
14.115977000987078   8.622397262940352   4.6616841282447785
11.172100619413383   6.945909120615072   1.7525864578458752
3.083030310790233   2.6040083262562987   2.73734758301918
13.727735816677093   13.773153269448013   2.633820019784809
10.758347599101947   14.360444540119406   4.978948798177254
6.540954035227591   4.337360746432185   3.253634052906211
5.824168435453542   9.761698962588918   2.903769237455158
5.2256902762006945   1.3378076520342679   3.5017446891828965
7.381454158576077   7.354414925010998   3.502581853244772
11.828091982071545   9.876342002634098   2.534262222393594
5.199175566811588   0.24244643201835064   5.3503946947719125
0.1704600190872802   1.199945976280042   4.335087813906386
2.527309970398643   11.506769461566329   5.806187879885839
3.731816797810395   13.820711685494345   4.72288556444849
3.2889581771197407   5.103791269285442   5.730589501473841
1.3332959287704433   0.8566640400852341   3.0592234358554977
12.847978604397703   10.302072094317326   5.870765430497109
4.130139064178884   0.6452233436131248   4.293509244142719
1.0932527068731246   4.514356569269137   0.3961655428802409
2.865793552333694   9.343722347989662   5.850236604934167
3.436695812358666   3.9109492519317994   5.403215963346075
4.155629715084635   9.5718580313492   5.607040827337686
5.197795413257946   11.428321333405963   0.19891068044876878
8.66831524575057   2.6864389824804684   3.6351293787644514
11.530675227494394   5.138679219527946   2.3981586544540825
10.475486142483723   13.288019774420128   2.204220521465722
12.801574812052605   0.7209914726949558   1.4132007912637423
6.623859833105774   8.935145340330012   5.017573438038058
13.891357343620585   4.772235686689049   0.8256440624968401
11.157141058591195   8.096539825620058   5.500060367006422
1.1561732605182766   11.749532672043491   4.376819742547563
7.578740024747268   12.122537670029349   5.712653696763925
5.86872287546322   5.29421955949347   1.7596745627676957
5.02141045569899   6.707486143553139   4.061007569456501
12.04877652357017   4.231944572752555   2.803544283327161
2.0232190848296963   2.106780376740089   1.7518279624578557
9.161438844587519   12.32237412044036   0.4124431354734531
10.055668062637288   1.9016079461422914   5.748365781917582
0.9994045578888328   6.713861337085621   1.110915120278991
14.386167502461879   12.5386755110169   5.486925269199518
