4.953846912602215   7.9464933466011285   0.6633630531355843
3.549263083402265   5.237289817006888   0.060329179894338836
0.21348297897214602   2.6169563267423883   3.4901214914513985
6.2972998834819816   5.227341175303279   0.39052065522460744
3.9117448494687257   2.4740950769013756   0.688805974608106
8.325837492855182   9.040653985833211   2.600875942305627
7.486081518853281   0.8803640587437116   5.272528442510995
1.6384944539838828   2.5350353257613447   5.898000873256548
2.641647405590717   9.144501889026897   4.628928078836852
5.343375653090277   2.3042950954237016   4.370822744844376
9.655214313184457   7.885060760183502   5.2111358094480975
6.186799023893723   9.020139162737326   2.6178544467159535
3.976679537453763   3.7475924248365176   3.117822739706236
6.190832835062943   2.6947596672680185   1.6151320017052386
8.401492067302032   3.0830877149415996   1.4333203339570164
0.19426346907306957   6.706565078349699   0.05484820769729058
0.6464321743372043   9.136358516811317   4.555488624837873
2.3029936257838406   4.248831839750165   5.269771136387322
8.887806220035912   1.9382429354615385   2.3962639952340785
7.748717129604859   2.631390110253542   5.6735250186836454
7.437659630738197   4.470070272157299   0.8561081171414876
0.19050833542787332   4.540785961833325   2.6618117771257626
1.5625873259455805   7.326737206669935   1.9665099133536228
7.451509522530124   0.03489259819544088   3.15504388639475
4.6002862008841605   3.1427214234768384   4.401169530109849
5.942762354090991   9.857332104257729   0.08473039061429294
7.898273764497643   1.6923090061726418   0.3399136116887773
1.1393652892889192   3.8050313961109685   2.808050338242997
3.910737064049965   9.326708584663656   0.6809650485244843
7.574330407477411   6.25334388605089   2.0634043849053674
8.932620090450019   0.31010784997524143   3.223737990702524
4.6083848059581785   5.169893891155108   1.8094074163246714
3.3634047188556306   0.8917453200919611   0.16432093750605892
8.618678046282113   5.188062063674084   6.049819995465493
2.3395961891450665   6.208380096929468   0.40422725367930845
3.680357933454623   6.247147017332204   0.732323170215166
2.47082026490466   8.211849652705562   3.4802428560533256
9.707814583168755   5.3161756239949405   2.8709983818876847
3.130371162511624   7.064113524144557   5.555022412012044
7.659788040453235   7.239217340182317   5.418961293790498
1.0383725733211042   1.5827973091173102   5.387173710575127
5.078142380485213   0.20547587260598554   0.4534858270462182
9.130132366165014   5.985224990781988   6.105501004196738
6.770538343712111   8.037548014529674   0.5754432543104022
6.4072732836661235   6.591250389166702   6.212005832628965
9.786156940496276   0.593896869161926   4.925106625142022
7.454201896326235   8.720722149165475   1.770917219591137
6.836840528169039   5.859780714496156   5.963598530576605
8.369563330971207   8.090615337658807   1.409119564461354
3.0019690557600907   1.8573359616743108   2.4282696478960117
4.9866534990502736   8.90923555101404   3.2654036656023426
8.987600131834967   1.1329791864794232   2.872542956250741
5.60659284619109   4.0452780655572615   3.837067036271455
7.024029587392477   2.231764019305614   2.220868140043261
6.07761073472856   1.2715578534704703   3.371134288005048
3.877347586228728   1.5659245374257926   1.4951432462026049
9.275022875998847   2.9473711525597457   0.2946801594446813
9.597438479576944   9.716779068139731   1.1060045666146026
1.5756152443749007   9.747322430256618   1.4668434855100945
1.5153163133491823   6.1939549503887275   4.333708950603681
3.3537420573070387   7.913523784200797   4.252796007315521
8.432710856524285   4.110917144187514   2.4525481849444515
2.7072042632721685   3.1025987962244437   3.4055723558367665
7.757153402964119   5.2974267964685104   6.226809694454904
