2.0600747008762115   7.7611709367545805   5.243044944108402
5.252867370815942   9.958047368506373   3.6925972294014606
7.100738723103131   6.416903348910925   0.7223448551784617
4.644766847975627   3.802899847797751   5.046989282734513
6.843429421872155   2.312433729467258   5.035131836274734
5.69800678757227   8.648850659389106   2.494493651286994
2.107846275849963   4.498823957736706   5.147095699101321
3.419664493219034   6.079798094589952   6.257400032681144
6.12437814739723   1.8388752198453837   4.197201501205049
4.7275973620021325   2.9031689082267738   4.140551058018081
4.518698522866438   8.565270411173813   0.28403705170747656
4.442298479176797   0.6523856535234791   6.131668549455691
4.330008538399566   9.662216416328649   3.4877809994671445
1.4969520986117866   0.6049828952723848   0.9472796147350679
5.442975092055522   3.2602084525252972   3.6710539602418812
1.1569221682778963   7.086395303076958   4.866307224190527
6.4096192458903065   5.942622509157605   5.098791011495947
1.1336735218741911   5.1869420542580595   2.246802721817479
8.562979988485473   8.980420080257613   0.6394471362332182
0.5407463994333171   6.4535800182251   4.567368708292365
7.711905093321922   5.69904302780074   5.732952653240863
9.523666288305915   3.1211890956578436   3.5242111991536125
9.493508889906384   3.9443809952615343   3.266228356421753
5.439825218339743   6.83940272974867   0.6665534847304634
1.5570213164461069   3.399984637358316   4.212909543639839
9.031818361253581   8.050454294175536   1.1418525972994034
0.35725204678444017   3.035395061709458   3.3546019656864163
8.029420238196234   3.3996885550284563   4.264670052286492
4.17959266251445   6.757816387732945   1.7296445214036869
3.490093512126435   1.5691602322737792   3.2640557769612077
9.637568963158806   6.157854492085609   4.202203398661482
9.451566116815409   2.26303451294784   3.6587389085664843
1.1815500718459147   9.52556091696557   0.9366317223523846
5.139404033701014   5.8645687472782075   5.685614569656119
3.550222470019162   4.570701703813484   6.17975400874307
7.790443641024559   7.147041396257541   1.4190449563492382
0.3468688546846928   1.6832473223435336   3.9142741545060282
2.167709008862899   9.83906175862705   5.297212240711701
7.76912463645522   8.272055810026025   4.590768221605668
9.895870412793155   0.7829459591345636   0.07538870395660435
8.895345108106019   0.9925436279191197   5.647174618587198
4.540287453039619   2.0064469272234016   0.39037984030168704
8.29249510368285   4.653705613796141   1.219538401454877
2.0127849980353765   1.290286862767828   1.9800827244254948
6.351902367257608   0.8440304292009471   2.6038896037901216
6.8931490319036435   8.173268573447169   4.239899685983782
9.035913244427737   7.123631938514104   5.748446470975763
8.2311859303536   6.391574435609555   0.9796498005449961
3.1553859758806415   9.924587127314746   2.968261351711072
3.072055912074093   8.564344690420478   2.792959498973059
4.244326939268492   5.885057106602588   5.317251467909095
0.0729381731560631   9.067589628858899   4.057871062252916
7.649339328415848   0.6820825757110411   0.5705449165850182
9.334533182654333   9.50720072293792   5.9691265693896645
2.8920415507200605   7.44727724674865   5.692839552176947
4.707748694789358   4.942336001622527   1.7551369344182879
6.50462361411917   9.184876483215842   2.903791008019069
3.474179196294295   3.272660550403344   2.967261851782943
2.0612710391214186   6.827205932207538   1.4129801659276622
2.4583524350631465   2.0484334466034597   2.905197577905623
7.207431239034504   3.0674055106575757   2.495079252681672
7.94750172794324   1.6240289706647384   1.7527039054422244
7.1194025881566905   4.033695162340595   3.553248176598262
1.9676459102427073   5.312144778603182   4.865861071319061
