2.0681416719555794   9.075228898147621   5.231416719988463
5.867470981363184   8.42771190759696   2.2332475569830126
7.594830298202586   6.629690639263732   0.9115875711725713
4.469272110003449   6.778426792036273   4.588648934574194
5.927830120509308   1.3889936052682716   4.477899697562873
5.180770212314147   7.7977849171716205   3.9518324290764526
3.953920072208226   6.004174111043717   5.325186868912115
3.902187759675142   3.831820306030108   5.300273467897818
8.256221207371224   0.5632648095317683   5.2421645906019485
4.836470126900586   1.76967174827454   5.558955276234693
5.192214402283431   9.381925905329874   5.621411646307239
4.219632153590444   9.938282129688638   4.876042456541663
3.830628276067385   1.3563209321221328   3.2230225130205263
1.0582149430517789   9.779204875270688   0.7583424099231966
6.6539185043773355   2.6956472122195505   4.172844709668665
0.7916176128898996   5.998718674274208   3.3255600636229388
6.840712377420542   8.6110703002642   2.8531803685985957
2.1015885336999016   7.436250370272451   3.738950211147994
0.5029614012056038   7.913169656034076   6.272212912871881
0.3451132653143336   5.241046978126096   4.753995212887078
5.574938978960434   5.449222452909815   5.345747528464407
1.9861547350511857   3.4797689272655266   3.437780732281498
8.748714605771958   6.559339700767348   4.282150386907347
5.308215191673864   6.298849602411498   0.8629474743353419
1.8547485871951157   2.399732386198922   3.902329594709939
9.151488954669274   9.456989996742779   2.8718862118936967
1.2818501957918684   4.486192876698895   3.431129542392542
1.4324503524080874   6.620385363226426   4.152063721463169
2.7655017288464134   8.038205844135831   3.1930420954623044
2.256924726895533   0.7966195094016937   3.237900837699894
9.224634775626667   8.485044101904963   4.825007229749323
7.84507723346411   3.986748827721805   5.505145112578593
0.648929309762814   8.973332339940157   0.5896746767254719
5.17113116732005   2.9921530576830158   0.5853349276619957
4.886675980003971   3.945744887093978   0.2329557158077158
8.264224226065505   7.373405175028441   1.9964214895564285
9.262552390957762   0.519010071430705   4.896598713252635
1.6091695882816515   1.4847814873472733   5.12800227011785
6.271274079477139   0.3622953732918247   4.724900716735387
0.3140222208607577   1.5385870182929446   2.0996090028321257
9.489146820394085   2.499322115569031   0.019909976319200814
3.040299692546084   9.299252831481276   0.2341213289681568
6.575089219556766   4.472059333145665   2.38117740515338
4.7709140185812595   0.7168717403313669   1.182808039279487
7.367352784688344   9.525552363042442   2.7032078094752516
6.640286559909264   7.521685951406072   6.154331531266743
9.601192081375517   7.716227226309243   0.15970387340936829
7.182452785764346   5.87060788426999   0.3353627626117105
2.671027853391387   2.1438474683085453   2.7674696126051064
3.8378593583689824   8.901209338973382   3.2915101927254744
4.73794328629252   5.529914186480181   4.475559422438934
0.3470363193527314   0.362903149396659   3.916490805099531
7.550604976108965   2.3186316287138538   1.4868598699873026
1.4149815060029005   8.10690866917769   0.39933998880484034
2.9139494040063534   6.607775747562603   0.013297792486349436
2.853893240767917   3.4584114468775033   1.7825014205831393
9.494561262188816   4.767188850569289   1.4028358125364542
6.097449910734383   3.354063156814435   4.023732654970441
3.728544096020533   8.101880053753016   1.158721114031371
0.7077040724761904   2.276330064592665   2.6882129946707085
8.246008284881475   5.354949534495809   1.659650853174506
7.2239592533927395   0.41996838728586317   1.6435900625605773
5.41690564687866   4.628547412030381   2.8863124779543536
9.733471925025285   6.554187654684954   0.10111405858459563
