9.844310920318074   1.6614536057314102   5.189967119511828
9.595215188078077   0.37946743375750785   3.5484959858218654
8.709894875167366   3.411833856047904   0.15393764113143205
6.94640872427391   7.6404009984713745   3.9201670331769574
5.646070810064396   2.311425166509535   2.540203678442551
8.582676339958399   0.8820961910541952   5.2089830344407755
9.163333673867719   5.239811980750304   0.830993668878134
1.5998820444207644   3.9730372325368166   5.9674514085551165
1.4431041491657277   0.90520889097049   4.697110127493462
7.724054760261781   7.062047260461112   5.101990515347463
6.668246293308047   1.1908363810460003   1.8613873509944356
2.9733518845626583   2.338958310904571   3.2312733348783325
8.442828647800036   7.477177986890023   4.403487104718979
0.580915434184307   7.862253892735787   1.955569786144586
3.5543381063440056   0.7857425943389704   0.5591102980150962
0.7050189820065695   0.06864363545469876   2.7168312643906383
2.5947750483331924   3.9978327924885106   1.9316185263258683
9.357502471449274   4.201618242362315   2.1077746397503656
5.591135841362916   4.12761619624277   5.392469720585998
1.035874110703073   6.576256435518794   6.107204261227796
5.9439016973632075   3.1216198428766906   1.0432263397155244
6.758506059400121   3.898135524374498   6.2634904415389085
8.452031948056558   9.826050379273564   0.3052174983078936
3.513461037980446   8.507594373423814   0.9906491110328496
0.3054715206089142   5.403768451903366   0.4510105424390467
7.550824524627493   3.159216359620971   1.5438755144108889
7.7499810100042845   8.310281153695415   1.5677028859814532
0.00564964114957428   3.1545825892937733   5.354057886820783
5.5071858924615915   6.380893551049729   5.484589853935473
6.593830048672688   5.779563471231273   3.2223519248436103
1.0245328781805738   2.9289444986847046   3.6131341890479347
6.150764557037108   8.857571274093694   5.961482516849541
6.416562903331229   6.6403735742993   4.7075787917342184
1.3093061915808875   4.835398922204659   3.066029316504448
4.738780096183896   4.376944450551408   2.297289871883452
0.59890455193098   1.254477900456263   3.0539155887775853
7.113312450829074   9.246349364074355   1.6056770098308648
8.281454935516152   6.0512466381731205   4.714761006606262
5.095847726122769   9.881082047838918   4.164298431519932
7.780764032878605   1.0814160744105048   4.404881143758266
1.9291038082204102   2.6829806254456923   1.4291535052066537
6.806845550937772   0.12744043903403346   5.958364951809058
6.67404129583647   2.325237470979667   4.28902454250277
4.839128379312367   1.4670648984125227   3.1900146045898765
2.8286393997663057   7.327002194818537   1.365399907489162
0.9078167945694262   8.661002828213684   1.3769786764778529
3.9109756090486645   1.8041136767893375   2.502605172829326
8.183848248131849   5.241612447658547   1.4877733960109758
9.86171140541525   9.177805929519325   6.110949116649551
7.405031890798509   6.038635461677694   3.4964580708694206
9.165074399624853   2.7034101802028827   0.08154391880492007
1.9003462704410605   5.7968550436103135   1.9798758399370073
3.6627078946063767   9.830246987905774   1.3925816352200138
7.068370511116838   5.036276275195705   0.9186696634467402
3.9576599271611683   6.5891328723242   3.24627610091497
4.164753344723536   3.544045420068545   4.719712716990524
3.128474076598132   5.995924775974121   5.070574820338587
4.796688001728189   6.940269209588299   0.9029685104282397
0.20966911059167942   6.347645366752907   3.7632618903498076
5.755408967958412   7.925303060062059   2.7036108590774535
9.263019599931756   7.421142731491478   3.419371427334779
5.974044999725721   0.5510457272240972   3.4995187404081474
3.218077259215623   4.610141779112034   2.6782023989802544
1.9867894875221397   8.320664768924821   2.817706708435083
