8.892476031305184   8.925734529029679   5.392280607330857
8.942766902322454   0.6189492665095291   5.524793241537811
0.14009783724171565   7.423044427308201   4.18507585805052
5.162779430966901   4.7212169043206265   5.618276218124911
3.4640236177270993   8.521584769834888   3.1761921736828174
8.729201481353371   7.554350189697038   3.752471504044921
4.0019601019634745   4.519755426958065   2.1612728681287883
8.493764259770739   3.883003583158615   5.566716481713191
8.49101904383432   1.9139878974196587   4.367858452924082
3.144811035557347   0.9630437182159951   5.36116487947633
4.315395067559986   1.248961431751952   3.221238280039786
5.8643798811001036   7.4653512283245425   4.1700426150061585
3.0440165192979074   9.856964113471347   4.782500914975066
4.222459565941746   7.488759608751028   3.8726860698018606
5.1112363260871545   7.954246963530973   3.353586241035592
3.587183986133378   1.9060975924297459   4.20831131512947
4.3072699484054855   6.42625169598527   3.89288940830751
2.7454659210512   3.748028720829371   0.695995072342503
6.001894673241642   4.426227283053774   0.9650061604541037
1.2883606435551744   6.186618453320098   3.546479967197293
6.211893981298954   1.4945444579240617   0.24642359386221488
6.891335767838019   5.774804703321054   6.249176217899616
2.0774171381818944   0.05530344092161066   3.0814107935512904
1.9321113416920808   3.7005173645477205   0.822961921730936
1.174471121065366   3.032856393848217   4.361541510231257
9.914299488247295   1.1457348446107036   2.0487352413197404
5.749226059836363   8.803744299471647   3.9981346330766137
0.1517369086414927   0.2191915292970396   2.0236511618737234
4.037776635818042   0.3204689453831894   1.776018970358241
6.370019375876812   3.4635683415612353   1.26950935549827
6.586783603329671   2.3250389555809696   3.206212852349894
6.539672506361276   0.21375951271942384   6.168545666982905
9.539603814987862   5.953225293815695   4.6323269973673264
9.536342664913615   4.106898886017992   2.7861921690327
1.067728090044087   4.578514344037038   3.1795689504784255
1.9997539281019436   0.8872455503476366   1.9510581376167657
7.652566875507127   8.460510288304867   2.8772473582646407
1.3658255220689173   7.567123582143912   5.639569381863271
5.210704212424767   6.824665912265208   5.207883515509638
8.459560096977194   9.903965556929641   3.8620120721300046
0.06742824648078788   3.2940336628824567   6.124188848294303
5.161871735911783   2.2651091881873073   5.5274438253989535
7.2255497010710465   3.279494430487858   3.096722140667902
2.504875389635597   5.613895328423789   2.4754067949799077
7.101734409794767   9.41288499401005   1.660913497205671
1.3197484735440694   8.433525524703409   0.003709282806059422
8.43155822161205   3.0138752912027966   3.4355051117198263
8.371602041072688   6.226775612759151   3.836062956146228
7.469627259058445   7.240135397054441   1.859136153171026
0.28450900245129657   4.845156642251541   4.863909962276512
9.869236939943061   2.0099639990636837   4.8183166453496264
2.12997083582686   8.290784362299693   1.6112948901820425
2.3445387425722717   4.580907783325176   1.5432028943457736
7.6840358398631405   4.465098272035061   3.03429201071603
2.719453030686632   8.895959369154593   0.7752456259361948
3.1113990381827983   7.561552851405338   3.8432148721383483
9.097599353198746   4.852746496042942   5.375646383738181
1.0983214048213223   1.8417469770672243   0.12443700938402627
2.2415926435072926   6.782022073927039   5.066170445463833
1.1138979107612736   0.7814062007990752   3.2815077213984436
1.9314578509251155   9.218744237953956   3.907433380392409
2.4381351726443805   2.047411253960269   3.49824298492664
5.644788002760247   5.630797867102846   2.438410020688202
7.466816258586194   0.9009030097723388   5.426839436085649
