4.434342740137768   4.717941614297512   4.690721316668484
2.0022289515709653   2.011843103501292   0.8524258678205057
3.3911918097811258   4.537097247958219   5.327158771851349
6.183167565464018   8.25328404812005   1.3589768153335682
1.5050481955501875   3.3296868925717016   3.019279592589184
5.515209254090026   0.6103677595324812   4.762547764974778
6.092074036274635   9.724608711178066   1.1098904146253785
9.149095544213976   7.305398258162127   4.6025894323992524
2.978978871347773   0.042456118565751017   2.595770864432206
1.0899571339370662   8.86554842903953   4.29651484380371
0.08662229741347777   1.8894091070252184   4.012394121968768
3.0915123334276493   6.537864657092138   4.528433304173596
2.67160687786272   2.9669624082462374   2.945903067666554
3.6077543495873874   5.800061266707115   5.446583970012102
1.6776530484234247   7.9072006036040365   2.1238347824964277
0.4663434614599559   7.078869791579571   4.810614542902047
2.9745223121326148   9.196313665199979   2.8462612608102615
6.50744665858113   6.081780009857204   5.553905357315635
3.104843049880178   1.9666153027280964   0.4025948043487346
8.391878252680671   3.648892920651805   2.559629586718744
8.204760626054197   2.407714445263246   5.697696889468765
5.439332479085447   2.9935534908975523   5.640579473761904
1.7117881462325444   4.245443057300277   2.268706137793278
7.499029827229057   4.256241642201094   0.6700209627733716
9.910991457855689   0.9914728153667177   5.7811311777089465
7.996469546936395   0.7233678883900598   0.7832630886788952
2.1009012374733347   8.907532223396798   4.411866363467046
2.7312279723629485   7.889051880508395   0.9808384667232689
6.748242588685884   3.592901256294859   0.6918393662370174
7.106651209336804   8.540517090359636   3.7899206171102353
5.103536417753645   3.947914152734525   2.5289609176177605
2.0407664870087703   9.713716552219354   4.443413697773193
8.232397894491628   5.716304719881369   3.6545431228627563
3.522431981811748   3.705919286483597   0.18323761014441814
1.9285959868405875   5.14144370322957   4.754204471633637
4.3605717519545   2.20655485793359   3.0349285683013147
0.8420415986736827   7.981780760755257   4.156563879033637
3.8927724870825324   2.9131309141223865   4.200341671898514
7.201704994207014   6.927270395461613   4.348803067725328
6.70503429211835   0.7066978710416313   3.359641272650223
5.593322417399039   9.06465695380328   4.340829205770469
1.8450794096621594   0.8887858649496151   5.116057887564086
4.711900282670062   9.348184627604894   2.044592333626614
3.812932451640304   0.1667835003517013   4.543755738448683
8.08734452074157   6.894600033267929   4.0925415264902565
1.046506499221467   5.5013257012874055   3.9013985674968534
6.964513247403062   2.0905087451586275   3.5284701918005
5.6116162548521515   6.49858494786246   4.858647892882759
9.11680262803123   1.4789045558427856   1.0867003382944866
9.324556767877427   3.886026811381717   1.238765847883311
8.971054246183037   0.6755678696807569   1.1968673386582922
5.170266333255401   7.62155167238784   0.6023388021886853
9.17745891198678   6.473498757776746   0.400301919956826
4.207643062152962   7.901743525663264   3.729140312082325
2.828228303635232   5.2656244855729435   1.6586167699634933
9.855319660017914   9.42613564136557   5.4810366839246365
5.463402599611685   1.56624110641524   2.0086861096983033
9.240618694911445   2.657212512924163   1.1976919462286657
7.367052951193883   5.9012830182391625   1.656606437778385
9.938039578369562   8.305486225625712   2.250286166986279
9.02042923200713   4.98402815332882   3.026452478027443
0.9411957691649053   2.077494567420588   1.5079138624620336
6.311140019527972   7.416476315502758   2.7230174251274257
8.796594689658834   8.475388391745115   1.8366664882716157
