8.59027785804263   0.8457547681593958   6.08505974569006
0.2686184649068264   8.563037358036874   5.007841027057896
0.05913030213804893   6.544938991436688   5.367390792131568
6.542073321603686   7.210771230629762   5.446312761356434
6.534445361084858   1.2471665405459837   3.575162483904528
0.18668821724274337   7.5853925168654355   4.482137552464681
5.686697483463622   6.382287058958684   1.1977554819749012
9.62092034860908   3.9050889031004963   6.010263351944432
0.142493881412051   3.229734935417266   4.1541990916541565
3.6358578264293886   8.400992115646856   5.579642250240673
5.67997474996023   1.4803018005674997   0.7535074315344491
5.838684433466928   8.57940664715997   3.1725339282080696
1.9223946668451257   0.09270134739379465   4.448650348276984
3.2493984246298084   6.97992706828206   3.1251942447428034
2.507428885992361   1.08127400283689   4.434621804683254
2.340320501189994   8.69930821122246   3.9641923459616923
2.9832007622719283   6.167858430405306   2.393213037093404
1.7160767905755607   2.8972941517658004   1.3300666536712769
5.933574237795467   4.435380176694355   0.9519627037229481
2.3217168414295117   6.86001270391973   3.4294699064091567
5.334399399049376   2.548280217819396   0.12600225912677496
7.372647822989889   3.5376643740674734   5.56387526277109
9.84496063720066   1.587605882008483   2.8051792691798307
1.3489936070955308   3.768640485744289   2.576515139277635
1.0576938869882189   1.403755779402175   6.1155572020863715
8.57957699720594   3.3834137859250366   1.993560279501717
9.441883198439927   8.147373829272086   2.8560836945299517
9.881530342709446   2.4235790724091695   3.2361413889504576
4.451637702064543   8.775065479904864   0.09083382068468217
6.952119435843643   4.3037141723827546   3.2150448346252234
2.431236235369757   1.9295566548412557   3.539053211389638
5.007673326508818   0.1998386066040183   5.691802832097933
7.416340339547554   5.70310312687473   5.621000422525509
9.75835004429379   4.959320321845827   2.731012885706332
4.768216616203331   3.5081227591282342   4.235832307708541
8.711467692493114   9.073310054906482   2.3777464562097683
6.614206168018476   9.65474528045625   2.0654691320485226
0.016090678465550567   9.628796902854933   5.334633891838398
7.55647438041547   8.210867566588277   4.825264087767706
7.465784407068964   1.1564637698961402   3.875289596333649
8.715060595938125   1.9831470762868624   1.3559758276441254
4.439697080163493   4.664153678500544   5.340230957408494
7.908716095822392   2.1946107988035535   4.150940599984498
2.5925203759550755   5.2196365965504   3.892569714164102
6.721931953222457   8.29970509902058   2.3304425588202977
1.2765276980545088   8.666343014745962   1.038296647160447
4.806531394375073   1.1753280307775136   4.176182345569839
9.170598205225609   5.745260525720735   2.0710833698708595
7.687853063243907   7.1504012744219745   5.122683019501659
8.549151737668508   4.646094830421426   2.953921819281054
0.780389869521714   2.5883404806538026   4.85585664344261
2.680006003799683   7.80937075696068   0.5543805063830655
3.1125748886242364   3.981867984584742   0.9675316644696035
6.513786576421556   3.533771596329701   1.9373397478591239
5.558494349206464   5.546603286144382   5.756373810553988
2.1898368890700675   3.809559531874536   4.768141146349148
0.6994489531928454   5.616197142487758   4.30264149321478
3.22120192772309   2.279542092422041   6.112164326098224
1.6517525200050196   6.29463097091298   5.349135137615555
4.908132988556797   6.892941987598334   2.2500702395917287
0.8070111279941405   0.3199698834562589   0.9316603091592518
4.274782071737192   1.9812431519711065   3.323649338812464
3.49781327607755   5.313100007249045   2.189418886841159
3.8837583590226514   9.655253099045002   6.098751251110453
