0.23346374263952185   2.558887794246244   6.2809002036229655
2.252062501447087   1.5156735588124846   3.564776525687057
8.32160805916463   4.562720123345566   0.5986087456112381
8.106250994894435   7.408093216871895   4.129146040463324
6.05966662030983   1.4070061800901945   2.6799292849437673
9.567419444445594   1.142195017402011   6.251488531528185
6.494057877847484   6.061176254823226   0.991985649150792
0.3851769091964909   3.3587420231522898   5.3778958164521296
1.6801555915828912   9.553360680751009   5.132970750356803
9.013226187926087   6.540282663519946   5.042524798238594
7.617392053088256   0.8208071869435627   1.264393123253132
2.75941943587081   2.4211813176465484   3.7455335553198505
0.7467208045451854   8.78692047453445   4.773269454283192
1.2436874294581777   8.082786025035864   2.7013559189147065
4.57979114315356   0.981553926529757   0.8921868503124841
2.0476405919828387   8.57095092322915   2.0486709446202958
3.7104868184434157   4.47762176514551   1.8549285829862243
1.1792774351440585   4.005575492056986   2.694666714040454
3.8051824185048377   5.452213858314752   6.143894914798675
1.7971437012788563   5.918847681537567   5.184266796182241
6.073620599201681   3.005216892864314   1.1610131934947148
6.948238087210103   3.538504547016796   6.06994662222475
7.874896797498022   8.946426471808351   6.197362553307057
2.5084301987497946   7.842762812497901   1.3423274628784319
0.15413517729826387   4.585288291423395   5.965295093066002
8.95705296840837   2.3887767749327855   1.3048624902195554
9.122639021294084   7.451905135303886   0.7086320516442564
1.0434616971509207   6.338663993984197   4.863717979874125
6.705374369131166   8.856019940462014   5.634208222410411
6.121634332365122   5.304427962491565   2.454790406988715
1.2207333162852276   2.9122117708431707   3.5128207471299215
5.894928383639957   8.23520835008011   0.2941358374223875
7.498962634742578   6.1996570512475575   4.234716705381621
1.5280600394191817   5.075866824708845   2.444744853043052
4.654116715931337   4.42609384336908   3.8502734216647436
0.6249576984659402   9.91800249626522   2.218094420858488
7.564537947874342   9.893715284126317   1.8864095075505403
0.28005351081026664   6.924340945650761   6.089487431874842
5.797697375769401   9.444285371873116   3.7550675485671
8.718191812672778   9.839364501071767   4.653512045970436
1.4104130067031135   1.6601546513549355   1.3395100605604318
5.662956512322883   0.39586488316401014   5.964849305577064
6.765301195635386   2.410921515234651   4.1355468522270105
5.077882055817029   3.1068181126870504   3.24923974020739
3.322278523369203   7.266718473089835   2.2129741088326362
1.777165970704484   6.744430180905768   0.6581105364413256
3.8044036559817482   2.963997035304078   3.3308102163989806
8.313022300865208   5.4408714716617625   2.029568785999578
9.909076656510893   7.850748647116505   0.014335830072548461
8.89905243223552   3.3152180549769326   3.319642901649785
8.564306759616413   0.8401011036153876   5.972417945719357
2.5946416459525654   6.413147057909391   1.9624997718184674
3.7276100133417507   1.43612911163088   0.7134942593350461
7.302955461751879   5.327906067971076   1.6506593626303194
4.836209675581831   6.136660132980257   3.8272439543638512
2.320560885632234   4.488396086253176   5.290679020505057
2.0467315727298776   3.4642707517511173   5.103846000842662
3.6782091332899185   9.367296784313965   1.2506905748447963
9.460227702814944   5.2027301170206535   3.7813990277302225
5.1722535450292675   7.171992376903455   1.8552340370350675
2.993404605357318   0.35879416458805546   2.2559606997521433
6.905481718269399   0.4143277092024132   4.004300534754008
3.005915837526797   5.692564313979231   2.13045488278399
3.5698307441199963   8.554250342954383   4.076653927064122
