0.26772133767314765   8.634599136086255   4.789324787774832
9.183915871777684   0.5887934622808775   5.9222165211814435
9.398872129338928   7.720585314019169   3.667881693903163
5.070533826290727   3.999614247375613   0.027916284209549697
4.245477638769896   8.657039366207995   2.6562470194239607
8.41062765416111   7.587495492031562   3.650317617728075
4.220942279065125   5.676390806911602   1.9573722904601099
8.584221867508882   4.0289773645736355   4.935612938427079
8.153664504682661   1.8589722358383765   4.521054787735131
2.9825310154742866   1.0287353096670642   5.765295080836771
3.8960654919968265   0.8948638668157246   3.1815997413252286
6.485348720004295   7.625082993225373   4.335981622081388
3.4704889868202695   9.646238760970979   5.102803178800748
3.529286115209126   7.673837061615302   3.7488246124515645
5.554221347502225   7.783411004895205   4.052885823283896
3.5452730338143095   2.1334051243070014   3.514572065770079
4.192921854469599   6.734695502039382   3.5246324235702264
3.0106266794743854   3.8314622322914884   0.41169133071469965
5.6576877149232505   3.3482460467642774   0.2723254365931935
0.31450421910688214   6.683323868795198   3.4283469199205157
6.2289214550570025   0.7777699922589966   0.33305048529210257
6.7516892302887905   6.631054891527693   6.042079931721826
2.013902987407881   9.91132234103851   2.979281737848613
0.8554076208381409   4.196106922278725   0.8433178271882387
1.8345960645013117   3.494666681406643   4.243498402351866
9.132086948449524   1.681792413402061   2.0508133901058434
6.38865047488184   8.942584454534158   4.589312878320488
0.04332512806015426   0.9197036372964387   2.093159438763709
5.301131319571627   0.8236153806262214   1.9428028686298169
6.752024350944026   3.410822793271681   0.912006795459591
7.324146172613334   1.1804626221262993   2.65397794021199
7.137921249837485   9.26346856699246   0.342876769391641
1.1452594812462373   6.1700580317150475   4.587009781131808
9.652339918616816   3.7919221562215424   2.4609206666134487
9.532610311669336   5.774985776023143   3.3714762931116935
2.1180945631864514   1.3375140985876282   2.164650685156428
8.458841447990052   8.50118458587471   3.076046922074829
2.2198050298356082   6.585575232743807   5.5755592467856365
4.524643606871225   7.5209844667404155   5.462473586920765
9.370018329668095   8.61206824893711   3.459291343769271
0.4311310112361929   3.0014938836575156   6.183194375774452
4.63393376736206   3.2694540848553917   5.181019679371209
6.5929007901292405   2.216052010837112   2.9543695969157024
2.463722914285177   5.7278224169271095   2.981986487510303
8.028055881018647   0.7483396207246775   1.7558849199110522
1.684396447775046   7.302352071609892   0.19832790206712891
8.765595850525854   3.084479835010917   3.343474941409162
8.398958863586232   5.775861543393499   4.0325133333741485
7.5115185121450585   8.38328918073883   1.8604651714653584
8.646077509089038   4.901546042212762   4.501739580798531
9.5894300520505   2.599819518876198   4.499231796557021
1.9286898080501158   8.954608874845425   1.3400821073321798
1.7323716268435978   5.114392670422249   1.4641909999996054
6.956615800698109   5.093180388407718   3.3635580299488943
2.6804625269607354   8.44336322229342   0.6946984086019856
2.5470806396272723   7.601469900011522   3.9947592060023243
7.845607388481877   4.37272178892291   5.83580049674147
0.4422134075032864   1.8102821643165758   0.44929403281502955
3.6514553432982333   4.557010466392413   4.430162622831182
9.831766942907318   9.720393484466253   3.0779225376537
1.241271792993688   8.439854789678941   3.7973432532767144
1.2914879085945183   1.6387827032961635   3.6469528148815975
5.671538102763469   6.215398009000046   2.3532939004528246
7.505312753321658   0.09196192308167639   5.472340738863162
