4.053299868625769   5.647385560250504   3.8426923375782414
1.0594352979324742   1.7392285889499801   6.024402902247442
7.014353787999631   4.916876912300664   3.9454102511431914
7.276138482454074   0.2846608761194001   0.402562936136037
2.117082012347098   1.9861615083424013   2.2766607546301647
8.17512376633788   0.07331189718244713   5.444440549954706
3.8281007810578833   7.195922961906059   1.1102664053785638
8.523163230687047   8.859362137872536   6.0579477649887945
1.6957176911496787   0.7210573932886091   4.1285163723857154
4.071243765971068   0.6194166260707457   5.64420102360501
3.213333172302523   0.8694727478720601   2.654611459679054
2.081236990528322   7.255714073882455   5.271565591016251
3.895159181354737   3.3441749386202004   3.3563979153823538
9.545882738020765   8.46080213202195   5.792667129871559
2.1507052078780475   8.890568001455076   5.984646867353631
8.751690615398962   2.7119773507154394   4.384881368300638
6.027813136095871   6.333023588454487   2.7383385382847223
6.792618148687916   6.739247552937961   5.667880287353281
4.191937090508278   1.861910698920509   0.7123533321854767
8.419209703944587   1.3361974124042275   3.0771514056000915
5.629638650388516   3.1177836291210594   5.644403314944535
8.167246321951724   4.241664118313581   6.249436179628544
2.502128039864892   4.130750102385825   2.6759641515047705
9.193549723404047   3.9682661554896494   0.8347596718979381
0.9819826995023961   9.788644551578937   2.9703584390979727
0.16116547805591175   0.29715689847004956   0.819582574615972
2.173787525969458   9.896553007227853   4.72947981517597
3.512741259236925   9.740238615736587   2.074013186394167
5.150995746023199   4.7355694504339505   0.17012787335309398
8.904562866803909   9.657659671741298   1.2821808015154597
3.351465077317362   2.429334354220189   2.5528540902183865
4.740880664224238   8.145398221114512   4.660484952868925
0.6011193781467274   6.417091544463611   5.406128201885761
4.95672752456   3.912173742587506   0.9445554700013646
0.14111446384736737   4.287562195623859   4.096828207582101
2.927379435449108   3.1768109173094676   2.4082292792922786
9.589901459218733   7.051431789249224   3.934834537791574
3.281906403473805   4.902881873878813   5.443740878617084
4.6648879714671025   6.987926672786625   3.818592504436788
4.779850318338379   9.737025123141587   3.805334760747312
4.771086726573555   1.111437585292565   4.900444636691608
3.2167202721006105   8.420757889376047   4.5354488966179245
6.517579872197019   2.168197888968094   2.1833435134000054
6.178033904318443   7.625517275878798   4.849552135147015
5.655634536706293   8.9382189814092   5.399486503088083
8.480496701583048   6.309547313653406   3.989669104341904
6.7020092389263715   3.257150857033748   2.2888744508089403
9.378084661022573   5.458099197281068   6.106173804280278
6.353023615618211   9.834211749516045   1.5367894808944278
1.542948142290765   4.393782984036918   0.8856521185815059
0.1465316255338151   1.4985779409619289   2.8334345714763898
5.199263012524858   5.572807215856188   0.3401834566964308
0.7871522963857567   5.342531681451558   0.9400106836259868
6.281653734946225   4.007919100529647   3.880415837106864
1.63786132823113   5.86109874806362   1.6781450014387516
1.0009947587406791   7.7006060893001695   5.561889319909921
7.425107062219378   1.3973147441586478   0.9157605055746999
0.011675319698268738   2.9671191391511194   0.26509453217601864
7.369879730116425   6.076132138850496   0.4317134354480473
9.768097873068378   9.501379416611114   1.6125638207849944
7.8247751367152825   2.8802472532166727   2.7473274815828543
0.7547827043066586   3.6685906828862462   1.7105634145753998
6.94095146378521   8.800354792590555   2.6613702212679726
9.368817290926353   1.1093226725737928   1.9493797818280079
