2.476312596542974   5.134593963957198   2.924947609996447
8.541168892775206   11.65843829525509   1.8744889810307857
7.55263855410406   10.770758235758198   0.170287285832626
0.6946878795258715   8.159100300474389   6.054898597806031
5.647242593147599   10.23367015038044   4.332290428520617
12.362870062157624   4.776701653893446   3.960647229335551
10.569070684724545   5.047670975667451   6.078863340830773
2.1130896269568993   12.496288692328486   2.4181139147208324
0.08900639071336336   13.231173114656759   2.8441638281240738
7.191589867644955   12.77438210882372   3.762284051606196
2.097282721100466   2.3842204259794317   0.8182314034822289
13.092729673979203   13.947218793609599   0.187150243622208
7.4729974897962546   5.820890372541547   0.32491432030060785
13.679939861584344   6.300245850472058   3.5116113214586733
4.566308723128762   12.268563020315119   5.752282555073003
2.4378137932263   9.399802804823873   6.187723080206373
14.137255612682136   0.38279331216196644   3.281146262979377
14.151264549513272   7.577548484014346   0.4275032935486248
0.6815254314796242   6.292260058086794   0.700741281986009
5.781668319223018   7.368432988181785   5.414555513808759
12.369011039338188   8.812369332214024   3.3455326428349936
1.0477865726795588   5.302723706417069   2.2107109279411508
1.0392557960732955   0.185910967126804   6.154198472495201
3.335960927818528   8.44609129296637   3.411267571289455
3.1932127225068156   3.101050289542586   3.5712736039388266
10.009645009661725   1.5304368550979452   4.927824517063748
14.310341144104138   1.596035107792183   0.7435211801968845
8.576280621375089   12.79413226889111   3.94970854210831
4.373726639259591   6.540279672005767   1.1416414398343109
3.402995862273471   12.279033789003167   1.0787964081457893
9.97522783006739   6.769268706550389   0.5829945182950131
6.171679168762832   11.852318947904429   4.169137667049749
6.23338966392311   6.331522733868007   3.4350322565653015
4.848410372324012   1.1720250956382334   2.8855712312282904
6.762297739279015   2.178752829902434   0.7319461384970556
11.945427309866654   6.536920060079938   4.009376376464122
9.47270074523573   5.745079028864311   0.7867968646506898
3.913113145606429   4.882338511964645   3.6838391777097472
4.362578786058508   2.597275596420719   1.5268099803861641
1.6002154344751196   7.429323311191535   1.6279596574294175
8.842502250473895   10.14730831888497   3.140856160854179
6.746114355667899   3.929462075314187   1.8670336224052952
6.534182213554234   8.287778900126657   3.0721856519686295
11.345749595491702   13.168890191711665   4.039182078844232
13.5727274481154   3.545146557660515   2.089419265723281
7.98647420986534   2.2346944090844088   0.7778695854352312
7.081866325203819   1.0406005100923759   0.2908961749062862
11.629437209104092   10.865237833957728   3.2362006581115033
8.703400991361898   3.6773909419718116   4.951369231169708
4.125943082339865   10.484575967040444   3.8959927955532923
5.378719126495118   8.95001798691871   5.948646164608809
2.530052052516571   14.411888146528902   3.2665465365672803
10.517248775413714   9.338550951251714   5.719588523223838
2.7330148168568535   1.4389247877789928   1.76730310990253
3.896953324563191   0.14618246544702984   1.7913563053274177
9.973194220385782   13.52167797200243   2.419675277687896
12.377334888843667   11.884631884988988   3.458335667189052
5.219627168685154   5.7749643218241   2.3237546091820844
13.760309687689517   4.98403315235681   5.276156078495327
6.154344077705476   13.995227050295936   4.925855729142562
2.6948449977524183   11.128954948691057   3.2380077580815736
1.4178714582969443   11.622405575320306   1.5169551317260448
4.916106139571237   14.14008266188905   5.272269468836432
11.24088755348701   0.21635820381289267   1.2487857668784064
