0.6833344444636087   8.002000831530738   1.9890501035533825
9.558508557103341   9.717334244509766   4.046111099121704
4.9514164223609765   0.3341593853360077   4.046102469479374
9.209481667027259   0.9126741653391293   3.6790463776070315
13.542543268029982   12.401327800373187   5.169445968780602
7.375281131819069   4.9248280255262715   5.250967383789529
3.44272808208438   9.521944697426294   4.901321377993622
13.938712768174264   13.470670130458895   2.332387844045593
13.303239591548135   10.908467659659918   4.163566860146121
5.617670586828421   6.001273861130491   1.7400349697063888
5.739451211639077   12.012838767673102   5.984504758023059
7.630644875430004   3.516449342888027   4.911575355039228
2.142273338709011   13.954973140824755   5.775087107907271
11.70780508563204   5.904208142457963   3.201450654000161
1.2840347468066482   9.152324426112761   6.029640791647786
0.9750179868605757   10.175080672207079   3.750953514228042
10.027632655088661   13.986019030515003   2.896603616460514
3.673145392639278   5.64852329474841   5.135764911175072
13.423023927819884   5.128287343752819   1.085445721411944
5.712101883814238   8.58580672628894   0.5612902095587251
11.132428136750578   1.6997372584202788   3.83337154679402
3.7746727271249134   7.544540248447093   2.6360645144966215
3.2678205768970447   4.157587681880884   4.2836866393743565
8.670492914321718   5.480070917479932   4.619290083844243
6.052445536077586   1.0644343035136479   5.219475091788631
1.6629168631424769   2.8423678338929617   3.676276989916715
3.587262019857584   13.463216865479309   2.270705504480938
9.233950604281238   10.956212660409417   1.0462229206248044
13.706729585338488   9.031246371966443   4.264629392618293
1.8675326392026599   4.294602750016773   6.1985066511746005
0.6057142502850019   4.468619332630128   0.3461773776797771
12.627828071896843   13.65327212804186   5.621943922461677
0.5579376169008597   5.848840239455769   3.7029119015138665
2.3646352006536846   7.931043155302362   4.953446298175065
8.411942953715943   6.679740298890425   0.8542212327283101
2.309193190048555   12.273694261926932   2.298754076857696
6.4282514458050475   3.6365626598847336   0.8297577995592771
6.186045058308284   7.224367202814575   1.219017542662767
1.0257772164945786   14.161367171450053   5.732714151400341
6.145503165216316   13.95812156098852   1.2624395019212644
9.588545418535606   6.219459112911022   3.4313568750780346
7.113307808924229   12.318211772804883   0.32935350191860713
10.80634993127708   9.242859834859328   4.61208444248322
11.181537339436758   12.520428535606753   0.8970108908881783
2.088093537429228   0.795090119542605   1.6713363290025098
13.61203331858489   0.34643857054048127   1.4227273253963832
3.6017312681708042   1.3434169059214995   5.753079842695387
4.052586212131583   2.351559515389955   1.7329786460681684
7.106805170088457   7.845326918834487   5.843768486830589
13.224472341062821   7.425877670797456   4.731772442110817
10.673273487530496   7.869469739069284   3.1560416166960628
8.531873203045135   12.633937433420565   0.9330749213242572
14.399518079853982   7.030968907955178   3.2431314490965164
7.461032954598863   2.175252980351051   2.9825346802128134
4.670580573274203   4.890897325519161   5.817412580432622
3.2201577214042247   10.777579343649384   5.165868410471208
11.884594074833494   7.986165985340006   6.257161276674753
5.955899801701015   9.680860503018879   4.434596055207076
13.125308150942056   2.891822549439203   5.019288889536847
5.910776376520442   2.4273501121411036   3.4870384285724487
3.065278480252909   6.667013454328419   5.570223239841264
9.346760584632976   2.9685736627047437   1.4323439542061511
8.06421630472753   10.872106488145038   4.385051875803936
11.04459623796385   4.185462232065766   0.9855173285414258
