1.604781134430322   8.270743383017228   6.255660155084227
9.448117985039056   8.671771516316195   3.9899528633140524
4.969574672327294   0.9473749745862712   4.991182520375726
9.446438431749101   3.737829255870814   5.470208018108898
12.05152477584202   13.925928647895226   0.36489406011941833
10.257803828277243   5.445921042032409   6.2050693030751045
0.5346598174623531   11.408477790311165   4.220756635176389
1.5714435315204767   10.954134714437409   3.004979055281882
11.883354330222186   0.5830122890135807   5.2171620031255435
3.6992433333685133   2.650832457836733   4.387319760964922
5.684237524667123   10.937265312743326   4.3970550418612655
6.520391829236053   1.009572641412777   5.002158845762279
4.580311931025854   12.687617232353222   2.8754920269804294
11.853528064971437   5.21688595409828   2.5701709895268676
3.0617863430216037   8.685849918541326   3.732888604259072
13.176123142088638   7.733262212333343   4.816625618299056
9.947808489600016   2.0737585993346777   1.6761524165474104
6.74197772497397   10.742846208053622   0.34280495141851075
0.9722410592739709   3.77879499950518   1.1218028338170292
5.307888089089323   9.134689730516863   1.7632098304436004
12.11712221810455   3.624720093337679   4.303174169377517
2.0123203674297345   4.774720522102211   3.606477786181667
2.662073998846701   3.624106520351835   5.814054917577194
10.26153479701873   0.4322832279469007   5.209754418915168
7.717009165018618   2.910898316789113   4.245768234593104
0.9715970163990671   2.0638204907332014   1.8084285902143327
4.683638764724369   10.062144782792387   2.6243385276325584
8.805146759374367   11.623513628058673   1.1747508889637726
14.153862339856582   8.849724593933642   3.833457536515165
14.300822352131421   3.704669800918973   6.168469306265993
0.5043208177006   6.72593182163657   1.4178650127309524
11.855713832364101   9.986956678004383   5.4738626015574665
3.4823937920727834   5.464055062957851   0.8369901581689563
13.546923763304527   6.190965543354043   6.089052259482511
6.0115089686402365   6.755418011696569   6.055819287194598
1.4528693249740134   12.930841636390538   4.095351706052321
6.97060594125144   12.905312835789545   1.480548546098701
6.295661174719419   3.149910431980625   6.246747442977335
13.54241269507139   0.3419888212752065   0.08701001785945611
2.547821394123403   10.230638083452563   5.154483230600457
12.605556639164108   6.651348152760109   2.5815136021799274
10.34714132257247   11.983034341603776   0.7085646739765336
9.521257226091596   10.600634072868383   1.1479562043031537
10.05038005920687   13.032880264633011   0.28975741973080016
2.114647639980964   2.074295719532074   0.1485991298636527
3.1870645045464916   12.99463510887155   1.0180573665344055
5.174660700185372   2.142596316763384   0.13489604852328071
6.806981480395006   2.0962058643949844   2.131391152560157
8.406029881466004   6.595691555149315   3.4578721106095975
11.79639644139454   8.854081017453298   3.0588272534677454
4.472400671282871   6.4423712780858535   3.336885312625904
5.775298423751597   13.139301930393353   6.217319702385216
11.23433692495189   7.664249691888496   3.2982773160262315
7.574020349256767   4.819904399836678   3.193113537044857
4.159915797552079   4.463753953182117   4.1736550257170935
5.340886729696448   7.870244994549942   3.2050707003279184
10.77929026999263   9.731262045330723   0.5806164166534238
8.184697520033918   9.533076765034144   3.3039060385632744
0.33867054727841184   0.6142547069730011   5.498988619562078
8.658082102854888   0.2888323370206134   2.1727859964961915
14.139673734334306   5.278741463812401   6.135070695134024
10.645580983586486   3.2127457489309625   2.8969393048945458
13.203655915949444   11.326904476325963   4.576975307400385
11.981801238571688   2.454322231293247   1.116079434214544
