0.6252012732038734   8.455324670277216   0.4160943461863049
8.661287334954606   8.788967918995942   3.961981422099266
4.209613144839993   14.292786840041291   3.6004635755103864
9.869974390273597   3.1139804592290625   5.2242783432491775
13.339083423566017   12.784948533849658   5.731218212670144
9.678874131178679   7.990027815493741   0.10579580493588506
0.9296158005282926   11.16687729220294   4.7733580977726415
1.3493220519220732   10.095491493709602   3.2380830188457983
11.761432446518732   0.08088758727719148   5.235881750885288
5.56829404795422   2.1749312649977317   4.1046435471098555
6.565732788140482   11.28723160880439   4.45709127235372
6.6392544220238   1.3422956171215856   5.940423841569456
4.502517060542714   13.214080730163912   1.7951140735224491
12.862522474696803   4.709217877440503   3.562647709957597
1.735500208258403   8.433625808171545   4.6245860680194575
13.606234847617012   9.080821638185206   3.827914158932169
10.934653975988512   1.1022987492657172   2.326374297470638
5.848165980334524   9.41725227912873   5.8375192684188
1.170399999965507   3.992433197173857   1.2361927767377427
6.578555778347544   8.521630540682679   1.2842238320243564
12.706685778888422   2.0772952548808967   4.0839189183254
3.163589697146099   6.351762669147716   3.6909057761699358
2.2812071995134557   4.74580088411556   5.488073863901644
10.70442552746881   14.123121442841194   4.7227933305738645
7.763735616408431   2.58186011232575   4.4869108767121055
0.16070768019322207   2.8709691151033905   3.1129723719225124
4.629723684037169   10.667355537031998   2.8375568587115554
7.695587534856768   11.270266834043953   1.7242468108837545
11.74269867955011   9.8471830149672   3.8492969142702664
14.364238006166792   4.278748562331795   5.458501348330148
0.7127492278782875   7.149259624802563   1.1955229407303647
10.742254470579226   12.314016540493077   5.574248548333093
2.6341930118343626   7.430327128688313   1.3003418757910594
14.26888654801973   5.3381493841230405   0.23996559504421947
6.123516072134861   6.499308502301282   0.10612969771445879
1.2348109407773127   12.723346534202248   3.657483800987931
5.955941910480091   0.39970063037143294   1.6855833778291425
8.4943287271846   4.029817573940247   0.7675561915519717
13.36805206615421   0.9069746984411152   0.3208219246837004
1.9117818779946556   11.6494455942912   5.822469197740443
10.963307050567416   5.794648387498728   1.8773358977254873
7.445221212987176   12.954206623307137   6.167399356425661
9.013313982882817   10.648151233106882   0.8221271365819498
9.612225981953797   12.630408169221425   5.995241287520995
3.6028260939570598   2.49890135632722   0.23131058010297564
3.202282043495428   12.22184514558766   0.9247659062429185
3.2062245621263012   0.6363631833034076   0.42391121069052984
5.808324983172669   3.702064822743693   1.8730798067863481
7.633170204248086   7.675184213162586   3.363537538089365
11.565924995269793   8.587885083111296   3.295416576823292
5.852414027490273   7.753868346120465   3.755163047691505
6.431266690876475   12.414575298915826   5.945332604843162
10.909510733760259   7.134048884653874   3.1273045273640765
7.820118507757922   5.378780287783114   2.9114968522704334
4.329886667000978   3.386857581791272   4.689491900665759
3.8247551917020286   7.805445323321694   3.752376639334078
10.115410296903368   9.987784655630621   5.709672695155681
7.2586461824848545   9.98694500352523   3.974006786204634
0.9386887090394221   14.336493294719247   5.583757983192351
8.46424648514679   14.238293656076793   2.8739714114525383
1.5781450805134756   5.876034844739197   5.426429643269134
10.5617798712149   3.942287580497596   2.8793299569006248
11.875556033742408   11.918111037829739   3.7478424167643145
12.115588766349395   3.344276365064114   1.1426194973390074
