13.83972280558857   6.800325485139234   1.0381947937751657
8.573271173229429   8.653952169204736   4.8285570682075125
5.0956883272633045   1.1175267435382408   3.398710529302241
9.498629837740285   2.300152642206252   3.526681460538919
14.15453412563669   11.494493734880598   0.43315381214515025
7.482245329956709   5.17074468719268   4.720624688258598
4.503709381375994   9.639327547139933   4.4364516238635865
0.004277840921244724   13.403731105632419   2.7579396661803264
11.733280379606628   12.817079498714834   4.469192144508541
4.773245139296224   5.785586095008361   2.317704277750976
6.428869778152543   12.915749026290719   5.884331450815252
7.809769159079885   3.9539627520907343   4.865473947209275
4.277515825758244   11.897714687917933   0.2995492499814508
11.10285599937083   5.980218036236475   3.5915707193157584
0.9620332996743552   8.697831921846339   5.777045532721458
1.1530880531356442   11.017687607876281   3.5749392240520477
10.459678910801275   0.3203630476181939   1.973226125004258
3.8658567463071494   6.6113725451838175   5.15186411208552
11.751594073423142   2.725632973069948   1.8794195845873944
5.56079823008964   9.40778356892933   1.3406265594872835
12.444940684698805   0.4579522314444214   4.4101805966444045
5.797747074971554   8.083356807327279   3.4780805024413484
4.826487077882079   4.429752430367537   4.064385789823529
8.656995729139819   5.247062151895577   4.13685185352665
8.790899385197223   0.5175981533906584   4.144401939462939
1.5029113429094136   2.919603162417482   3.4146618268493167
2.3873716522177832   11.629462312757761   1.6746656323307076
9.573106447455425   9.685500226160382   1.3630765304764483
13.594973108676468   9.813378051443033   3.6197569118304176
1.6994465405522448   3.998363471700317   5.450055928339275
0.8969983824934077   5.610858151218142   0.9086714014047431
11.582041538453772   14.165917353223488   5.554314155873154
1.7951878713900251   6.455797184820509   3.8164544079671057
2.7343233355997594   7.61222293777452   4.40368507225997
8.055584191080083   6.436575487379238   0.74889059230882
2.107368284888004   13.849019942047187   2.7626127421890065
7.087813176102006   1.4217789721429102   1.7270805891817997
6.529918672337247   6.4081578908083054   1.6097762463859053
0.6769850708935283   1.7012640995737183   0.273353363778638
5.160214817883385   12.53284705003202   1.0762325692330543
11.999301299562413   5.281334931410928   3.061117764031401
7.769141198295872   11.338997268788763   0.5363694762568847
11.066897938719574   9.617549953066556   5.4012226666602885
10.212216788298738   12.330989186607669   1.0943011057271965
3.5777683236301847   3.516196560511302   0.37352667575574144
2.6096383600556257   1.0895748523742121   1.4740808909447007
3.8622723673553936   2.228727679230877   5.9520801688678775
5.0362990496547155   2.5690417801816627   1.2200566132722281
7.401699428937216   8.84044436396271   5.398786805561473
11.41984320230864   7.315421020287733   3.992654136362787
9.255199895956856   7.269642478666548   3.2503352014599454
8.436547471238928   12.833653874031151   0.1945169374863481
12.23497456859023   8.450478071057505   3.267559796364713
7.905968430450665   2.680777675180417   2.115104647344405
6.384193700864869   4.603269062280809   4.851275685079226
2.2480346468372048   9.85420757693129   4.971024328977659
11.109732714755054   8.530997354184306   5.941243961930055
6.043439223393743   11.024316485132243   2.9222413990163774
13.59552530752964   1.630980015488428   5.39561982586488
7.4718026861363915   0.23333851477204692   3.1729863840593198
2.800098159720778   5.182128287588668   5.935160657542333
10.48734547009125   2.868003613444661   1.9892337746739202
7.855462140752513   10.142764393434959   4.372780302612526
12.549253259699048   4.233090361379268   1.0591079971541444
