0.18155409003456535   8.144816145290305   0.03692188794968754
9.010655650482734   9.140753457905404   3.9348531013170804
6.236700292864012   0.9002040486411522   4.36854988179472
8.985843545386823   3.403935431972068   5.589601963599223
12.174120237553856   13.807004126008913   0.04376091862344095
9.984485100548124   5.356263930246   5.989520504093433
14.121308627430935   11.993494277544414   4.15919714334337
1.387577781602883   11.472443321113296   3.2069767749826488
11.546594439370491   0.9537226769758295   5.835158658592163
3.02239401095365   1.6386985154227134   4.163879549189376
5.835007259122034   11.194389873916101   4.636431051141732
7.556017474055533   1.549468064476723   5.379115394802962
4.939446014405312   13.357468291497971   3.096742040212384
11.953027225159712   5.516736284967872   2.2977981234545455
2.6722569432411314   9.106014788105618   4.09962369180173
13.816613434458635   7.165063058783943   4.771438387540228
10.978011241915102   2.0278730728087   2.317602824445298
7.630419056544667   10.918520814316157   0.1451564367857728
1.3208752485257222   3.7791820215473173   0.9682475260568716
5.554371569328931   8.284232613297792   1.4791746413629192
12.996444098602833   2.5561077561074517   4.305467315791352
2.2323316152789507   5.505502056719456   3.830768520214906
2.702963128761894   3.6306457319457492   5.46340292682822
10.001285210186314   0.5996597383023261   4.936274179242558
8.786553869030723   2.294378338315816   4.108837303497955
0.9204127826947514   2.2616268022983252   2.522212621875491
4.9586056855942395   12.146227805885927   2.925911098585039
9.021761753463755   10.373566840915258   1.3577052653766424
13.27544451770954   9.929251818060138   3.3118480882320216
13.642412688774622   4.683626071432541   5.824686719030821
0.48212727573758934   7.001759206748538   1.036707843692963
11.519261059512319   11.040782980475257   6.0384357273801275
3.2063436408186856   6.114415999697841   0.423074262737537
13.552993818527156   6.0230190981633305   5.968319975618619
5.871267400697526   6.637899871256192   6.13441493789073
2.027672066936731   12.39326083095851   3.8858982082871623
7.437452939773043   0.1993967578481719   1.6792248270322068
7.315684228410228   3.5938784211378834   0.15113955482104205
13.11604609079781   1.0636362856469699   6.178413005007651
3.1518218506146902   10.617984985631029   5.582929103789324
12.639957671433171   7.076880222140808   2.422037155125931
8.677117369120017   12.692546733617203   0.5253311769777329
10.048546230789007   10.047100559564399   1.2677439869189602
9.840266230571563   13.387349212514323   0.0788122755387402
1.9748264297940938   2.8545615008629723   0.053018445806198855
3.183218828161637   12.71919131688571   1.071408797464839
4.279859616874642   1.0684606396575755   0.3266928847347016
6.18781927987298   2.5618548793036218   1.940935023519375
8.17519411809232   6.646300772396504   2.8457025814908494
12.164993209548067   8.333411559675824   3.4468864218987303
4.835529507078487   6.724722573803598   2.9843669128970696
6.172243535043464   13.802161678025028   0.17432811023697492
11.242996439900432   7.71901719270492   3.326098631147714
8.368742157590729   5.41426632609273   3.6620923980965454
4.009316868069975   4.795057423447277   4.625521036027738
4.108579049287293   7.735214954199902   3.4320586762336975
11.050650005829505   9.700387824266508   0.1110807849756443
7.950919530778266   9.237390320652965   3.3351283149601576
0.6555074244326312   14.193715508927754   5.486950116514528
8.89049456396612   1.1231676625072364   2.3223090261234343
1.5691889073828515   6.357991982336351   5.649784042089938
10.169757659379535   3.1848187402249453   2.1680488003871887
12.914186080588184   11.038899547012926   4.614207564905788
11.871419479974115   2.6730124721040123   1.0438253112015676
