1.5425820705048356   5.388916350584395   5.671888404224027
8.963245224804947   9.401922764097032   3.006900027773936
4.307696366999097   0.41319138053578275   5.87255063935599
8.824444354165047   13.557474495231643   1.6739545205713766
5.502653953787156   13.871548581260438   5.464648799279386
11.279782870457973   2.9935541981048224   4.166436688615123
6.125980066627487   6.194030159754016   0.07066439400155389
2.2377195665415113   11.701832141631376   1.5736535582006683
11.185888254279801   10.601957073678458   2.7650469286023736
8.002983177444598   0.45497090995418665   3.2855064205708535
0.26016682337141417   8.022335404889379   1.6200350155173588
0.29711982073865784   4.894321535092302   0.5771131021373572
7.636431709102173   2.9950683101765216   1.4232739061814401
12.095908757331724   1.5686257936227865   2.8728394631739533
4.151550413535618   12.158470531733162   5.659193216123775
1.8584993785100314   10.153923695827473   1.7322544735009426
11.636062134464003   12.377764905423156   4.561563173692977
9.359422326539375   7.269573480597778   0.37261455718622294
10.765423172789252   6.67221295438959   0.8255757325497664
6.530502958362413   5.080835743407757   1.5793080885502728
11.347974152879077   0.5108526627938001   3.8531169591961545
3.3984968733254615   3.255959773523336   2.255870232034298
1.3987431704905617   0.2514480704749077   0.7837502192477798
8.163227408924516   7.441751912061741   6.049026242979687
5.219280202540213   5.487767912272496   5.193297874668027
13.449914049711726   4.00344356916476   2.729703772800897
2.068720415964338   13.071858543264549   1.6813137879761657
9.441668446450992   10.760688666127637   5.0940154876717125
2.063114471403071   6.642349808994441   0.07066026993768615
12.995300115051569   7.748637412570389   1.5578732273494977
12.287986356818914   4.509630963683401   6.248535097867295
8.868440742713743   11.842586803514415   0.4342047319381792
3.281723987274847   5.954023539491462   2.457906884883967
3.1103650732000303   1.726810668649159   5.954488507397605
6.967682082562682   3.997533684305888   5.772987326491659
12.835540727902748   6.696146774240715   2.2652286311411434
8.498765310799214   5.390204386680056   0.8975779142749485
5.004730508939075   3.2498584668068777   5.573204337043521
14.373215732104093   1.4819713528096559   1.3928384174067132
2.1390931765366377   9.043773458304745   4.78841193753269
9.851497349928055   5.440918299228698   2.2430713510244686
4.55814387528092   11.019112361844298   1.8911859426313853
7.504653240059451   9.006747707789522   5.0300146627014835
9.206399694485139   0.33717340651042105   2.4289458239061346
10.067508485857928   2.3796988555031984   3.0895564617271987
10.361367120174064   4.380995094046082   0.5138833959987712
14.125442112111847   13.831535931096171   1.6712196731395854
0.3319874883055989   12.193872427231478   1.0401472663540108
9.222345714146083   3.413911397509326   4.668864178279656
10.325629520026329   9.283107346806975   5.604389287299974
3.433415429468897   8.975401031067152   0.2621580687699848
5.160444727056403   12.759083028580132   0.7543119734664868
11.84198573012554   9.2330148385376   4.493438485938991
7.495225054101807   11.371415051491923   3.7921107077503065
4.164208505706341   1.4639209876490327   1.3552299282485694
13.538870312280244   12.530506151806673   1.7336046602612145
12.046503783401096   5.766917712517398   4.349664107876667
4.7150646557548574   7.364819405442302   0.6124226962566638
12.660687879514361   3.1400898518784617   5.735676301403971
6.1858498567044515   1.9982189492898712   4.397017025179286
3.096912232359438   7.750162311382056   1.7284435387051669
1.5680567463067616   1.5742626206288275   1.6628130704923816
8.627122652678862   1.447204490678134   4.856974415264239
12.757349982224579   0.2027582320780923   1.3635377687982806
