3.1749448037640606   3.0847969635684462   4.218106101950073
10.554092478097454   9.512216837761375   1.8625910304105988
8.361505591198105   10.600469117191603   1.1378892878971067
14.389420446521397   10.175573398157264   6.147070234815404
2.9799066318813314   12.994845619548617   3.7819167728124894
13.396815857485098   6.039075806401095   2.656370562802517
8.625056370613635   6.819490607282191   0.04319552154818654
14.048870688694105   1.2442510967968134   2.8379592431387763
1.8593817704340947   2.704449196742042   2.6326892680491736
5.696401067442853   14.322510933738348   3.4233241509969403
1.2901477385567597   4.883249756793202   5.858984862178853
12.831325945972804   12.669960623472797   5.854011669516216
5.8875330509251   4.354318786260544   3.6124405668963933
10.365059128486998   5.20629500974864   4.009488029048575
4.810943894628222   9.92380008307372   6.2532852561139105
11.351639456986948   13.23838850911092   0.14741265048918362
13.584451232848467   3.8223957581409236   2.2104400238204045
13.764320259010582   7.722799697444604   0.3965316998442166
0.5920410679187498   7.098974837361729   1.10737008136803
10.181887245396164   7.364901458032932   5.880280129597941
14.133550227991977   11.21952099002874   3.239090536088379
2.282907449118426   5.37856718565679   1.4993325853113464
1.1038182862620647   0.03491995002266929   0.35681869025592594
3.353623989262907   5.646685408281579   3.873629156876729
1.7403374994101237   13.56874409864333   4.276451101365663
11.890955163729286   14.219261364195352   5.855597884078815
11.962605201623088   2.2449522968317064   0.6319760564338376
8.89275867840859   13.37591950397063   3.8909835622834406
3.789942707213145   11.010620199718533   0.09225013145928067
4.9273102945881755   12.028110150500256   5.959232777648628
7.192833200934583   8.74361453276086   0.16966329613232428
6.611273138806067   13.01751863789872   5.158101794697602
4.134793117670996   8.838723770868173   3.5432404930095283
6.052540646377202   2.4243275287866948   3.3894546693675167
7.878388766868914   0.15879052072580685   1.2121340164761993
10.908141840063154   8.160494940514536   2.2396624020782476
6.403198286511159   7.288412882822814   6.01351652121518
4.443921220797406   0.2345724880394972   2.5245722829765063
5.622640865048286   6.488348532258891   2.3115944215698203
1.5610084031379938   7.5950848211530655   2.3465748407864373
12.38629934275701   10.05083630525976   4.5584399861137985
6.944925884131878   5.122098134038254   1.5890816856697836
5.322330914010625   8.454450822217238   3.2051396594969463
9.522392635041527   10.862251134388979   3.2850097590375795
8.507000291566168   5.551866599065454   2.1398727163473916
9.063485118842976   1.8616554110570869   1.2722489509229886
7.504580518045781   2.8835002245935453   0.004612676094699175
12.731213384371095   8.587649143844498   3.912974891901344
9.188887904651335   4.40193311778429   5.1654089536733405
2.707213771942263   8.263239250837232   2.955760594346933
7.010169982338732   9.924536328244505   6.163659497473326
13.999675462941173   13.645272191231934   3.26977472142054
12.431903769668299   6.5098244559734875   0.34479820860151267
2.1477551371948147   1.1188248929721938   1.1127280062427618
1.0786439070187936   10.72574105359322   1.3113464301918425
10.242804964586101   12.841694503162145   2.125618716279245
12.703221796368894   11.101816480392133   2.672097197472253
4.116977093282914   4.841320003607933   2.849122332728018
10.853977840691531   3.2914074585974027   1.8735434250837648
9.118324291428202   12.221992892922588   0.169759088060368
3.099453479270162   9.492996853256246   3.2094291618341453
0.8939669802482222   11.801190930594592   1.340496321646298
3.395029589492007   14.18541554186924   6.178781202428867
10.619884121380842   11.778158922235704   1.6721338522886233
