11.588497766131033   10.22131627015514   1.5424265966072639
7.586225538577056   1.4141549273512437   0.9995295665634689
7.991330030246052   3.028633438428016   6.110731912135219
13.34627648844888   8.61150846299785   2.742142612157084
2.481983215625062   3.8567050498816298   0.7280939134506578
6.790156541645869   2.676437996266981   1.3550625398031906
1.408556834913055   13.064374735383955   3.4132456772507997
1.8727372823507402   7.817962746488225   3.91218632025013
9.664497892373612   13.905329134988559   4.1408095341408275
0.1818597529116488   1.18967498826947   1.0399918168480853
2.5355799334683895   5.0497731460294615   4.401962941488302
5.113148585847576   4.670998126447982   4.187186441923489
10.264985625953665   3.378320717505203   0.22720154939260992
2.608293019746757   9.07097886267163   0.7261034771655007
2.896844679929763   11.272576043964838   3.269546644191493
10.263407119603224   11.210452918701412   1.9109948887232278
8.215134123254915   12.657654700214016   5.4855330013887595
0.7434758826392143   2.3403358756943824   4.569951048154431
9.721726176505625   12.824120763075683   1.5046879585592339
12.109942530029667   8.907027411547649   1.9539037489663567
7.626349056999064   7.148550771256829   0.4532572427498297
6.321460066637709   3.6815980512506625   0.9812377512400643
7.208509258192672   9.233828744173515   1.640472659106416
0.39752454873996723   6.472427877699666   0.2953311177608172
11.247237199737258   11.884940248325051   0.16888975667800216
13.321912240370397   1.9971260416871075   0.5209280279083653
10.032982130894998   10.076663285645653   4.845131939118754
8.793921864526643   11.060100424593104   2.6293910020507254
13.669227727197272   3.2262003151985166   3.434752245837667
6.211643932657025   8.209323391467326   5.285754477349321
2.2995183376133026   0.6908216910792153   4.499879241847587
13.55311138819758   4.273981836890294   1.595738025811222
4.096057364586354   6.544479840090667   5.125726193953845
5.693895225834306   6.642135433952241   6.090868099139418
5.131486588114497   13.764517032463136   4.866573497541527
5.5391992937454235   9.188260875374032   3.9013027218477405
4.974650046686345   10.81210603656134   0.2659334616075881
14.30930422038507   11.89523128818894   5.442436062803657
5.252644632794758   2.2411016045533163   1.5624498354962975
2.8959095868863116   12.48347747796072   0.2593092435313752
12.107797935724955   0.7734891929887321   5.390929872719288
7.7727289444609715   5.052917902716262   4.11595612826312
4.150618918203387   12.99454981785266   4.925250334526519
12.686684038510723   13.950660969856644   4.049394773373812
13.108475926445054   6.966772502243425   0.33722274814869496
3.333325149574375   14.29203277716885   0.8250404151419357
11.424302367975095   4.4317196447522695   0.5442420627605736
13.830532497126747   5.6997960013477815   0.7279808569674291
10.139366618183816   4.90791992844512   2.722376359165493
4.969932176103515   11.883622455252851   5.5900411602517925
9.116963736746722   5.1962987344855325   4.11215541958286
7.960770278674495   10.283197481240526   2.137102851935249
14.373479646583794   10.637340698325971   0.7083660257822659
3.5177865174726035   1.4888529520141298   0.41269568838988235
11.720294639712325   7.679279506786298   4.2632557792165695
4.713210677766457   0.5700301909641402   1.843693812824953
6.898077058700497   10.470882984911576   3.7200874650755535
6.557210784472288   12.43819338695122   4.717346183954595
10.673923581852028   7.976076871398529   6.172120692885944
4.559176692345517   8.255719947795274   0.7220754958968492
0.351886839763104   9.096276554505044   3.2670609173216887
11.163789556595091   2.396404539867847   5.274447642361696
12.60371660803598   5.646586242275913   5.633702252355457
9.584502103532186   7.7998727700456865   4.29376550798871
