12.90334973026451   9.530724584983401   2.589531957248582
5.671386717205054   1.4834025196157121   1.9166100673065118
9.928718465666787   0.9046113915062088   0.34129262930638843
14.042731649750449   7.185684278619308   2.0467279920892314
7.99646931897834   4.223443846326737   0.7438106281650929
6.961862590754051   5.3195775555533515   1.2684738153961121
0.4468466647230419   13.833435115387788   4.4482382015049104
2.4773629846057297   10.613683515425103   4.485693618511716
8.334061457544728   1.3728775542226934   2.986130997313217
13.424553024315069   3.5193154768495267   5.952451217377277
2.5866190269003777   8.27281748431888   3.170248779636963
2.0329888005354424   5.155824882538562   5.010191241898158
11.830875271300062   2.5142911007572164   5.67936137997232
1.9554415975764337   9.33488145196884   1.6455355775216958
5.165147876709287   10.978729038064845   3.4661236792458845
11.031664729001344   13.008898931085584   2.601064425670728
10.481454437652216   11.492521426427018   5.513232902083684
2.574018817473315   13.268675348754487   4.360438239627182
7.704463805572064   11.932810700295727   0.21695338938900297
11.526037910189185   10.71242851391554   1.6291461540089565
8.895587164762016   8.177424600891875   1.0263893560881008
5.51728204283198   4.531045994236154   6.125342255595598
6.889697138525672   9.063435931512254   5.479485322358563
1.1048570684805656   6.3766740964276005   0.18828972610692407
12.313873832385948   0.2986901735909421   0.678311102947069
2.7154019500242086   0.19843087083062405   0.666835216802163
8.704261857451911   9.286329823032405   4.847432344700385
5.349384035814535   13.534558644190954   2.6749859587620453
0.6201545459594504   0.8393745361223529   2.9713945862962237
7.265800116376629   7.0106227111680255   0.4480944481268587
2.166857033601602   2.8543122210053893   5.0202534624288315
13.770049179234467   5.8309779960869195   0.06469428598858684
3.434908293341338   2.6068014462005227   0.5340542199595678
4.479768538141368   8.353051305896294   5.877751077116902
3.621532315629257   0.7587372526537954   5.731064685318259
5.707393374278888   12.22896109133028   3.328132933531504
4.346696701724764   12.873541646166242   0.8688602387114519
12.225115533122377   13.525890579476664   5.469129861959008
6.9413361361198636   2.992679663741137   3.4146286753026858
12.743253573975757   12.056501318031886   5.666678159057951
13.809144349631252   1.4160684196755045   5.409832792031338
4.844122472252954   6.176531298756269   2.6015775001054506
2.863194624776741   11.680106424661929   6.105413764967483
13.727183182168774   13.637191660954848   3.7676033071018638
11.737498315756746   8.832494398502533   6.221541787712042
3.5093381327525255   13.81345233050563   1.5668418059555533
12.318762347767803   5.472911583030932   1.2264266993025683
12.78319190232469   6.4485966924195095   0.6061658418349256
11.575529826299958   6.977167573154589   2.851633095574957
7.311818370430946   13.999445823076586   0.06758573771568095
6.001615311466276   6.211320772019984   3.660466648555159
6.196532571774836   10.068806970600992   5.037661940032368
13.295032469742607   10.972820154831854   1.1364517597357096
2.4749869457302824   3.8756796640579196   0.8824348287872499
10.157451553447482   7.667007655287343   4.347908296512263
9.536373840972647   4.30710261039507   0.5244010690224642
7.716236692128396   10.3029386390636   4.078019542887702
6.763482126257587   0.6012030668553504   4.829402530291605
10.810658253307208   9.677484796952017   4.795146814698255
5.135378293285298   9.74205245290319   0.29097488616626677
1.2367211431345562   7.669416977952174   4.660518018972066
10.670470950285802   5.083343639701415   4.969955806182572
10.144279338370765   6.051502992183074   6.166125973954558
8.911464595771484   6.732806549625298   4.474419679192252
