11.773365074530307   10.652900541924373   1.924771413310773
6.154090144594109   3.665146376139135   1.0359046654553987
8.045175380904551   1.9083214579424466   5.754473726041815
0.8905939477234761   8.715644770102543   2.130199650876267
0.8152184291399196   3.8759019160545143   0.49459790593240055
6.213900446806858   4.8210227151077545   0.7643881700518299
2.12852253541022   0.1291236764952579   3.651242299854573
2.051811079843088   8.512010800302074   4.231009442350953
9.522895634645504   0.736551949132647   3.5880912303479926
13.409257829264241   0.2421643379474775   2.18972887246986
2.7323309808141083   2.782280733002294   4.882221539664385
4.185273200806231   3.534308726971773   4.759500684577568
10.698370970415027   2.9898317898910736   1.2211668334127717
3.047385054403535   8.953334755458075   1.3616395114595894
1.6776090231821423   11.63968765042074   3.293687785495566
10.92844965623549   9.14166801258697   2.782941520292395
7.034537079233723   14.223469163736373   5.595273532028689
0.32476442332064964   1.6718384647982036   4.203707217630172
10.49007254749435   10.595008704251025   1.6247923251168634
12.367038239276969   9.469088668253944   1.8538958873887297
8.464910755476195   8.39784478694932   0.8179530955029454
5.044948391813577   5.1831945245547555   0.09096160026683675
6.626079525460637   8.781935396609924   1.5204226295210563
1.0819860249889182   7.255543388563445   5.633071208822176
11.619030185820407   12.216850636481988   5.986611048941719
12.905968371760126   2.887857083956609   1.3904747742696484
9.63569645722371   7.691795930104634   4.946299790126166
7.861100700081968   11.153000984633355   3.1112752289822807
14.183693114156133   3.2788731135267124   2.5929262375645856
5.706159062818629   7.846236432525195   4.628455670314925
1.09285555581699   0.5903098694882243   4.379707920114856
0.19615255725965308   5.124004305600318   1.6940447970762158
4.764341742482215   6.368425128649962   5.724118133670718
6.278983690154897   6.7093004550685915   0.04815974501897902
4.26654976696776   13.834393965521524   5.495057243404765
4.450391873243278   9.597572278164316   4.2531044276028265
5.850247448474888   10.568199612892602   0.07771853150190926
13.794514490215933   13.543477440106988   5.546264547626127
6.097096075880811   0.802241208265244   1.0623395525523285
0.2709308257956806   12.128195478388358   5.9094936128901745
11.123857265191877   13.714451591728478   5.425517124532596
7.408358359358022   5.494927515880761   4.329453235727209
4.279872492954785   12.343087958039831   4.821993894777211
11.978534234483298   1.8166716295086376   4.384864322959875
13.304044906638486   7.818005045402151   0.21727679841747038
3.0076838756315825   13.922148039989327   0.5539211681346355
11.05164345280558   4.558283953167301   5.597157708928833
13.370789942614305   5.601156795513795   1.2064018767165503
9.462394631709733   3.0159247077765254   2.447851328821682
4.399893940554249   11.25294745154517   6.156705411592706
8.127500674065912   3.6697211467313706   4.323430503026136
8.944948534555305   9.348773432564016   2.52031587247042
12.549796849353243   13.766952521275353   5.744502505897792
3.92563275512116   2.388646816964276   0.06670682787979754
10.138201736155494   6.505372619989521   3.7727538843214816
3.3223459234821173   1.1560488178940669   2.1346637053542885
5.5453135444842765   9.49097024089472   3.1442891059925375
5.6556359751113545   11.650451457914288   4.456575099347872
10.90288481518982   7.502434479392603   0.33588779435554433
3.3970181802524166   7.474989303377142   1.7806964203252547
0.7512464534980385   10.280737955854242   2.86201383144744
10.2529993228118   1.7126495976468088   5.529946267402333
11.789903751829804   6.6736578562236994   4.880562700026499
8.72011777008413   5.953854587912068   4.254768757912781
