13.627688038573524   12.36212632938239   4.571808388389472
8.640302278045663   2.813459997946981   5.011060377482722
7.237456057295984   12.20677084506174   6.270978550680769
1.2716255597795376   8.00069290336422   0.42158231637154
5.73418063712333   4.904456453283573   2.5536258697163463
9.058294037336035   5.848157004704943   1.1195384333015233
3.833439649104095   12.38298378474809   4.963597239875478
0.6338166628369641   4.858611139347537   4.188893298821432
3.7810926288239592   5.089356170432139   4.739148526874218
2.666067004341056   4.1861578854416415   3.1209226905866565
1.7825630474652279   1.8656362663996537   3.8923094569996177
12.83137121064097   7.994366068354993   0.498050299510715
3.9219933840948404   2.2520208702961506   2.875489903955399
4.2391167495763   9.77196571674802   2.3461233030334934
12.225068869638685   12.951298161781786   2.48694108712849
11.132111253443624   8.557096791073118   1.9234310870112248
0.3906046506566887   13.392136684870106   4.317263047648972
2.044906136068845   10.500299971120617   1.5370285152016585
9.93751722742953   6.849920177096283   3.3948832723588103
12.815126754913859   10.651308986291887   1.1537007702487345
9.543256041558129   10.97281015173113   3.3896518408278036
7.335292066456725   6.889131197675054   2.0352904741048454
9.657944645520725   12.413647570187896   5.8314359885508535
12.131789994411093   11.790769552061434   2.536486925754378
7.852651544972732   1.8319266088494304   0.6339694959616433
14.214315447796427   0.604776291887407   0.3095145042775581
13.155176172766433   4.4768497951594615   1.200320355540898
5.205444134870385   1.7368598520976057   2.7704114829395934
13.695685082140383   3.3681931033563517   1.8934414656368823
6.52443775005954   7.592683286595926   1.8285618305792735
2.8632506113050473   0.9378131300362547   3.6047424199299223
11.305250434391713   2.9117153535793423   3.2041084019257045
1.5116223051623232   0.3994281594592066   5.354971272468449
12.797002682884244   5.490312916111137   5.42289800956869
2.7786120345341816   11.544237459627151   6.115347494907498
4.1196739252438555   7.910976393622984   2.9933848935249956
10.007603425662225   9.538279183202341   3.2290858714649264
11.912918757495188   9.416059121114504   1.7109366477324457
5.976701358535578   0.3772463639457299   0.07886326085983256
13.55262580557036   1.7636663849140257   0.9874025056085394
13.88321109369905   5.505751854309619   5.415910985219716
7.264905104222976   4.375443239417832   5.50059626328558
3.9582172634663593   10.95219331447804   5.484719211782809
0.8617791929682037   12.361817943754522   5.642606282631208
1.4361203962840166   6.645273337243289   4.13258519108113
2.3340578471205005   12.623002591567978   3.348050251342861
11.031000978932155   14.026824900577163   0.08948368174589394
0.6513994786574602   1.3681470434220004   2.580987649479225
8.561715655653847   13.723389046984668   0.6004462908597923
0.04093075599073437   11.350925707755062   1.9061848889759545
10.569387259041394   1.6866283792681205   2.799247951322596
9.198284390163494   3.9344973485727524   2.3354287064380257
6.285176917841094   1.5450431678727705   3.4357280783366897
6.603026633380846   2.7427576141983105   0.5805130837228559
11.735268969873651   5.219535725527617   1.8036912241823764
4.0915623538342345   3.540266340803413   3.264218120006824
6.489745700272217   5.6717545398008165   4.8598297627595075
5.540835216356171   9.87559721855538   3.4651531342570063
13.913469023668988   7.946173546360548   5.472501165314321
10.329565203192274   0.47422612374933615   0.6733703543217493
2.707500908904202   7.999915916101801   1.2056621118373072
8.485072705119203   9.842475501419642   4.982684637708287
2.6982557712933883   5.311137247222508   4.990357431211136
12.859911385928294   0.11577719300098613   3.9461892092137782
