13.325810586854184   10.985037115840932   4.324629235276399
4.448903900435399   1.4753092158618295   1.5693198546156681
6.743354575956784   13.469858663837115   5.815603366092557
0.19106990409996705   7.260841716531882   0.6340753686775317
12.059592179897315   0.0030237501435352865   1.6027096357317185
7.854419500529501   5.408910073857079   5.364071123569579
0.3998648416301314   14.0630371998281   3.966661079662591
0.4668017435907896   11.757652575857136   5.085728547269038
8.338165192526123   3.769632118167928   3.25939992596304
14.325994061368537   3.0530740937224823   6.264944511501235
3.5055060013386847   5.510632878737644   3.598884672354268
6.536835409105223   7.027459567640917   5.434753542636505
10.544359140869904   4.311547019928948   6.050506192066783
2.538022333104643   7.488379020208482   1.382012682508198
9.327780435635468   9.977816961743384   1.0111151386465265
8.467658693158885   0.7917325392245905   4.829641082676657
10.899361718418318   11.407069251592235   5.094430774805147
0.7343074286367797   9.865333389189857   3.2872422784282374
5.151364705230945   11.737604565880615   5.133399010711351
11.512879624757481   13.110391704013317   2.5764585213539384
8.814013513284404   6.7797018274190535   6.086910710951654
9.69419006271181   2.0890080207577144   5.802209171454375
5.740813136644141   3.501279409336307   5.96098060066688
13.481894338028576   4.92327085940539   0.9964931847645138
12.231118845390164   1.412965594690021   0.013155575499981254
0.17092061580150136   0.7732782612065113   5.226208831745405
5.331615510086731   10.597227319395557   5.917127554097344
13.2562153686517   12.26185812407215   3.277660540175106
1.6554023078008546   2.3582689672779074   1.7108440670099179
7.313473742145614   10.161868320784732   5.767535153665347
1.8769108790221247   1.2396445789358275   5.421502693078833
1.6315882475191417   3.417383562069203   5.855455658408835
4.329085959309135   4.091188459259067   0.9541574560266408
2.5070123358845855   9.567477457853148   4.724957820305321
4.4097575287736905   0.03985508302784607   5.377226359582482
4.266864659194994   10.153746007201978   4.030397903163355
3.8406299332883926   12.892854842606797   1.2615456856353102
9.42744605576401   12.936139326365812   4.966886293179041
7.0184857185025304   2.2866222061726242   4.717161299997859
2.637510805750806   13.78459824571635   6.129651780938931
11.758583492315692   2.9901943097118284   4.444780757818106
3.7371089483895616   6.815864944260883   3.4747066347639457
2.061702773467366   10.87087505687519   2.31842762050822
12.763723349169137   13.468583779101987   2.5440230853333983
8.378949912399596   7.839326708736178   4.212400483702808
3.2600702494057727   2.094804652621337   3.426629437463093
13.447842929227845   3.8150640590069846   0.5083916030822548
12.434717818547385   7.095786598317225   0.6775776671631142
11.55420849458284   7.845834349193224   3.381947086206225
8.216696133514166   13.730376964971503   0.3428427377439943
1.6506454025178763   6.6041506281891325   4.752842978138426
7.5759917191619195   12.215365895536532   6.105934889856
12.173782738132067   11.305769924316836   3.500797999036297
1.8152317300028933   4.967108189549617   0.3322045026787578
10.358027486361383   8.235222484594729   4.280875937025034
7.4421322337552755   6.381843272762237   5.976959882649071
9.62173120178624   11.56018790168113   4.177416734287685
6.131959344322285   1.0588629523669806   5.676719795983382
10.568057339823868   9.723077524554988   4.715044425071982
5.499038678132803   9.182977282049753   0.2386472699805451
12.540451337071634   10.287999514133741   6.072299558810557
12.361439851522613   5.091844255590021   4.601864724008989
11.450009051143759   6.611795853586853   2.952538006240191
10.017275070235675   6.308319464503359   4.5524340642843
