12.819240114243716   11.920297864729182   3.551150527883534
5.4868002992400156   1.8747904788032674   1.6985426308455416
7.081937781264118   14.126068546234483   0.07464491430838649
0.712367143237006   6.957413502643223   0.6279033026444055
9.5833156431509   1.5886801989888255   0.901389125202055
8.192505702884283   5.831512057785053   5.9900074741496105
1.7157835857215404   13.639481465936559   4.639256820513796
0.1210676953635813   10.319480717369162   5.097422940741555
7.7336242156431005   3.2067557661047776   3.1528135534349064
0.08923129669349095   2.9633185586221087   6.243827141396776
2.359541989552859   6.318918917610339   3.48780140682994
5.028335352974092   6.177434489836385   5.363128958563308
11.954393620343847   2.0356377092776032   5.850439853602964
1.6328187895855928   8.176136625284153   2.0229772170280884
8.417466509281684   10.950770384360322   2.389660811477542
8.451404386605262   0.10062225012921433   4.668860379863983
11.234666167954375   11.477343010044443   5.62458574716998
2.2418642126146957   10.122518609484512   3.6191117411752574
6.429713230958274   12.480466506831496   6.021367763413555
12.142252302151961   13.226711574157163   2.6454568108264573
9.655515022128391   6.60072568440963   0.008553386814214137
5.174694490963717   3.0465395183725414   0.37594365830843735
6.987524090676765   7.063284691331512   5.674270878793676
0.4856377450349726   4.03292737205279   5.548305629281987
12.30492744141813   0.9614594489985432   0.5792836220953389
0.5460381136281809   0.9256364850022248   6.0893745576506
8.098839849492213   9.81104601118119   4.868961071375497
14.40911931264444   13.462207714120572   2.4163881129316325
0.8431811847594302   2.0884147487100804   2.117436972021849
9.528012863772572   8.51198776947953   0.1796131702076157
3.307600900893417   1.598541392785252   5.986769500407908
1.5262673963446707   4.266193765013852   5.860271788245763
4.354592286279151   2.168092365640239   0.4975302886311127
4.229231644485474   9.219942001433791   5.061439232841849
5.139403807624039   0.5746354486031893   4.737724304130106
5.532685974566984   11.916368532863657   3.6792607636972554
4.0497761837600095   11.885112924547075   0.979000308557781
11.480473986000238   14.082458284669347   5.200708099234766
6.297591214763232   1.0704224873462378   3.285502631684285
1.801882160646732   12.140502267564393   5.901782982317097
10.717234156455811   3.647269835605189   4.589938248889757
5.614062360380224   7.117620663611179   3.015425500031647
4.04266108622983   10.294830246714683   0.388875549279864
13.377839686647688   13.813002272152374   2.496070823850545
11.239860529725746   8.379498912076642   4.645123977378994
2.8148445801980473   11.871085382174961   2.536337064834776
12.992779169870143   4.687712892338951   0.06490687308234597
14.075853312710464   6.997892029317255   0.5990930338134021
12.143977727164913   6.93664381189161   3.5556318969676437
8.007086015562887   12.55325868542112   0.06155270028656634
3.628991381386828   7.348536951043387   3.151809703193898
5.763034016522277   10.142932653062827   4.887787464879066
12.344798716803549   10.10228627745698   1.8553104661993007
2.7193467090854964   2.5961779338767674   0.19735951112729352
10.63279570122043   7.448566888656658   4.9504519225689485
8.204738111381443   4.2016095965193525   0.5504655498936375
9.242554531547484   12.21653032638015   4.462422595884411
6.10152413717894   13.585008209111255   5.838158047587943
10.368053869235485   10.343229592701425   4.37819812663526
4.8558744548162585   8.132692902943955   0.13396184460859895
1.5336565625639864   5.400645188089009   5.618878431067634
12.106144397270365   5.398596213692168   5.3209907880603255
10.656843983779478   4.692474310963502   0.9511267710671549
9.221174351886097   5.497234097112263   5.646608440521027
