3.3859035507209843   5.888224753940843   5.624234543566515
2.204574247083601   1.601147115681736   4.499003224991869
2.8787874644147236   2.4715655783467736   0.33339375858154097
7.288706279957597   8.742297193535048   2.5999439225300573
2.8540560410799385   6.654570019655246   4.674266374370116
2.1510107439889037   6.00682380738597   2.149187131495588
2.647544123361512   8.63496160333604   0.6036177395345567
9.642908201637908   3.1641870995359267   6.010656699469156
4.981486378671355   3.243271942263042   2.282271817796303
3.693665787143858   7.453942508921999   2.9871156833126835
5.128389498725259   4.022952356732754   1.9665896943558105
1.535708078624463   9.656945898004405   4.03749389324412
4.4684664255557305   6.251182229959982   1.3089321929204027
1.191215121293438   4.019109289590251   4.319415045755757
5.235549456615962   0.2855463496435042   3.9823930518037898
5.523539923635592   4.769995133977005   5.987243273626381
4.578759621897492   9.4931255994541   6.171006757234461
7.519310235664933   5.654865505465668   0.9345572991294959
6.334295473302129   0.8529378538058678   3.135028012826789
3.8444555407177265   1.337994660508964   1.6564667560831847
0.33464980120674725   7.36720830141017   4.0847704287540845
8.592752132042008   1.3786693717342589   2.4175339115324603
8.830958073255221   5.635842094679692   2.4464624957943126
7.902551257376166   0.1272713793943125   1.833249681884401
4.749670595399725   8.732942659783784   4.123212477822671
0.5373192160089805   1.269846597583506   5.966812473285517
4.521635222498721   2.1826656657391053   3.6245494058676013
6.078398195491646   9.492571399834402   0.6293768722250612
2.3596469567317246   4.552760542798376   2.159337661596706
9.647816796577944   5.97856754586187   2.7938451342413204
3.8775884566965892   3.9574351627135638   0.7376665443110987
9.179811803574372   9.676136675639743   1.8209853464401111
8.758844510691015   4.637676429400473   2.3396084853854493
4.878031218273708   5.324911769845249   0.7687845621956185
6.885476149955048   1.520765135012545   2.6866828481311145
9.261529140196197   0.6358406094744171   5.7896557115029905
6.506592674449691   6.119944907629764   4.666072749151969
0.957278917284392   5.293168744331324   4.0558229449073036
7.852049736541273   6.847551063201388   4.169677792288283
6.621195158555553   3.021826643622714   1.9697423806415446
1.1154115299806597   0.6289821158652756   0.740945874834262
6.811470720690262   7.142149776814927   2.740537402335915
3.43153096410121   4.7560337228790415   1.3147364446640972
9.286519929887321   6.919906051123703   1.9901018276093405
5.677319161409537   6.741350525669267   3.67919838396218
7.81724882743411   3.3007503623645884   2.9554509048549336
2.0155213220945116   7.742442347886738   0.2665385220208211
2.00435971761997   2.700321542817177   4.855029139417757
2.3252722047470016   0.4993977745911186   3.5818412918004663
5.541565494110796   7.573109636663646   0.686578092073817
1.1037719687495424   6.81489515478343   2.142691231026723
5.10280558531462   1.2625868718838187   4.6797964704182835
5.835023287455426   2.2366397494567813   1.5527098647957094
6.431240154126462   4.673160696127217   5.148010092846816
1.3207775059488542   3.2352306575076044   0.8204914480116732
0.8609638049529796   8.85518762041042   0.09035141646209693
5.743549753726172   8.633693717055076   3.457341118689246
4.492663623597684   7.815921848961043   3.5699050733987905
1.3955763590510477   1.915238905278249   6.248034892234117
7.0054947863242925   0.027853877401132682   2.9242329299771637
8.514495345347386   8.06280942742592   3.6550702515137563
6.076058943528999   3.9024047451166055   5.3516564887074445
0.01745107736429219   8.21575232296355   1.3099290439459772
3.6402878906981115   0.32046776680397054   0.6811424454008407
