3.08346354893317   4.202084134233912   1.63983971209343
5.22603636612712   1.1268301988113767   4.317372204072959
2.429432310882307   7.760183471259222   3.2524358836392633
9.209794150108989   9.30797734862695   0.5655580499452684
1.183078310154   3.0073222659364354   4.747929595545908
2.516881713368639   9.063580037663481   5.216901768250973
2.402990796746396   2.309508888567845   0.4903284614502893
7.604199696418547   3.7562928970219875   5.332242039584564
3.96242409507343   1.5431843781202672   3.526350832218343
4.7289922399934685   7.410203669715122   1.6306178891646907
3.5530984153770726   9.201269277948214   2.542995532429342
3.8439647411433926   7.188261747411459   1.011825683300249
7.296803862418683   0.22237821127095414   4.065425366614811
1.033469154193649   6.639943483994156   4.387806410326403
8.108747486457561   9.794014774901198   2.5068299837395895
3.2531251043209917   2.0637571524925558   3.5844466094954517
7.7876996445715365   0.9254572681161164   6.276933923967651
7.896279943706195   5.0358403271469685   0.43332033637567163
4.83632179123681   5.036808572919628   2.506767277141654
4.222751840837457   0.4320001962183132   0.07072158286221307
2.2480844905937136   7.033381849898531   0.03510858714896373
7.591546984330939   2.8458351315871537   5.336607269138723
0.603423199041287   3.840170937545476   2.805756689591804
5.915058797145361   2.5072650994746093   3.483484372922345
5.802523437029616   8.384059787528926   3.9442962363548415
1.6173991777875185   0.0026559946801291145   5.545733533354142
0.7746304767436534   0.7403478291547756   0.4016533676068219
9.261754313044252   2.123619726621523   3.3333258115483404
0.5410960605142793   8.357492543271611   3.3993453899535693
0.21526631964841714   2.558108694891868   3.6636285636542643
2.707312316564288   0.24049742066874324   3.911506449316367
3.8418119567509263   8.305113078611805   1.3990259709820403
4.19293413940098   5.878951210518904   2.6164522176925105
7.349675013952915   7.953545184145206   5.178681531572178
9.677648282763812   5.365132563093652   4.367568856300401
3.060983196226855   3.081303971713024   1.0366534122214477
1.5570858685343096   7.574040169136641   5.203130824352225
1.9837553469164453   0.9312369105901588   2.0672826842649115
5.6449062993772054   6.700468336870896   0.20917634712498231
7.464207044160597   2.105482781745757   0.5866048519926736
1.4279627786887203   4.685262036014805   5.648820595847525
5.437629110263036   5.8271482391155915   0.13704628432664104
2.881670680842512   5.165756847267603   6.129979788545832
8.827306636734182   5.6816536218577145   2.915125119616041
6.361194334025308   9.387942062803509   1.8635476939962667
8.961136227095965   4.60089320367337   4.323110729273336
0.26093981088050255   6.3440362749536625   2.30330723361059
3.9937688213815012   3.8818264620907192   0.2543665320366463
0.6071737351795644   9.498689220417369   0.986417277035269
7.204501165064658   6.844263845627901   3.563509976858444
9.450521575913067   0.47771269947712414   1.2600064642674453
8.919743417689313   6.6640894626865625   2.553622497316227
5.092087571907052   9.68020532752367   0.4292495635255282
5.8963078968124805   4.503007769935927   0.8867074951718827
4.639884075294576   2.009999501675094   2.373218069684176
4.910525998871531   3.844521290365987   5.072723778201469
0.38869147553785727   7.090360887801963   3.5831007280618272
2.144689486810086   3.1973503127043967   5.534695301205772
9.291082747318981   8.216761608233801   1.7125395307395224
9.184259992937685   3.5236146381384814   3.015716191821543
6.813297631627754   5.068056122574918   5.470764394862557
6.787500013593499   4.1614477368953855   6.044946471258278
2.476030594036996   6.104595237159136   2.8556067983333753
0.1330374637581512   1.5554194800934202   4.008731840361693
