3.3548366759777144   1.3627886371414255   1.275007634460049
5.274589579058821   3.3461474661050667   5.4761344059451
3.014496644468426   8.792011524834606   2.4338626366936613
7.056823056049203   0.7704640797943856   1.6076905316721661
3.065392228258628   7.569165030782682   5.437721169711814
9.669569507504342   8.665443851426708   3.361972354280841
0.01934908848553074   4.531439706891182   2.413099658528286
7.470491738589899   4.104856898038844   0.5624806788595884
4.1279355717921105   2.5539365489001904   3.659453232893296
0.9116192117946208   7.409883231263066   1.6674301464071544
5.303721921902793   6.44531219280036   4.196161140240914
8.408068310784762   0.6427299358879238   3.3458875956913987
5.161141370782925   7.290508904908677   0.2666094773361076
0.38201152294769924   2.6697924195215967   4.487494964053302
6.651888106825687   8.177852266290255   2.1237817049678225
5.245641869304868   4.404561737404206   5.2662138865952555
4.8016630424934235   9.296788524371925   0.973606830363334
7.47282545075183   7.420996876581988   2.92164161722125
6.179880832074982   3.2618730118046426   2.6688951045599776
3.63337297272563   9.768557184383463   0.41567202269673914
5.4532202409018975   5.174367767285723   0.3682961075859341
7.3968528806699645   3.2838098122412354   4.370692112894096
8.836530483691648   6.794426175139326   3.354331425720626
7.265952143045711   1.5835455352142067   0.6103262422808439
4.156588812603186   6.882579004973236   4.178982841829575
9.805649074831292   1.4171564647252022   4.954320631170167
1.5043085041350497   9.587720781014502   2.434259922072561
9.20247603333516   0.70400090239245   2.3179024170376543
1.0729945315505074   6.603898557726029   3.8324941749204737
0.47924441179595817   5.833752093815772   3.4739651750161555
1.2354661713202026   2.583846709714127   1.7867805241279116
7.902733047475372   9.485176646420946   3.162215279864392
9.08755754224145   5.1115622474692275   2.7789514693219397
3.731125916310676   5.663655103726679   0.021578283064344395
6.592968877756701   9.216695188157379   3.48074598027059
0.6638099175248233   0.7735430468466106   5.186153875107965
2.5512783436366906   4.763607590242442   0.4061187356444189
9.042413856577609   2.097977873784122   3.8081673272683374
9.377282147741676   7.4150058157640055   5.586235097953235
7.994585512634092   2.677502333140401   2.3260726624144925
3.6642194329960986   3.3120368080868574   3.7232656914381708
6.684025130636596   4.735370295383473   1.503051533671916
6.910469043150488   2.5160178510177227   6.072107252925121
8.027036679216684   5.851413812577248   2.8027717545550654
8.392652933331942   8.353608518192075   1.724394524865702
0.8555429136746487   5.157305941230089   2.6431083172127714
9.63994787987047   6.3686351667251335   2.6225042169580277
2.8668585094044916   3.6000491136319055   4.504997447557944
0.49158690218779916   0.02413815493893523   1.9295571255453265
5.549629819369927   8.456294187223003   5.445515073689112
8.578806523157898   4.562707231240763   2.076780219362386
5.915361526847461   1.8213488390540105   3.6869666584312313
5.4374802641600075   0.10220492173693557   0.5616738046809729
7.2077309448775555   5.717199442447747   5.8622020447744605
3.3945584107210065   4.90245903235477   0.5346843034166643
1.8548095723866196   1.1067429002451332   6.247458704402835
4.423641047346714   5.007774998127106   4.482517013037126
6.132503471503515   7.183689224397582   4.0940368172084804
9.156589331222381   9.260771011619346   4.201819937412144
8.09054749858275   1.6653010160896653   2.6937728144405235
6.970436556356613   6.693786063800547   4.290401360733304
6.336433202410636   5.390403488174995   0.7914520634387037
1.6179567195930122   8.62131116727247   2.954833729925442
2.363985536542244   2.89245477617975   1.7106971875106816
