1.3353777879673223   6.7478569718231665   5.589290683929701
1.9938089272517672   0.26677879120872955   4.84938410044956
4.098534665544138   1.934964659850729   0.32130390685364496
5.53668583416768   9.55387666990365   3.818930181296059
2.084500230813335   8.54711359376541   5.272012337990062
2.3673013848549997   7.531730603477996   2.324907837798163
4.279853703479517   0.21201013860906492   1.0975865086831995
1.2527065034831542   2.396097228626925   4.924820669309426
4.131818962831602   2.7833926643791806   1.1079704352523185
2.4033404078180607   5.23597228252933   2.2312525376187793
5.284366556744999   3.9785984098663225   2.252312265193295
2.7337295773246355   9.12703516732454   3.597318663534844
6.948583036059573   4.31577589550698   1.7274022580944401
0.9964168889124667   4.958462711460421   3.4335089008605646
7.296446616521738   0.4491969105024452   3.7443151424470944
6.066984273222358   4.484925661587266   4.659901294987728
5.021012184327937   0.7017943202241202   5.805079583330798
9.735178906619728   4.838853826465044   5.267841448703609
5.860788075793268   0.43671537522934023   2.9773197761788346
4.738438964507277   8.924386774453406   1.1693299721516683
0.31149102794012035   6.425323858099256   4.164081627126186
9.081196526553002   2.8239090358355794   2.7326904383092665
0.42288180164335515   4.252295865496331   3.4198530742689752
6.397708356959011   1.658326438190215   2.583167038831165
4.3482764405846535   7.686558132611599   5.1047490708005085
0.08485201107958806   2.2062323364305425   0.5565580763352376
3.1941506655697975   1.3805900339817823   3.9762298327559913
5.68687652531713   7.980197005003808   0.9745810169172808
3.085221586458362   2.9073148412803955   1.3674790822821048
8.478667590012723   4.900210550834773   4.403292500514725
2.809735742594227   3.7135711950014874   0.2838777195823293
7.162756591330913   8.30136398302611   0.8059477075423543
9.059047814507322   4.137422918589268   2.818823468596073
4.116579548864663   4.435254626911216   1.6232329564094856
7.46126103032034   2.3150755109918   2.675995027477447
8.541547845367086   0.36322507781101004   5.499361653894537
5.064740415717347   5.207755458742824   4.751614568700804
1.6713905627759278   5.861476772188125   3.748429409608555
8.012045569328782   6.52015454776455   3.02379076721701
8.02761485763708   3.7212764529137634   1.5657658044335871
9.545413463928854   0.45974200233341744   0.6958916828229172
6.163451279483731   7.188205713761561   4.346436465302543
2.782633536546133   6.2492587172878205   0.13322739932202676
9.144428014028936   7.647576904716335   1.8370399432995839
6.856237399386253   5.784034685762284   3.9528479568358237
8.557579602703427   1.171796450518095   3.4412420017289818
1.6233946421651304   9.345322613953869   6.0259796857041685
2.264410293875102   2.7752238843643027   4.962163565432202
2.0195883129246184   1.3865522333987648   3.48671195046902
3.54980669839378   5.52850985962651   0.6528965698079238
1.3780957338508586   8.050759505136629   2.5163707937309385
5.288204756179745   1.8581092016810319   5.010863982224625
5.188217100070315   2.936722103005462   2.7724703953384466
7.420241313407008   5.183188224159789   0.2532521524440298
2.130036506577844   3.9793696394898475   1.9763912199918434
0.8367380448278792   0.23182964738066208   0.5204027956676092
5.548377943019977   6.124342678846283   3.30664200857903
3.640040509434264   8.179716589712127   3.2262225968157003
0.6082596557373585   1.2365467689332181   0.25443934032796023
9.219792537390418   9.107587474019942   2.7939196097402346
7.987081142234667   9.11300671070616   3.145882546764746
7.001129357205217   3.2771213181676484   4.913182878592007
0.08032859403783282   8.672118343477953   0.4101437768837704
2.9959256408757184   0.09265033149110635   5.628843045783374
