2.805634250293232   5.867038817839309   0.11388503086200044
2.913180735230507   1.272505548061753   3.9691364173738877
3.5695138576414775   2.4050408458377457   0.41085026141526665
7.020777366848568   8.33684261210359   2.4875212977372723
2.380110467143358   7.22661089782326   4.9867036932097974
1.9337064417728351   6.353992964202003   1.4455617023751124
2.788830949098167   9.710789920874994   0.8046961323248072
9.772234014633371   2.420447211372912   6.130060353776501
5.668918756839888   3.6380352952423816   2.23516383873639
3.673368672044985   7.632793561849994   3.1374075952573435
4.6427714821160055   4.078908699635401   2.021805711101856
1.140582628089064   8.470515003656088   3.8095835540743455
4.607865786396384   6.875824751213032   1.3823470980647112
0.14443207159300564   4.3466177825952625   4.231799265556191
5.705501905785341   0.4986936001128272   4.064959866248911
5.133129713928081   4.916544397022303   5.888536963965242
3.938131465185756   9.169946314746497   6.238195397102439
7.325999467050832   5.7614375952416665   1.1614062440212416
6.958143928724636   1.1333442458070115   2.785669318166025
4.248929328285133   1.7858013889607607   1.5008564468343089
0.4890155808054314   7.136988355080495   4.28230103279777
8.913621317628289   1.3239403554048246   2.0621995487572904
8.676056431602502   5.973394490030523   2.7403956491011274
7.561596470256691   0.5417911826963204   1.8144382696422876
5.199048134471035   8.85043314260163   4.223702328024005
0.1063836426698952   1.5174197134101335   0.17672087247311538
4.841833260912654   3.144155657341428   3.2913535770432145
6.595298193435711   0.16600625021766646   0.5997370062809115
1.732436965704465   4.452282883145613   2.6533556593914343
9.647816796577944   5.97856754586187   2.7938451342413204
3.877480002769596   4.026611197998412   0.9892570725815889
9.002901454428418   9.15828713238534   2.4628090030594887
8.376390692879514   4.707467172099382   2.878276176529423
4.798559107896202   5.695857457477067   0.9382197520201147
7.452543997298948   2.0342556832221605   2.547959938998427
8.889994831403305   0.181264795788732   5.250959216531732
6.09748345550517   5.965310911391024   4.411907514909595
0.6983235163894534   5.351696954778195   4.080392829899258
7.721007036299278   7.838573944745169   4.191173411542787
7.795300003464458   3.872763961731936   1.4381179151059096
0.8072529853907261   9.63675811062695   0.34539481695356344
6.68617048587405   6.526045067784752   2.4957573766212717
4.1022264661729295   4.966383657151726   0.9731664826073275
7.874681127442765   6.7191930535406605   1.935264775079497
5.638828161456074   6.757941712508881   3.9172989223315255
8.851942934364878   3.4209180731109776   3.0797634451334943
1.429417562929955   7.472088454668004   1.2307636229371228
2.8153051929950763   2.687399752116174   4.438153918303522
2.030356260195742   0.46399689193115345   3.688308657250926
5.734261365380794   7.627466295774461   0.7109876807406785
0.9588276210762943   6.428552617463426   1.7889220324595163
4.913273203574042   1.21427144433446   4.570281823297695
5.581954138249334   1.886898446976427   1.7909620198504232
5.9179544737473595   5.081481171463986   5.130528364388931
0.1736205176666087   3.3160407877760005   0.8554473539838253
0.08222300501010893   9.389731780892188   6.1455339766725885
6.094059132153362   8.441605990719829   3.4792193090255235
4.550855444238039   8.027691995111391   3.739761251627841
0.3167627579042661   0.5845744145744844   6.066775694162264
7.600897822572342   9.028306318634053   3.212297314587317
8.192681369391288   8.478995943854647   3.626004802180518
6.392555131344659   3.799902764705081   5.389136838748222
8.759872764360106   7.48880191026908   1.54026556683493
3.7990828650422643   0.7594681402896974   0.4597444756848017
