1.6739658687712249   5.794290823218587   3.453020587317628
5.688316833302812   0.10403445588756277   3.2733359920440495
6.450614280202215   3.1288701745840917   1.8199548965862435
3.7075534131630943   2.2151856096409435   4.451068428177551
8.459070837160278   1.5286801181968566   5.729598918495054
0.7522535122958719   6.503198289336332   4.185726783354378
3.7968831517289194   7.8840059282029875   4.279523711132192
2.374329875077965   5.15339562274725   0.24642463099553902
6.062803379972611   2.180148259209213   3.0951822194865133
6.09188544914572   1.3336256465930258   4.386331896660868
6.4231393512297545   8.160534733365346   5.828416098848047
6.99756886029328   9.763226049793802   1.5511454102866633
8.876656658964876   0.20238850313307566   2.7433704502550196
3.7760021780331425   0.3244954223638996   2.133188991533377
1.9680504260314053   4.3720656922906755   2.896392584380564
0.4425662900346403   7.671698192960615   6.079226679225722
5.893398551709381   4.72252550862528   4.34758282901901
0.9061005140341575   4.681261698110191   3.854069473615227
6.297177023227742   9.226509920722066   5.451178212909207
8.551524666114657   2.6751612809935676   0.24623565631301714
7.914809461895862   3.631882183397798   0.11865179305432072
0.931186846709134   3.8388338039908647   3.9502825388810145
0.20587981584501758   2.8043781579613927   5.593680050842135
4.999182843036308   3.739030414944069   1.2424881850284684
0.8543705061002018   1.6060710960749114   3.4068543916474043
2.6495851534562376   8.586500923258694   0.7042685687057144
4.175762179413255   4.886338201359955   2.0939334809752825
9.711441662448529   6.193884768499871   2.2314473192232698
4.404971453108906   9.28086070428093   0.6133149385359611
3.1666448314772064   5.90244910160142   4.656890141336626
9.396984139937825   7.515728398922635   3.331315949952455
5.22190358025869   5.314525792393876   1.7853309826321562
7.299254537688578   8.044327331436573   0.04958366242551637
7.1786362675433075   4.0577454549724745   5.452365173473048
2.9540026881474972   3.4704346032367996   5.3900548942652
4.672845254785881   8.208012855734413   0.26127878648184255
3.026680121974272   1.4048507225073341   2.294944367783284
2.3163201504307054   9.70825905867144   4.598094370110333
5.590162211573872   6.7826643932958435   6.109001422169288
9.374106009486017   1.2448205951632338   5.614952527965633
9.922396813597578   0.08162013779449862   5.172072856723584
1.5815600224911854   7.271697591763636   0.2245831589921863
9.24316782834875   3.63281191217417   1.0785656426346013
5.64517011766503   3.0184981615388664   5.95878629780001
7.454181689531193   2.2842630123875436   2.139772215899605
4.683274084181405   1.1614129272188147   4.8681787433977854
9.408230697373666   9.293271113398015   4.693920718595831
8.561140774674488   7.209936120154688   0.587429644873559
4.046210645812225   3.382535374644264   1.398381784594434
5.146594249282488   8.907999349244637   0.8256446394822442
5.905175614851122   5.748703342514096   0.9353532085396962
8.114112123817849   9.62595949499648   4.485953565962758
1.4595032018158496   8.550307070611334   0.8148548953353474
6.566431083397099   7.109370458479126   5.781396929968026
8.184269179010876   8.647999882937093   5.101588894480352
5.186768809796321   1.9661024577919115   0.9401027914719381
6.825228561318349   0.7825943581482686   2.7660742207824955
4.385468707839111   6.646696369140115   0.6935937284136284
1.6460253404397016   2.874841951151095   2.1443818862463297
1.6503450004468792   0.5178573534475727   2.4098246650585704
6.979995526704111   4.992435426036113   3.768347991734649
0.37784781221662106   8.945952828789736   0.3436871983774801
6.941818122003665   6.339904817835607   3.7994464274858024
8.507077096316177   6.171986661060526   4.71889513480447
