2.39506767047665   7.401926848582581   0.8776747365894848
2.6582298494868564   5.35018922117421   0.690959226435447
8.981062891676201   3.4224564911408453   4.214329661344244
4.180931673042075   1.5559201299757333   0.6393565104372902
4.65555486683889   3.735281892115454   1.839340670319694
7.944297346623619   9.814644732345842   2.033826887556575
6.914572521016831   0.16539144262139932   0.8788023944576812
1.9721621678749837   0.6534376809156115   5.206880700419841
1.0986764109095957   0.04581576617363048   4.182934861244392
2.206651553737295   1.8933844995715057   4.926231353077503
9.452307561737094   9.014783544971191   5.340441816094986
6.156975807512389   8.666206217034707   3.7037046517674095
4.540593192968547   5.092273024535185   2.9376197498991936
6.87977228141567   2.6791338288670685   1.7729949461341232
7.554690313319897   5.40489731551169   2.265761447093611
0.08449948615293074   6.837914279476228   5.937609039994059
0.3996713329469998   8.864533763785165   5.410769117941702
2.9168285320384517   2.669879883289044   6.199661242947123
1.3779788852081003   1.8975547342145949   3.5478921445986065
7.0703833087087276   4.400631885491888   5.256646401730997
6.893641713902238   3.5719982423457006   1.2639790345188837
0.7729788130281068   4.613872780427755   2.77920404118886
1.463815456624925   7.337277154432883   2.2322427663142057
7.793114936628148   3.269946364217933   0.4225301496688254
2.851012670468849   4.0270544533824255   6.14757898095795
5.2657949447559   8.609760275422863   0.8677725368141419
8.341601300560734   1.3381513883231348   0.9146963841154334
1.8673207249744626   4.698954326711165   3.5748300035258507
2.737820261850109   8.637801701870623   1.0639186130370197
9.649343220837636   7.966949158866668   2.5545305967504373
0.5283369603090908   0.6544825478876903   2.1259689904654193
6.045789133321437   4.029816870579354   3.4182243012523448
4.016603766308637   9.460795835572803   5.501685117227203
7.616252830873994   6.317210770955453   4.633981450947358
3.880142414142812   6.080042431506019   5.734291265286152
5.280194470032509   6.486743624968031   0.8740253837858938
3.3431669330409477   7.666940713511134   4.221919621542835
1.914831952575746   3.616799280537753   2.645732100050875
1.108479996797446   6.5136916200002215   5.498621742740212
6.36377685231002   6.219009247261451   5.712949638562138
9.826503611911244   1.4932221007280373   0.6863275125141866
5.678749422442916   1.526996280788429   1.4196352476501577
8.42461949009923   6.3959861517608365   4.591462494218862
2.1175036750285297   6.189050027745575   1.2439236948832486
7.383683584469779   9.122620228091677   4.506091500354707
2.9743341455918793   9.578507696056406   4.727723815447308
6.118894993268164   9.584831124835622   2.0596175791676647
3.6038438032693425   4.798635570398917   0.2589729731104861
8.640605327571075   9.234526868521879   2.6697017535350653
2.995049330358906   0.9535443021476198   2.5860915851389277
5.935114177114692   7.419957078604939   3.568080530924554
7.158901431648202   1.0377280470780166   2.4653650001118788
4.7032340175232   2.3540131320001225   4.419960799169809
3.859923050645983   2.904348815866088   0.9140393629691714
6.0009686480381035   2.828210000749709   2.9377758467841386
5.0729849070930895   0.18770370762558758   0.11089818642812749
9.091438332799221   0.10059599600917857   1.8554726698255402
1.96256225531599   9.068785888110337   0.7496975314667393
9.226154575578484   0.9201309636150613   2.0539977923799757
9.573649591394451   6.163564085621489   5.992793983908573
4.52619952087747   8.261632954852018   3.879256168189228
9.25271622294797   5.407577716231607   2.592553739760453
0.3701252642298892   2.549585338738554   2.8026211894215307
5.9309777759518605   5.192536562728322   4.868759020198986
