7.041932231372475   9.008090060046152   1.511642144297618
7.766643924278747   9.443688661853045   0.9633897258609055
4.524369211088907   4.380333475704454   1.1527590670634753
2.9703260298508076   1.5237785417752314   5.736233860753583
6.983063157635913   3.6878314767692113   6.174622071663333
1.8698016026954032   6.336043581712737   3.6246214092620708
3.4762291441980775   7.956555738052375   4.1526679395241
1.9651377142201014   7.244778788145527   3.8073798516241366
5.96556470288933   8.257761391099333   2.5307585947293028
4.338614429610922   0.039536694723429966   5.680878682676371
9.418162738797498   9.593000807212176   5.188578904938015
7.43363375451329   0.36700431481096274   1.6389838211136942
1.3402208446279478   2.0358659878107535   2.79729639371748
9.069770256077605   8.542708021239614   2.418046315584052
9.610437644402673   3.7639402978184013   1.8853314531856524
0.5505153671405227   6.950840371942744   5.424011865987727
3.7147012211072377   4.3132078980236646   4.749555996425119
0.08796458976543065   6.151735020119628   5.4037686814971995
9.830747322963663   7.39118742374474   0.5415300039739166
8.043320780793838   5.351783256191027   0.5536602468129171
0.049296241968685095   4.568586311890802   6.104582061066079
1.6799397278125299   3.807796775130282   2.5033437965323317
7.578521927818548   4.542210957364168   0.2447171151739776
7.5656016944175   2.6307544467359647   2.663179208276036
2.016147296823642   2.9817716074308387   3.899956458079292
4.18991912747078   0.8789809582303203   0.051309924660364103
1.978047284831246   5.442746612208041   1.4060179121859853
0.5022597278416406   2.680177211184301   3.451083499535744
1.2081598096888087   9.961010049950145   5.611597719732908
5.951665762409606   5.522272151566942   5.2044302306274135
3.1164284004755713   6.793194218337208   1.3883822784337692
4.05102017632504   5.800412616518778   2.3596183539929885
6.467771766650958   2.470452099140369   0.1498053642399319
9.13951112772481   6.3386209183638575   0.04812047697741323
2.2045232124611616   4.563426360964888   0.006902583767976075
6.13577314765539   6.472665377085408   0.1067546564958233
3.7275432193776994   2.984299817638292   2.4913938943280853
9.959208685917652   8.416462957691639   5.75703147828785
4.689957174889241   7.384028186666003   6.13020803618311
3.105724118359165   8.782132695545776   1.583222463079889
2.07638222680206   9.894759887774898   5.675814426493469
1.78880886313272   8.54481156847478   0.03540287377708967
9.166440950083253   5.122438196030098   0.922647770287816
8.108788499343712   1.8757622075257396   0.4172277060750229
5.409376616047761   3.771649200452293   1.7885920949248626
0.15717372008835007   0.2816021959254753   4.8479382359496395
0.6615287131876241   7.752073083146355   2.4066741937210097
7.575072738543523   6.447984734305921   5.0429952439163515
3.3732613565996594   0.1285629806448062   1.7317361722954523
2.8363748651296357   5.670051454882183   1.223476632356238
7.716232919380133   8.38211141329673   1.7020653239235852
9.651298446180347   1.8816710198762818   5.678080914950219
4.871865979335046   5.762858337613877   1.745000879014397
6.196589864762373   4.611086727378657   0.27337444665462163
8.009358560782626   3.609628923415779   5.8555323445132395
3.8225826892667074   2.1306258001646285   0.7579940624478445
8.239315233269046   0.5711479759896891   1.1955608074078001
2.6571025740418093   7.978319985219335   5.146135418976191
0.7107188586610351   8.85100636947503   0.499435639055227
0.9353636058817094   0.9382491838368149   1.534180203087442
6.9362733540514165   5.214552668925405   5.788273697796586
8.902475378807297   2.728399079424159   1.6243908718416757
0.6169542131638659   3.966064768443867   3.2233373368604505
8.048359180062391   7.44521868988223   6.043284728789825
