2.008581255896348   7.419630545796417   5.386472973653962
6.111587267181064   9.953086104479416   3.642468317540016
6.828203993035381   6.1083843586892295   1.0560133380657897
3.387126307336525   4.053400902713953   5.783786495110038
7.6441306613079   1.7524600527066294   4.91515171499437
5.964403018730723   8.246004865228075   2.276330298043158
1.4257862826472358   4.748773352242662   4.908417131988115
3.060379596587842   5.8473765749574325   6.033492700748985
6.044497460897177   2.2858940104053502   4.307657796664091
4.739406273940188   2.7025815296617464   4.6907622411695575
5.115429906920384   8.135388228774506   0.4002451224444904
4.8147631702114815   9.766215704547076   0.5425411594591157
4.164645202232003   8.922234049884597   3.513442936164993
0.5865455023894096   0.35558788526602514   0.5681955317099621
6.148383506987277   3.2673704523297733   4.015722698404796
1.0757192134924585   7.54000461477673   4.444082395814254
6.028504782716734   5.810741128858025   4.858632234688509
0.4089253978602093   5.042906924739007   2.6079804252070553
7.298789252478619   0.03554926956552862   0.05508775302324011
0.7538115208909355   6.049727458372839   4.3322430705762685
8.053492856637538   5.8305956070867015   5.506072865251267
9.074304764825877   3.199877993878928   3.50323013548737
9.563141328959821   3.923420493582059   3.5242735393136764
5.507417604820872   6.462104059394224   0.7193174031019287
0.5558677507997642   3.949835361703354   3.9734133440801465
9.716228722813014   7.960197241695239   1.2051274271415506
1.2928025439200084   2.5954292905150202   2.9705487551670395
7.816588042341132   4.072805473886018   4.254635578604878
3.5393202548353795   7.412623100615589   1.1297104970462641
3.232733050693082   0.25425792875774483   3.6309810275113747
9.3789651906343   5.6530828436250955   3.9737887875403506
0.17824417368466494   2.4090127811401585   3.484837697920941
2.6209010938205823   8.745782937002877   0.6222743822322038
5.314492162433088   5.410592185560663   5.464630629275688
3.6800920120189557   5.2255956333507   5.960325835802181
7.608045631052145   7.538441787638309   1.4238516849715164
0.4687139301468312   1.1914478611699562   3.720744850124896
2.6294936278641092   1.0627185034060762   5.302320271863075
7.843114858306629   8.617351707254635   4.819422915178566
9.15887699948007   0.7192648627061697   5.79777484676829
9.524661196226717   1.7028042583730756   5.923634812348167
4.048935963166446   0.991829271241051   0.016299168775847722
8.727737039053608   5.101273364094388   1.4052223539914404
3.8757989114145697   1.9383768355101676   2.3524800332524873
6.600016779564228   0.7024116998605178   2.820883309677047
6.891626437406158   7.146843671184094   4.601826984203258
9.292335940204508   6.453096258519099   5.619909097287981
8.447975870311026   6.552999998023218   0.8349369051028948
3.432296165295048   9.403476920235258   3.078402610996229
3.4368265591049423   8.397427859310442   2.680490984440643
4.095213881544523   6.063553315217328   5.451087365983104
9.707833241752514   0.026837862354895492   3.8917062359298606
8.10592772038977   1.0488574364687693   0.6467134706074961
8.930905678799029   8.487074617637136   6.219348756325965
2.812657794496546   7.823309077456725   5.819799021581204
4.15589162036266   4.273588411059182   1.4050722318024762
6.733604628337156   9.374423485997003   2.46173214948939
2.3119977006753443   3.172582510388201   2.638026045542724
2.983601158855868   6.745876086718233   1.2872624764231424
2.1172061145778955   2.1685607908198192   2.314318956707695
7.017445943454603   3.38162774052171   2.8614864136821714
8.499904248496378   2.048596542617485   1.492145140187406
6.528098943368861   4.670731129980885   3.462317617530246
1.8031908966394377   6.078491269753489   4.587577694267924
