1.086217651726245   1.246606305764194   2.820900523275181
0.510926843383179   8.16448379397002   2.9913511958987917
3.9793092145880404   5.403917665154395   4.554346742457462
4.423182445074631   6.719053013921987   1.1070326300341102
9.204850434513443   3.0511743553133663   4.820198932781618
8.504783660788668   5.317162927772496   6.049056671025386
2.100122707090555   5.217013908585603   3.8660901074864085
8.74776303946639   0.6375233469651854   3.828584282724013
3.166408154442023   3.9411004762805972   1.528488223524591
8.412901439137187   3.6937580654989666   4.214452048716615
8.494119504214964   6.223171303088916   1.6537279949212238
3.1335788997569956   9.045760911533396   1.3319731128179821
4.698216286886683   4.682240124281524   0.13191088809346196
0.024022201047352337   2.1988020670663   4.723420695881677
8.265212999886888   4.535473451756905   6.182261146493342
6.009932323689878   2.4853791698068095   3.4327928962440257
9.763498348405758   4.876028370734259   3.8060937910889114
5.734204055097255   5.90375921596682   3.720337264319666
9.510767183158285   9.139279888928488   3.7361731025051292
3.9245031272215694   8.449943241848553   3.3635050142456198
5.385487643987786   6.74620762131495   1.0618167466567074
1.4473471864983667   3.48325078816738   2.3789910238652667
1.1581492200831152   7.195376340340223   2.0554516321606844
2.2887921411165952   7.043067899172811   3.298720161331978
0.5212709198124403   3.842549334454288   4.06595868265404
3.5020035083726704   7.4511083508146125   4.90441523632787
3.6493785734321285   4.512995077129241   2.09651440364474
1.555140258939941   2.093775156134186   0.07120295660935394
3.585327295018759   9.710169691604245   1.0502250802852824
8.274077650342464   9.051932355203153   3.7830040631068864
1.3168918177535545   0.051680351417899506   1.9176135417240243
6.981036946619681   8.316546178120118   1.6391882847596182
5.992956480543815   4.582391592222186   0.6576364750420405
0.85006796544583   6.063414643201666   5.885406120405295
5.055744888619111   8.442760023724778   2.392826332988573
6.493976868733602   1.7512073254293696   0.40732434268961526
3.0174382216242916   1.6828881566174823   1.9841582161516702
2.507298436557031   4.311617478424387   0.660760933099323
2.6786327480456205   9.699485180943729   6.131439672206214
7.433843100336405   6.512276644041168   3.359210577234381
9.491021107939519   0.5806670717489545   5.277561720463482
5.031246514400906   1.9563308544030698   0.9449170708795299
6.857995985946415   3.4827316814253324   4.587029209770086
6.974030887074166   4.781472831074355   4.519522405909576
9.136984933554457   7.071106241356955   0.5717857199215013
8.303176626268248   2.774236753423473   4.979747592186006
4.254677993750488   3.470565599400718   1.9126761038539175
4.821520191459274   0.3948038021872281   4.81282853627027
9.336621023384868   1.4530630840591665   4.066849687746037
5.25824027017836   9.56386907229771   3.852486389988623
1.9699021261172067   9.171922730276266   4.526512643498804
2.069187050595081   1.0454136053376906   5.608109957626782
6.5650429614632655   7.3959212471698645   6.190826908620474
4.732302219765084   5.78910479746745   6.198720805765807
7.7575369842468005   5.758985702456498   2.4993717969924463
1.140351075907519   4.920107619632627   3.1720430711083383
6.487846112921754   8.923494497409795   4.697117197569439
2.7557761448038667   8.136879903819446   3.023766267785904
6.334774355424849   0.6316798940077064   3.4524401323984173
9.3357123094358   4.121063209775555   4.7177426921943
6.140366273779747   6.686345124110838   4.1657333881101115
4.33346711563281   9.419922799923024   5.452609684767953
8.116249644674665   7.915945643879724   4.959337188073725
3.865124035602132   1.5708668149612772   1.969580437124386
