4.93315658453355   0.9702925250004695   1.0531473338207233
2.461473422145256   4.502827606075395   5.383429777731147
4.6460106983193565   9.276965835515654   2.629880405750652
2.4015256785306107   3.266367530276886   1.2437664534847994
7.622625334044766   2.216342167718764   2.532023503121667
5.45002806710013   3.7542472258935664   1.9773506739113724
7.326494822130679   0.3218867580412149   0.7333464853092784
5.753138800915552   8.577069120565463   3.02127615989941
0.6522505992019153   7.367870452008919   5.612627749889141
8.05764470437127   7.919178226393369   2.624322236603482
4.02637903359224   6.195693508243438   2.9973093586089306
3.3086531568278206   0.46658247846624323   6.13835947551857
6.967448182860472   9.017021562332376   4.914145078708209
2.0801819454060886   1.4110296623551342   1.9474941470116978
4.155388894032782   1.3283702236587143   1.9041526869094167
3.87647277417486   5.005311175760728   2.98885915956674
3.8044854095050176   9.477192912869658   0.22412559841869595
1.9749826379648256   7.672460264865111   0.2736715220828301
2.2201788710574473   5.967071410730102   3.030370898655108
3.1804095147579594   8.898904225480523   5.435531726034551
0.6502959936058956   5.087928872411063   4.224497398722357
8.68049878511562   5.864720439083043   4.969376861189465
7.688510412618458   5.151316430156452   4.082411948053148
9.191848471793461   6.789217476415035   0.2929481781523543
0.23349443839832268   8.830122186318121   1.5710166209914629
4.689232229747487   7.224844588026924   4.243917761417112
4.6774808072826515   4.596646033877952   1.7927509883874175
1.562039277857231   3.433095568460116   6.274220657675232
5.30807419498518   6.454574154204766   3.9360711989424138
0.7024705655749099   3.7132562546130865   4.620861548097996
9.242921656802244   8.291760127707908   4.593412917268853
9.401183698605204   4.674363591246921   5.345094267141439
1.1562671129101227   8.864849667137848   1.7216019580691166
4.607697296051138   2.4081276811290078   1.7366742962695705
5.512031417074739   2.8430673890476843   1.258884698893431
2.8993530607828406   1.561439285990216   1.0235918133374786
6.60770497969019   6.475092502925941   0.7867728313870528
9.753383907178932   0.0947655970796859   0.9988411396973621
6.332957129899373   0.987033583285867   4.021902758494159
7.738461986714917   6.214809904324669   5.607814152481137
9.805398535319808   5.93438100356575   3.4615572408477515
6.6433741511463085   5.192704101777882   5.7176793830316734
4.744135035459529   5.571285015322785   5.317649243301543
3.4700840318444035   3.833404995050635   1.7117011168820857
7.037035715986119   3.9686405385855372   2.1364172858735655
6.7977598303728035   3.100787962535734   5.111495415645318
0.7931945680032819   2.71839783155586   1.0029129705950657
6.9679502944828595   7.980150861658287   3.4748004244555792
8.578955104515511   0.10022641676930283   3.0947583851509153
7.701478695457953   3.3829032718795453   5.946115610927259
0.022959499119950877   2.284327473497067   6.262790220713916
5.965818014598471   7.442462309452412   3.7040096127175803
1.2047988344195273   1.1749962156779576   2.80481974692169
1.2553015638580276   5.9397074218506445   1.2112515251245004
2.1232625339742928   8.626670224294584   1.5799582660672642
3.698210557321586   7.17708210614352   3.1319106157193484
8.292556546359231   4.056614630604271   5.011849780800633
7.857927802450542   1.0423662240162561   0.4172206180011508
1.5017740718509458   4.48963022269664   0.21100129704051385
9.654549920069734   1.0687865055044123   4.20245577208367
8.471599004807295   1.8939697163207965   2.4980514129336537
8.721537436936703   9.01001234749361   3.4578486090699054
4.138562847407167   8.099239765393541   4.113978909168822
3.466581793067677   2.495097481178949   4.0290209133676935
