8.28841638051802   7.148588277283803   1.48081251033791
7.305172675172975   4.264401648962343   4.80437333487558
7.97102131508975   4.972171925892708   5.698421122480923
4.284756040849652   4.871692825273991   1.3086024987758718
0.6462502261422043   2.0676507902579155   6.267211171340077
7.309825315078024   6.573183944306204   1.682902934468586
2.40057015731426   6.5846918640707175   5.035130792433175
6.7632857986826265   8.739656532087409   5.098515551844938
8.847090885202277   4.884713434325886   0.18457228529148678
5.825980765481568   7.258731326828384   2.566558994201758
3.5141136365160834   6.871344457121868   3.867869266939159
9.743989991052054   7.062794007813395   3.035151585592715
7.88458120222202   9.26853209498445   4.716588083485169
9.806598769217587   2.847435305740466   2.732044177095896
8.767876664377157   3.1549647344912324   4.665801553737091
7.305579728810106   0.3057933960898782   4.829245364617381
2.6456477377006404   5.732253498480464   0.36081844441051747
4.394421380804905   1.6964171321730996   3.9466356894473082
5.198657789802352   4.938762678314986   4.427462853853859
1.578816984462979   5.2008782326135155   3.266911093607056
0.7398346022251201   3.8203072086961076   2.3477051756361433
5.77878671261618   5.936843525085469   2.2239558766960905
3.6818197495430236   3.852120216170712   6.063801671895745
1.1654953925565728   7.273038367443063   4.461400493446656
4.055465155497847   2.667248130654647   4.355595126236607
4.973259089294947   7.445390243978602   4.07786236420032
1.593538829183009   2.7252767698140237   4.905780489352702
4.571212451061296   6.667247646719992   4.866105628547924
4.749388582391248   0.6752570779627773   2.5866870242997235
9.77091433549548   7.990727650256661   5.450272786762839
8.432139508040754   2.335055362405762   3.2958509671247285
6.248389697526252   0.12313362476977946   2.246216665828023
8.541144526433119   8.36268003484519   3.6903957208086333
5.745392048510018   0.895162262677038   1.5578140661456328
1.7303791361645444   1.8320241221740692   4.113569941094397
1.6575108618542653   3.6987156327835975   0.7376824932265711
3.1907343014409593   9.280847549663727   4.412542214772439
3.108686629528866   2.573162553206698   1.5275993904007166
4.581267964049291   3.546700810627828   1.7470244089352915
5.65833337233121   3.342924797888267   5.1361062539286
7.028626702925407   2.419077392070537   0.02158741705822287
4.317213716765868   9.240998921458512   5.795474406286758
6.959095902862826   7.877455592414044   4.144040985921072
9.270979040591126   1.6327140839618877   6.134189022471994
1.0090880010789434   1.1057622855198972   4.47006683651507
5.520314185498224   8.395413363504531   1.684838643538557
3.245019348016413   0.6010908382825881   2.1723362190138817
8.291716024359783   5.906745061959991   4.5484859142134155
7.450194907140241   3.280105864282221   3.323459868625405
0.6397231534677645   6.436200487715674   6.164685215056206
9.087555277769754   9.222234023470168   0.35014351198917654
5.360003339359456   9.580369897765475   1.6480953994313579
1.116769237244643   0.20644393992081742   4.018173194863519
1.5102895018911853   9.153189333058814   2.2743004145592542
7.008557863175897   1.3518100533948934   2.434247893811054
2.6312456608301287   7.451115939885285   2.545937966546274
8.918146518806278   0.36486180069997143   1.7407973917184816
5.755458759200098   2.19161691855017   3.368429696217202
6.888576525571523   5.033894467016241   4.990542202827969
3.2734169120468413   1.725969684598354   3.8986465847118303
3.830258433874074   5.96605699382282   2.163045574930961
3.507320709836847   7.919266479704372   1.585930459324633
1.9375830222412727   8.053182446535764   1.2108395166220207
2.6022141938910717   3.9759711599528584   5.011529359066119
