5.32734653318232   2.3322206473770537   1.1584695258972482
3.289093991670728   5.144969977570522   5.197401747377141
6.6328798391874955   8.68937610373355   2.567208620050095
1.8797250621233128   3.107853310237622   1.676571291839236
7.322697112919802   2.188395249083418   2.9085262079842473
5.852804026533083   3.9230902710081548   1.752328569164891
5.679287279379729   0.6464360662729788   1.013498605640913
5.663001994985269   9.487627570720273   2.625336070813441
1.0540377374032495   7.692218646949325   4.960078722894806
7.538649301686416   7.734393171049406   2.9724157992195117
4.4306766193822265   7.493246458771047   3.7202115478375393
2.2180523241813344   0.040176651080241044   0.3409950435076087
6.787148429412958   9.621009710118255   4.583036078361034
3.7574670634018354   1.834781080330415   1.7894577458186363
4.647912666052767   1.5090611775838827   1.7354797089227658
4.035137358827648   6.261301087652455   3.294977318818583
4.510336567319172   0.006456542203091331   0.9829168724815067
2.208645287839456   7.521500669140004   6.26535846088205
2.48612214389913   6.6659477174154445   2.361905552175467
3.395499675596403   9.006227402033211   6.02509769428554
1.1061391556278681   5.296879800119236   3.6177500468392867
8.919552875239335   6.3825432353914495   4.147809608471543
7.856572030435213   4.291953205036417   3.3145057757806438
8.664881240916932   7.641812339050957   0.25466908514168757
8.903090243342504   0.021041821507263525   1.4960544307914456
5.420808861057362   7.0984010823921215   4.752229735226107
3.8996237153744167   4.3297215386593715   1.4267530808011872
1.8401223734144478   4.466722936534072   0.30251596139527
5.759384532005673   5.95892673624565   4.032738307446282
0.6295263823647954   2.953572874885351   4.667553776883273
8.736220331420835   8.848252044429993   4.386417292206272
0.7448484449864796   4.513796757143452   4.4466152633887015
1.8299958087589419   0.8203739630652033   1.3940086170886157
4.385506388847005   2.481512603990055   1.8480778676185434
6.299141423066924   2.3500232656739435   0.9692270186487919
3.2391048085207492   0.9735809494699199   0.5416662264055792
6.541744475404811   6.587109120462813   2.0560711229500406
0.6276357508138066   9.159839399222857   1.0190410421823057
6.016168826569707   1.43550406077507   4.172277736332373
7.542433174682957   6.471840452020225   5.799369067290198
9.71895426569653   6.770300307636689   3.5370096166603457
7.389266874489772   5.451764496326961   0.1981958577480673
4.8494430234790045   3.884833275800121   5.753489308532847
2.860067916717055   3.798032321489827   1.6013283236119105
6.369348202471209   4.940692952227431   2.5030997001088355
6.943583135292932   3.6632583485334806   5.736015890902833
1.760170391700785   1.8886691565490865   1.347433106228118
6.31944398914902   7.7931745351966955   3.7275217634070668
7.983277973779068   0.07121708850277914   3.536652138433399
8.434308067387276   3.1982966811189373   5.69057153167748
9.49284836087815   1.2511665777958756   0.7418883503015539
5.241014928006901   8.036451252183653   3.5511134549975085
2.6392896072514715   1.6722471108763806   2.7395970240922867
1.5010507472033203   6.465262643178999   1.5072350874409968
2.06524029996815   8.529391846922543   1.6422821504501866
3.253170335863305   7.917330012195508   2.1910758918628357
9.219045917821044   4.531266506198243   5.832123906704249
8.119788008744127   0.9177422834007983   0.9869429958922925
2.0826507372068805   5.453970736211358   0.1276707712270197
0.4856161660644694   1.855452861001833   4.9396410360392755
9.108056480518487   2.5264836882546806   2.368271488987032
7.836929268444585   8.716658631555378   3.540756502047046
4.14274429644157   8.393851856185877   4.365372296260536
3.474214235431712   3.0250403808780675   4.365030154369813
