7.998450753668669   5.661771929967098   1.285742059718818
4.939395242860771   4.518002226681201   0.4677134221670045
6.892298607171122   0.5386186510788529   6.216414230391653
3.7341626459554638   4.7006851932941895   2.363528533882769
7.25392517957105   2.108113027318038   1.7266195148931531
3.7101013965723433   2.522131346999845   0.44313911603669853
8.40807325116246   9.789307778783053   6.077677231001849
7.600124011644866   2.949161091295327   5.065249480823287
1.743298704233886   6.806838606816286   6.058208970783355
5.522406661104062   0.29483111832986825   6.0870267818439805
4.19722757052781   7.984245978236069   3.569737563003374
2.6552787051801845   0.5563747194366271   0.5746982376959697
3.728467071354328   0.6198606056783365   4.495031191004679
9.76026854850468   4.628593626291029   2.1453693030054155
5.289778510401685   3.7490560570164773   4.4219638080363195
9.617830139754927   2.7602246077084374   1.745743578647771
1.8621570481174565   9.152429559691395   0.12917975838791443
1.3313145439917735   8.26271395149492   6.112087961184333
3.7222644443661013   8.835810335656205   1.5798417212659295
3.1714737508810886   8.10905472933739   1.3429947928634196
0.48610047063633777   6.531324317244829   3.767836941605278
6.114616930960722   6.206665135420748   4.105545730992784
8.512038379419693   7.604730593260435   4.407233640132893
9.64152802410684   8.822535021328692   5.016056696882857
6.4519066660885915   8.241280554319406   1.2891958456343677
5.251399097415126   6.030290314871118   4.595111234140276
1.9183792173203642   5.603742924014461   0.7985423294159152
1.8491229107004712   4.657353877072392   4.436886004023884
4.493083398906332   7.057700588366844   2.4788832162690695
9.122539941739383   2.032620365870279   4.299650275586954
9.772981263619124   0.0863032029725116   5.961465197015608
8.900463191810514   3.7511780604858838   5.009127326469163
8.7426286943032   8.475266730348787   2.8364088328866877
6.088611317476023   2.1750509169321375   3.2732134189167637
8.160838897600525   2.023078045746651   0.16169291658302348
0.22488232871333835   7.935129777002743   6.23246841762347
7.000169306882927   9.454821005593141   4.22841010020591
1.7112684666292393   2.606504517376552   2.4640671269909302
4.98361935601274   2.8713357187577055   3.634971384107454
0.9653462296561377   0.44476427195251705   5.293390564229332
0.1436613051967383   5.702768404593089   1.7203874984315795
7.0015862790207555   6.262690991957624   0.42518588513789535
6.614338426752489   7.152638004353085   1.2554000513296368
2.7352950659294457   7.009395516390285   1.4189262714792783
3.649137731998539   7.2546486466241085   3.6902637155468923
5.731407515278579   5.138019154689205   0.1447889562798043
0.20454384559200312   1.0281957513784428   1.2027251891189934
6.607301421739258   4.241852414198641   4.926549605304786
6.534395429699888   1.4177596778572232   3.677610020554907
7.550007601116595   4.290682374319487   4.493973137898521
2.074380742981919   3.5590869874398736   1.6142733385048529
9.015957408728084   0.9203943186614718   1.951181836266167
4.829583719553071   1.9049905119827957   0.5568848176168039
2.3864592299479446   8.450902832795942   2.1238394264235527
0.7798097975499998   4.127700278194166   0.21147211770667815
5.023715661766804   8.435858006873962   2.508334173196855
7.860794867076349   6.566196482723851   0.5491809787733204
5.692386914373092   1.3939395214335368   2.462184538105851
2.772821806259876   5.639472600861873   0.2271610163845981
8.952218239076533   5.0960946090178   3.5644655285393574
4.203536439375234   3.8544846423456423   2.2211381611507264
0.7760062777808479   8.930601081697336   1.9246675858681377
1.519886497082231   1.6179736005159608   2.7945528130988886
0.7365992625612694   2.757322941189267   4.856818871559736
