5.6426706016969135   1.8357995434823668   1.06507336964422
3.471770312930217   4.870948104571148   4.46971588562915
6.000351624215522   8.761810464795932   2.335030201511275
2.0493846243338045   2.810583022746319   1.508201212107017
7.538831045883226   1.9838457965613099   2.8607278211389207
5.659547814955254   3.4371677387047845   1.5261628739653337
6.164604032962812   0.25144483891317915   0.8042262250142496
4.8848682041641265   8.425242422043484   2.311607916588928
0.23258416365216011   7.901988325845705   5.4535084268299885
7.661411096185171   7.974205107477523   2.7330423256769776
4.353247816538725   6.687289864713709   3.168757091428573
2.6536157287082527   0.5294270261712761   5.911375831557895
7.0093944338770084   9.042010068503547   5.019283736833342
3.471699911175796   2.3214701454901085   1.5197241472914211
4.633132405486827   1.5784362901972935   1.6919504234364213
3.7798773783137216   5.965824576175886   3.594401507184282
4.378154412534925   0.2748973236292525   0.491721098642639
1.9783321838310517   7.9476938616633515   6.253063485304469
2.679016811725167   6.730682387147806   2.764126899019474
2.8809296798403494   8.218021598059012   5.606353545207556
0.5109920117403435   6.115412690461435   3.6041122737856988
8.334681827634705   6.48898689967418   4.377377387767155
7.436589302956484   4.027260258247637   3.6642855743586282
8.90799724560752   7.152505646808174   0.15935517980370673
9.110642178931792   9.210793176400408   1.2894185706882106
5.366586823641643   6.697162821607969   4.675922893100243
4.251143988449229   3.916114524809249   1.2787893758374735
1.681522694395109   3.7336844984698727   0.10641708368548196
6.0839668147820065   5.651792187911475   4.241645699974732
0.8352658906290681   2.5369458834650476   4.8958723865377465
9.007704286018486   8.360818419187915   4.568638798855702
0.018339694837132492   4.468427287231901   4.807087080569562
1.6055523482433003   0.16050705357314998   1.3331403119064151
4.65152880947965   3.1309712784076402   2.1292417387592812
6.499484223145577   2.985265670763978   1.2119211796615694
3.5339511880124617   1.2124170282977391   0.5901140730700716
6.7098044723527615   6.956499542007354   2.011351683337552
0.6797152805950384   9.236946561387569   1.2421395828758661
6.369549965983659   1.2099504572051702   3.8683157108766544
7.600708954329449   7.001241031520569   5.811317980232795
9.71201509726462   6.827091162930854   3.6497601105507123
6.896373558517705   5.972308039368082   0.26962688014047403
5.31532170443367   4.777318384252689   5.572923390583395
2.546265302158618   3.5522237289144236   1.3515336362077872
6.2872348147878085   4.705327950333679   2.7205313726429234
7.337442087183414   2.935141327369866   5.533336737253062
1.4925854989163   1.7502090558501033   1.3573909626148641
6.706402848182848   7.82386860162236   3.8391802461831914
7.933199465417933   0.08160537290769787   3.2226727702501563
8.17846087083724   2.894842454708374   5.877625073247311
9.37813196296197   1.2224479520107778   0.4298206943370842
5.840337212931744   7.652075387922405   3.806615817976176
2.472429546547003   1.5881390145953467   2.515281260789847
1.3622678630610872   6.527847844550967   1.8292965439059992
1.85471451208256   8.995674348788011   1.3444043108463224
3.5910747620529384   7.4242892578819255   2.7434639822166713
8.992884753714423   4.038245404393793   5.355349318226342
8.10068249924424   0.9547737641510333   0.7939958082479672
2.385830762246896   5.618328527630316   0.39419324610734563
0.5172276076207376   1.240313664367299   4.683335845191226
8.631909663403082   1.761028964930901   2.320893587539781
8.06128711704879   8.818339475494703   3.786928873317398
3.995240204098829   8.360977151711987   4.280449473007049
3.4419585948019726   3.267603121274239   4.04668124479029
