7.279761114343579   6.329932084571148   2.449406561859701
9.513092220913801   3.999997950745019   3.5412526133204643
6.581422277956833   7.59506994018257   5.766056669802168
4.324185279486561   4.400101178420879   0.8952408945630485
1.119677469463915   9.434994758331355   5.694205756290404
7.370278399104382   9.528293655764404   1.6081543812727828
3.043524833544198   6.980249188141092   6.00249145373297
5.184128801416605   7.7546146391342425   4.79313767865026
0.41014070927979646   5.20420386354052   0.8195391731836021
4.332181203189069   8.533695548312384   3.263472048343415
1.2771879498550125   7.6012645272762684   4.3772758752685
7.858807011484543   7.415522036303802   3.4778601304927297
8.222908629191272   9.702636506147837   4.873573063231063
0.1304589168612751   0.7661132322782555   2.950588428028471
8.93631496286635   5.093562493160788   3.8708973370173374
7.487078916639889   8.186879392849503   5.791371243220368
1.820176364748126   3.569483562888766   1.2177405252512523
5.988967938602826   1.7153387420760082   4.258597322366043
5.986781075839426   6.308149811208023   4.209497157264807
1.9222753083724462   4.683636829847439   2.592291338928642
9.22319269818916   1.9689429555258653   2.235221868115171
5.772907506961046   8.426506723104763   1.475935377483105
4.319931101940324   3.4406725021219926   0.25405221063723005
8.730730077599455   8.772994242303543   5.155529784683267
4.815106332767562   2.535418264827561   5.251530349916101
2.432803616176222   7.738589364695717   4.735889448340995
0.759531770081223   2.604293712097376   5.063742303782214
3.958500600649323   6.814278607951845   5.28820829969331
4.73026160310923   1.4925550656106235   2.4559028831304412
0.43741842177328516   8.419227802699858   0.6591373072164297
8.408524483004932   3.3898522651159873   2.3830815902530307
6.116666426703772   0.45564747227282726   2.470720017410233
9.756085358404189   6.624965019250637   4.647611374893837
7.598778804503382   0.8067072748980063   1.6346492235464942
2.298848015524973   1.4043811267902417   3.4016673289329917
3.474707400170497   4.614776731146915   0.6719084914477355
1.7968850618305163   0.45752455605037934   4.762871558962601
3.48447208508201   3.049555821917405   2.2954499213151727
5.548169012487096   4.580241000797961   0.8533855594215045
7.747590651638399   5.024865062219294   4.343020058520231
7.640340796983216   3.8662315704696146   0.5105173292777297
2.712914961908421   0.11717558049381205   0.652366839033933
6.542397371050455   5.527289099557496   5.076527081278945
6.264255136384034   9.309404030541685   0.13969670376810558
1.9365055986300872   2.2790165045989217   5.375057579727803
3.759745397657322   0.06229895553812703   1.7225068088622357
3.231581247977778   1.1593773706437838   2.5539237659298366
0.7644901284782986   6.125972422391045   3.555150688086713
6.489373853056281   2.719769889167553   2.625417882384094
8.994294371512222   7.2460964429880725   5.515558422636637
0.03234576545317225   9.655075893420538   0.8528837070319636
5.2328846118965044   0.17475381307631999   1.6340061856671437
0.43371667691757765   1.645159099743915   4.844370442038012
2.6531587027450385   9.062661990851323   1.640184962452334
6.866471412135101   1.900055516044174   1.8024654522320023
1.7999236001155228   5.534286841695667   2.8413665339220513
7.924859465570033   2.157745540084289   1.0928016873363693
5.286294086665978   3.517156347498552   3.7949199105092735
8.420140995441484   4.366918730880148   4.55979195401896
3.6431704144815327   2.1913699993174114   3.6366042083080887
3.8474205684890017   5.79389210489178   4.129082444168417
3.392396992699347   8.294619266081368   1.734244796778595
1.663499449662368   6.73101401805997   0.7276970180596236
5.007383836945209   5.652041640360178   5.65345546950628
