7.1390107789148605   6.957899309557288   1.5838236575039366
4.257676801059297   5.593933094791989   6.194201791258937
7.4444066400996585   9.34770954187646   5.905458971588822
2.8892198394124637   4.687012259938482   1.96763955739259
7.629577653385031   2.230179960573324   1.9966044571812074
4.994587868917745   2.5143789594822348   5.903696859619589
8.712754699929953   9.401773494299896   5.012575900352082
7.628790788087291   3.8255658907766596   5.408853089385304
1.5608439199712139   7.006544548232879   5.9260184275463335
5.182240585337918   0.26106484680452136   5.616260971191162
3.7395340315438617   6.608689335525297   3.288663179592064
3.3105151137374613   1.9368743000379005   2.148581293748736
4.331500005170405   0.13301550570563642   4.470006190932858
9.193981929952333   3.469755358744096   1.7128483204017781
5.505854641418878   4.47340096093712   5.188535042810476
9.439300231509758   1.0432933668125826   1.8938460657145066
2.4844486005184883   9.033855272519672   0.5336548059263341
1.5732787102867918   8.61606014637403   5.308138741918626
3.394206856700528   9.001635719937653   1.6444497335384978
2.471847444667811   8.089156237562657   0.9237123114851978
8.239358636615236   5.838440344598483   4.4462184823920365
6.145820378454778   6.222696450232279   3.6333585131847657
6.941867482457305   8.164911638041085   4.422779810609358
9.148954678355517   7.937753865061377   4.288190795349744
5.182169154096931   7.626503512854998   1.0822134927354923
4.660811062910783   6.49114181827932   4.380807957150805
2.210212437240955   5.239186360129126   6.0108152881738155
3.967963375939671   4.526526205244131   4.186274101971981
4.358851205299931   7.3484187270654076   2.8732567887282756
8.80610260979996   2.22776127898715   4.276331385164653
9.555948053587016   9.72986821320565   5.2354847621016205
8.353861937932528   3.0294734057553123   5.030900699169436
8.411567481101443   6.820018417027274   2.3738421822849585
6.606504953258121   2.903647294152761   3.4099093117383172
8.34466607681922   1.4642011283350556   6.09273131445071
9.248948933002598   6.197680338984483   6.2154073922157425
4.7323499629549275   9.076722953696525   3.5952169310189377
2.0282212550524017   1.6085582410252095   2.1510549300267647
4.916602176112509   3.6121706076930398   2.9682890443932326
1.473526809696481   9.680044742005927   5.832962054916818
0.9742476408342085   5.806587369757462   1.6029429334599898
6.991615790068247   5.873648876955853   0.13153102650586457
6.121169015743182   7.122915658734798   0.21694206795528925
0.24348544680495554   6.777825430538838   1.438327712389856
3.074713223131104   5.709735846699547   3.9790052177673663
5.749611478480682   5.374454602156013   0.6030648920678963
1.3007078797706562   0.7375294104226848   0.9207045367458966
6.600077247114599   4.251268755515934   5.196932960767666
6.538261127546293   0.6247451350496972   3.7075924893958243
7.432877234904624   4.686070840180154   4.213285710931665
3.6796687702508413   3.6494203652330195   1.6577108190157954
0.4658479922593001   0.5439425796012698   2.068836844046718
4.2126628732030476   1.6157491675661   0.1682418469287393
3.2630682645410993   7.39182014899801   2.248053720451584
0.3179535200743322   2.2880592919911975   0.5007581658658969
3.9962663353742367   8.306193736259768   2.005456538993131
7.831117932073863   7.665943512873368   0.710066261858777
6.1424096575695   1.4341955605385297   2.7709986137529605
0.6468089904502776   4.094502755583017   5.877934254129849
9.734314039618202   4.68609991727846   3.7048639353671318
4.2173989360958855   2.93041609964495   2.5387633288554836
0.6925811855483344   9.12471094542951   2.8184812087065265
2.947078359803973   0.5139377002999106   2.960916367935796
1.6687545546631428   2.930640543804019   5.663357482791028
