7.969028419052016   5.0779831416540215   1.068445537893615
4.259061111446669   5.116940529333102   0.28343945506028767
7.168664690939434   0.4639871172955678   6.140227422486336
3.5728998403384273   4.413869685040012   2.4342268834692433
7.411207102437947   2.6298831927750492   1.3318010295165839
4.001223386342192   2.1620576706150527   0.9114219068336125
8.557739669694781   0.16358994850451702   0.20620480281368445
6.8672905508532684   3.3502076747281584   5.176882103280362
0.9229208083593867   6.837890084163069   0.19140637705347602
5.6173680099992485   0.009865213280265905   5.836472679895033
4.309754629047432   8.019242548740358   3.66616583774446
2.5176854213145727   0.8293278086697704   0.018478757465557827
3.6075353705749214   1.1568226842340772   4.642610759635751
0.10624161031365817   4.7806592418137255   2.510320195793045
5.700246136348646   4.013148111021922   4.315072937928695
9.807108473358218   3.009640809212995   2.2246251106518526
1.831678569984228   9.299002947375033   6.274157944152507
1.7857424710237733   7.772894154440595   6.260215344499625
4.201075966685667   9.276307792170929   1.6448986526218798
3.3092992914278727   8.086612189962707   1.2973153324449929
0.0527538045167848   6.939954687900948   3.4324281185410928
6.396634646344538   6.478642073291159   4.219434215673863
8.71054577603053   7.584350751494123   4.5227681421193076
9.560794280129127   8.493202276364348   5.201484043562452
6.03149318867945   8.354176915792394   1.2825196589324397
4.754172521550664   6.022491349300963   4.788395332894388
1.886691301929738   5.683702800069284   0.84959002538814
2.2012108803476913   4.456774010020117   4.377566930129314
4.526351248289039   7.162866816234525   2.341467238927297
8.452494423668375   2.649181827489791   4.122999365193201
9.539278784022272   9.647090596415845   6.141648174105725
9.413518916521081   3.7996342696233754   4.704138901888204
8.163456912759473   8.368408193678894   2.948401368015066
5.66611934497664   2.6370621912481855   2.7573545164000706
7.843283263807296   1.8230693993345741   6.277815287503949
0.6676036188365515   7.95723324409439   0.2678453478988993
7.078628549233708   9.132476922490895   4.33890087845494
2.1493145695065037   2.824119238325088   2.7334419927799156
4.682031367444857   2.9548416350178295   3.8509533280370922
1.1337016179979895   0.5828925530595874   5.292288507589245
0.11934210675361445   6.096850269073858   1.780638508033673
7.312158153838766   6.472978908079588   0.19245987538507456
6.980860794338821   7.458422533906189   1.3764230798943737
1.8878852175137375   6.756882789196727   1.2095753144663663
3.649137731998539   7.2546486466241085   3.6902637155468923
5.6222009019649395   5.381195574504824   6.137182303189361
0.16584295661965875   1.3963456150990083   1.1464894559747987
6.786525211099083   4.344729011108201   4.685080081725862
6.822928735152267   1.5600632743890666   3.3664493924371213
8.359239787205007   3.932325498209593   4.762950206384961
2.729514693586129   3.4860531052398103   1.4213706513518491
8.844051594327155   1.6691091098461497   2.4109851252288723
4.64359754517167   0.8165059463371082   0.6680866375149265
2.520651153019269   8.439282140769686   2.0204358580180513
1.2862350428873868   3.9130903415504372   0.5392504342089199
5.11543366523344   8.406501804625556   2.209285640300681
8.320897980489057   6.493699135191178   0.6862145794160871
5.539382042785065   1.2113463819597579   2.3346696780983334
2.8010918803592477   5.277274082817316   0.2897896597203118
8.795684281510363   4.822607389746982   3.299193861891446
4.388983413667467   3.966158489244374   2.366679718888727
0.820888207666626   9.073455388804906   2.069908881605224
1.0486096641843594   1.5748182980668088   3.115688363670283
0.8294853787572941   2.5786482381709037   4.900595283578155
