7.647697857157633   4.435956142989239   1.3369800681831927
4.649308411691259   5.103371018483422   6.238547169222974
6.3646975734565014   9.465310564747456   5.763896269290512
4.004851821931949   4.395229565908078   2.5287361265001813
7.152703325175592   3.3112056645780195   1.0446619900536027
5.095767575170542   3.105804078046779   0.6596627823859154
8.505193104372477   0.36721560988208063   0.4896586834112878
6.863921683971303   1.2802610886239414   4.544581967966833
0.9531854487085453   6.831630211897805   6.073482895245944
4.507473447962206   0.3407573770401555   5.885367238040142
4.493271877539832   6.499960180077764   3.1720755214028933
3.190335015649067   0.8803232528013237   5.8576682926854104
3.01863274373856   9.227952025485566   3.371310174568007
1.6077804776339082   4.531563256841136   3.4225223869777093
5.9619413493097575   2.827127666011553   4.026172349366589
9.711107206110427   3.854157525910317   2.164405779347405
1.9195400495277983   8.982084223691125   0.8419008709021767
1.728538837975805   7.466722265284651   6.041870012825691
4.04607910879637   8.81739879715618   2.1110117324807605
3.1160406203238398   8.266097053198799   1.603972340626428
0.47779381543429267   5.723555173603101   3.5899787441044366
6.366768693631045   6.5848013923134046   4.4241777379170895
7.512969828963246   6.4801009978306015   3.9459896773871184
9.218133168508384   7.868532695957078   4.4758124637771255
5.608407441228506   9.00629636211313   0.7687049595155118
6.808425706544327   4.1157316029217785   4.674289974009033
1.5220237228613867   5.680079807021937   1.3006463981317107
3.253571467953636   5.181107701547264   4.5401717472521455
5.5170478129498886   7.3997170946394535   1.6451234296624013
0.1982509790246761   2.3720844033520474   4.302907766111787
0.924751028614742   9.353241619181984   5.341437523851718
0.7536048700883093   3.370852817640741   4.956690255778379
7.299797388791473   9.298283057478917   3.0748742888053333
5.326666412092988   2.0504040018477263   2.1028239861471976
9.115364391434564   2.2436701339231515   0.43593161236259964
0.8792092746891981   7.725918655682446   0.4948065160017992
7.395471808281257   8.09075648589483   3.7872638855127563
1.2252737315616749   1.2847175932931858   3.7592229759531963
5.824211631369192   4.6978078927071545   4.3807492901993355
0.11550733924040713   1.1438054106938427   5.78023817123338
9.378069315015084   6.2141029650434305   0.7732120146144419
8.665975932100935   7.117942397276165   5.847926520031039
6.484875557317702   8.049684444178713   0.8248296046444359
2.301392713218187   6.47668990492217   1.2186960686298536
5.319322298880882   5.824717518585029   3.0559663964177624
7.709274204892031   5.457054952721096   0.0018406505547234886
8.757542097632717   1.3782248527459204   1.2722136468496084
6.468045940771719   5.621760911602884   4.875040497395817
7.684843212426378   1.2992478125245377   2.3521692961121468
8.174512772646406   2.84904019319801   5.068095887704401
3.036823815728643   3.500955583367851   1.525129488591957
7.08628202749906   2.392961019779182   2.9898131395348235
3.907811677872305   1.5230079004461468   1.7538078059136488
1.1956875506053017   0.4333519690180382   1.7056991355218818
2.3659392598536635   5.574726891744189   1.0984825498105077
4.32972689748282   7.714089241076467   1.902828652652885
8.63761964234521   5.293488600362226   5.415245761027149
5.086814717233044   1.194202022348188   3.7049519642096365
3.5853474784391066   6.60539936807309   0.09701891747147842
8.707677604700255   3.67411524709187   3.666189846472544
1.862718564194498   2.346552209479142   2.4113242452433914
9.572700268094243   8.83636296385507   2.4242537133321838
2.0634829435877236   1.346466666308112   4.144700332513104
1.6178595630152417   3.453546861640006   4.7281953069389955
