6.9950159106699905   7.323567051818214   1.56327269381263
3.7228014525421256   4.0431482295254675   0.12151761134896395
8.750960835913595   7.586354322585596   6.0799318624546395
3.8293851087002153   5.515879960366469   1.9233737625638858
6.677651669667847   2.4813896529968247   1.7606575013568588
5.730616893493397   3.2404430833297777   0.18414798311768765
0.18656821454708855   8.458415886568313   4.222696105569596
7.828593399868799   3.9282992431484884   5.272926740457032
1.417596805846078   6.298038575121801   0.39763930056567476
7.014772276988923   0.9832119744315257   5.477372282629425
3.510007820600116   7.033577317659344   2.910563141781315
1.4614124693416846   1.625170812877351   1.7861971033755524
5.7986265140778395   0.09463437341662662   4.626722009501324
0.4803250970516701   3.625274895642668   1.9034313807821885
6.707363918326684   4.991573708326287   5.717276312566664
0.4053341688331923   9.443186274131286   1.8057605868603575
3.728028905070274   9.453164636191909   6.1937929562647
2.6755377703878778   8.692759209663183   5.9652899152703
5.847837407764081   1.4117019948693241   2.4475705223275974
1.7485440954207   7.367649685596093   2.0581525655650403
9.637080836603326   5.2341725453818535   3.5326642599700238
6.0003180576403015   7.247826155288465   3.6428230386459775
6.9793034578773225   9.62382453121592   3.573136656849059
1.6821612362692924   8.366108269022119   4.26222548710563
3.899128000509606   8.228898199491029   0.9994865448167063
5.523744236695693   5.839592775993893   4.5407900619174635
2.8906930309493974   5.531212143544617   5.504940418060818
4.66567423185896   6.311202945236285   4.479982748479217
4.46950041351355   7.501490294766041   3.087782759993364
9.350920908938924   1.927806422701758   4.664528046715695
7.845271767048443   9.351259248816632   4.671306796748574
7.918279798219714   2.911218083920854   3.6040741510156615
7.888770669105862   6.835329216255672   1.8501937556723824
7.4454729858228195   1.9294933466126687   3.6105935110234184
9.064633789155343   9.588103634324888   5.0040473044022615
0.5415616582163447   6.214874511539913   0.3561206721165489
5.204711949355842   8.247098912189395   3.9309953781840217
4.761117055457503   0.19805284093283693   2.0938575868156026
5.366490658982172   4.384691582092941   3.47965130680399
2.07195323229817   0.8152978579516483   5.962833832028632
1.7174834220312722   4.807654609532324   1.309198180331682
7.724414785351307   5.767301341234306   6.1848018188264815
6.290989005324074   8.393919593650828   5.819456296804389
0.12831586619870095   6.992420311709611   0.7418198727938179
2.501684044869511   6.626928448344914   4.644755061623449
6.5527110710586065   6.194872626519737   6.224178833704764
3.691290496180111   1.6999831412707727   0.8116247657678285
6.415548043864976   3.9487724945801657   5.196135707002386
8.541350378906277   1.5352631824970502   3.5235644888172137
7.776915250119056   4.836144234245474   4.1907850950751655
2.173430651388646   2.3221308931604456   1.3045970814523549
0.45418675856904883   1.3165514238475107   2.300652968958529
4.9133486375165925   2.3796011060614637   0.06860291677525954
2.72821258910913   7.6998253770090805   1.7076060960660262
1.2718953673440345   2.5974924572358495   1.234589072380734
4.706898559215538   9.084707370976405   1.3694161185008116
7.486408693472351   8.291183481744302   0.7678267434300936
5.76424843221095   2.3392627599296043   3.0914193529919545
2.9785060588902583   4.649695232785434   0.3161362385663181
9.62973706527484   4.261738042322998   3.8410644927277398
4.233373259767947   2.976944251388089   2.9056337690058265
1.5263694759634108   9.413689439957704   2.7080506543843925
2.8895760141634916   1.3197925020774592   2.5135576962780504
2.5394579205197245   3.43805455922326   5.2774917823961385
