7.457728051195946   6.786269311283811   1.486648162672634
4.1087292310198205   5.803600934623467   5.94533638119161
7.4744051736061135   9.709559254074216   6.2221415755273695
2.991584113216314   4.463634278336754   2.0701624768467353
7.209557647905548   3.4709643998310358   1.8496158310724782
5.283147153973368   2.233890629619056   6.015110622622187
9.012025410458238   0.5332101011033523   5.382681945755189
8.311716192519548   3.7307403530969965   5.038285230805627
1.779723315770983   6.418146535632017   5.890822020749307
6.547652827608413   9.367346239964279   5.680745538354859
3.787087451327285   6.775256252581513   3.3240313412581455
2.829393587437186   1.5469151500023577   1.4547299625281054
4.091509883124935   9.450540426509525   4.6946127243366025
9.306943155777025   3.569924661579564   2.2262790619835626
4.809406380234867   4.462765821636166   4.906486329517897
9.764994921192567   1.5046379319368945   2.0280530945913804
2.342740551383876   9.413333309509785   0.11041071927180279
1.3259608514967263   7.825357021953192   5.635513634501493
3.241864867743152   9.092500601902898   1.487018665599537
2.6181569728479364   8.028513918138819   1.2777161600310933
8.576149204435954   5.833032689577768   4.397054573617998
5.883353065030719   6.451982096720798   3.7678342726126037
7.241666954188059   8.588797792237612   4.7069836097374225
8.626019306598328   8.00578322575988   4.309847912446882
5.407865090951394   8.173172491773652   1.0755309146103345
5.052839182881258   6.625050300843547   4.583423308881932
1.9176011791740293   5.372663227769227   6.054897796506597
3.8634549168655528   4.240768491471985   4.381913782836308
4.445951104602722   7.412113534911367   2.83431673646375
8.96135537663278   1.843142005684293   4.130156656950625
9.218562959476007   9.30609979533979   5.599043784264831
8.421958465820062   2.782615472431272   4.303559249096065
8.290464375441399   6.785960728315884   2.2848574240840627
6.129748937517146   3.0299869597352975   3.414274014821704
8.087544080445877   1.6939913883830462   0.04330536029522755
9.459597891714333   6.776095618752823   0.12560401956189526
5.147391423407252   9.079881299181416   3.5244890094161394
1.8286369899346409   1.8477121762403175   2.5130461168523577
5.014480438113627   3.3313966457166284   3.044483476271079
1.4716768726177922   0.24753649687129853   5.970982037159412
0.19561276780489756   5.770780278348712   2.0010743097056083
6.668890664963495   5.763176407737328   0.6913862988634991
6.4864500273147305   7.219775410215483   0.5523291103282766
0.6451475636354387   7.056465606901942   1.3475024176460315
2.9909915657129145   5.436899512345132   4.433735361114485
5.386670845048502   5.3457252875133925   0.2749518327736144
1.036862842841424   1.0804581000116191   0.65137374769579
6.3882177550040495   4.220126254495847   5.071422772355524
6.661277324286211   1.145415972550836   3.5160308359068844
7.516071266345269   5.210719360146136   4.233779187676224
2.9789261094452204   3.085217746374828   1.240658378245688
0.3200613386766205   0.14198086535273974   2.3055232524408185
4.347695492922673   1.549240996612486   0.6627870577259705
3.5529982931541233   7.771491057231613   2.3257740850475517
0.6150611533946222   2.140977754467988   0.05333556530449739
4.427484954342545   8.453280075019682   1.9908274109729618
7.588993463838752   7.685361714169582   1.0480610190031139
5.729726136903565   1.383856966781705   2.3493278739732055
1.391853435380739   4.351086448380107   6.1379963109011495
8.889266142690177   4.834213128460811   3.1615607352807555
3.9595068444108588   3.060238626243041   2.247776867129656
1.1312482482946618   9.121175179583464   2.322679011341737
2.3037338038138158   0.6893290466077874   2.996745030540752
2.0020373792271107   2.8358292704077255   5.679912262525814
