7.270817198999694   6.833108100077109   1.6768153307238083
4.412677338439088   5.458418263412047   6.134428609856066
8.579640907221526   8.171751994480587   5.719913443614793
3.035470276473988   4.560474134420967   1.8368298073436222
7.436502430164718   2.2389758108362714   2.1588877633416836
5.797491952053093   3.2122167799014516   6.132533774267701
9.400615344654266   9.05930027538041   4.989001152059639
8.1614429072649   4.32560137265142   5.84850487885802
1.8486446366351896   6.366966739777863   6.200855060607407
7.019563610062362   0.09660770223704418   5.365694804218374
3.4597706809505997   6.538547898311257   3.1755517230392214
3.2294297869367474   2.141144764727845   2.2182715319361987
5.095044153938889   0.35656988794697886   4.933836957169241
9.029061502736596   3.591031552508613   1.6586544572948438
5.855313036691721   4.386345410551604   5.356436950237302
9.26708640311712   1.3722668386697199   2.208144845638193
2.620820527394038   0.14488674566790216   0.7930639315782916
1.7812868327542717   8.498662326935197   5.370235771705551
3.745977087183392   9.628072406744169   1.759651925437549
1.8609313075500027   7.456139985750429   2.052226609653173
8.211721739143043   5.750819179414251   3.960202370261344
6.124659508608472   6.917275516455021   3.6755235378729134
6.942267802834943   9.04577896480697   4.209269126445187
0.03688098619497146   7.720492233598533   4.587872255126367
4.898903192433721   7.447908586638347   1.244023449894069
4.880103985735049   6.292313186628237   4.79627010154402
2.1587237159972874   5.240263625087645   5.825983778178243
4.000488316027518   4.609003248452443   4.568294444079538
4.07433372416347   7.304727087004439   3.256098185548585
8.411374531134511   1.2597385022822303   4.185994639471121
8.397257599214253   9.10410417784759   5.3848188363360805
7.951767030291649   3.4400916926115137   4.507704016130594
8.677481615356232   6.776601942525621   1.996139554063829
7.076718096518965   3.1586127067546275   3.281536975679751
8.681514514779746   0.32979876691390464   5.9691400151863965
9.415279590677072   5.830503139034821   6.202731848782915
5.168728352152499   8.76723956754049   3.882977998206482
2.303971032172857   0.9937573222906746   2.0823664257859487
4.8246801937480415   4.092237492218999   2.6784235927595414
1.2050762984934011   0.3438588315153285   6.0041431194249
1.1742488169357896   5.350339908708579   1.3005522857494807
7.252615275831974   5.977096700176359   6.2524928920014435
5.824596405879189   7.925940162984078   0.00267924115244611
0.2488110140754073   6.659407903141914   1.6542118532211563
3.022916755045047   5.618681619892835   4.1153809244185595
6.186626019242003   5.654352347258172   0.6728999003891339
1.4401509953232394   1.2924314536971568   0.874751481673685
7.304798291296693   4.12324376392375   5.075454208068962
7.335734894444185   1.0709056871318632   3.5049148042080045
7.289362035090724   5.0358046299554555   3.649368309723258
3.299555385106972   3.6488079496047847   1.7859405637691848
0.4950769254502224   0.8853350951207308   2.316186275226439
4.809958564101644   1.367195865435292   0.5526777107042832
3.06878820630241   7.368415290741554   2.0251819258105823
9.465481593634884   2.8102877792190673   0.6892738540297346
3.7112323176073216   8.167203518988185   1.8658237009932723
7.2713304486464505   8.140027740807813   0.7888939606442219
6.235237706697436   2.2087795146650477   2.707497288211039
0.38640178575327533   4.798803325306023   6.098877994382405
9.009204984891184   4.8007336451433105   3.471021156330691
4.149853941081787   3.447438582333886   2.558808961664662
0.42628816942678893   9.208507768172067   2.429252254004422
3.266159940072721   1.0757085251877296   3.1836433044888865
2.2710836703455066   3.652551457840297   5.49273259779338
