3.280454954674529   0.09235295048221231   0.8337691032115628
2.7983166223174942   0.8962959080567076   0.5186486202954709
4.410110297339289   3.4613961479769393   1.76127633510179
3.614601417229152   3.227129405984496   4.703932137092531
3.4642927074378416   2.159138401634503   0.9216871227437765
1.3512654277686282   2.866159440613158   3.4620504469396445
4.257416983441472   2.8810936569992585   4.679798160736119
2.599593179379647   2.538976829135705   2.2155630501750956
2.8752529941310243   4.536634837883913   4.8024999502198895
0.6320433107340333   4.605950927181928   6.033963985470767
0.9884111478371811   4.268681913282364   2.8307946942364928
0.895927081459833   3.434191326388628   1.5465548022025364
3.3436380374679033   1.396455371359905   0.21949952265783562
0.15860807590945464   3.8799156512538033   2.614202886635713
5.137382530082011   2.5994522903092205   0.480555760313234
4.906510421650023   4.4856276530757215   1.0411659371027588
4.420366721697192   4.423528869604312   4.524287424644275
3.0842983961179735   3.5218282480222065   1.523052577868293
2.5239680232183725   0.9150486474933914   3.4768448222479043
2.4406995056026703   0.087439294228143   3.670117135478649
1.5353393031128064   0.7345973005800488   1.4038338555616785
4.506723300048575   3.8126773055663628   4.328555992129243
3.113372308067079   4.929574994315451   4.056040576891719
1.3774491502676647   4.310259333583386   2.8219736427551094
1.8984803488189557   0.1913454006706437   0.6359291050833803
5.2208893920243025   0.15284523551165552   6.140367680159272
4.326665846606611   2.7381671087992174   1.5987703733947742
1.1979801345702266   1.8385494176503188   3.1538376528746337
3.6635994232979416   3.9646606819677506   2.301933981991902
5.122518295402414   1.282640491026524   3.1947269775779294
3.195791600083063   1.235933780600559   3.4571906584983076
0.5624456743057773   1.5472529640304487   5.029172072125287
1.8138760721397493   4.052368980465614   5.0096864307066165
0.32725473390538945   3.605646751197589   5.508341911591272
0.4489950682638795   2.904576928207509   2.424930787315731
4.195146501007135   5.211358050890285   4.650376497767438
3.159492965921083   0.016606988622624108   3.9944486954826175
3.4785668338079088   2.718200936798965   3.880934864650325
1.7667888073657672   2.1575912636817227   5.94701511371286
4.809457363846266   1.0504314675956847   0.3786590937127635
2.3336535666233487   1.5210183509021917   1.8123412809554735
3.8852484391455118   0.17400221252653109   1.4824490351047954
3.7192700984809877   4.66416553881908   6.130791982087584
1.7036490077686939   1.2244760756795159   4.549500414696469
0.6253265262635792   0.3499837693458444   5.3637220751227135
1.8961591704984557   4.905987033080632   4.872435076334451
4.692619531705173   4.985818275534016   1.8153609824021122
4.960813266333128   1.9092439181630392   0.01483152246296271
2.318724246887891   3.0681594915445047   0.8991267500706783
3.9116717567097368   3.5512521190940483   2.0500443142731672
0.11290834840647596   0.6840359030047309   3.037287778891564
4.207590730212143   0.5787275575822153   4.529385116007561
5.057010058348917   3.3944534791916676   1.636069199737051
1.258559503871321   0.05112489162293965   0.5503892418528866
2.407892729278053   3.232904116194881   3.9081068397003906
4.283750592875766   1.2218833016136936   3.6992249961788315
2.9241373920051763   1.758688326904526   3.072305297537832
3.14320097023959   0.7386817490679749   3.559272792754652
1.6368888256627796   3.5431424658524238   2.463497836364198
1.9002733287226734   1.7935400283726346   2.42771405229329
2.3186666352599667   0.6179183241504685   3.7400188986437968
0.5248212894087385   1.7820441069893462   2.182481050950549
2.5942531105959636   3.8015664715611903   1.2726020102216786
0.9925471808451161   2.575083754082783   4.176168711080461
