1.947871260606123   1.4134676448119108   0.4437124493617
1.9187997782985653   1.8228978760101684   0.6626448977562864
1.6851588591779274   3.783574533369003   2.9884236341184693
5.25716092542798   2.370667087065612   2.0367298568836927
4.069175430438733   2.2475165473813346   0.3232204932070063
0.9793760052667387   3.0891619030631143   3.57533156862217
1.3622695878283297   2.252814875951861   5.659014083563404
2.404393562479322   2.7225754486868627   0.3133549908998877
4.132243318814212   2.846350301896605   3.8987807349263415
5.270537936411019   0.5094949632814885   4.888561660114714
2.53579072996749   1.1231523840448157   2.7676888931230064
0.6484993392221197   0.9625384881643417   0.6113629245143698
4.697739318805658   2.434163502960504   0.06380138619576539
2.877543137104666   3.2576147249322154   2.385719430112383
2.151896160122049   4.337806627524287   5.814084765844815
0.23459018827920336   4.786085315745745   1.602218489170074
3.2177048929024   4.586255377014158   5.47218095678243
4.608081535688421   0.9256797354879898   1.2669318658017172
3.4721375241145798   2.1785216736182735   3.3969794022502753
2.9172934853246004   0.2701438439750002   3.7686897851138843
2.5901867184720326   4.128567398391763   2.5885173980681855
0.41506871888085645   4.02030639233518   4.773166316176694
4.856004360925211   4.3582628267831245   4.282322034475729
0.34053423784221915   3.8516788221771434   4.7061772838716704
1.0361609573039707   4.586277804104638   0.09191092419574406
4.643713914209917   1.728163232510504   0.44637867063940617
4.475342326917174   3.9427740675420675   1.2171201855079228
0.3250581247938821   3.2870792622148777   2.1984235054011756
4.088991210179157   4.834271389344294   1.3474477131049123
4.2000895028442   3.6921247002839217   4.069736493434624
4.651319502419367   3.688535149321113   4.294582417758023
1.4551051760754752   4.07713692194549   6.024646506398923
2.8666884002018858   2.959320932523211   5.649337096905377
3.5206463458631396   0.32769416802959184   4.142844445949426
0.9270052944778875   2.704482490294142   3.4995518237768293
4.0207088012852745   5.260571300485466   3.985365410665935
0.023016236900183257   3.6619119632446084   4.646198958729979
2.5400213090417405   2.062420814883969   4.722582688068167
0.4989202073383132   1.9168195962180672   5.247997324140682
2.829814407704595   1.7795554710953427   1.9061913268297637
1.8880542353472158   3.3516755218092427   3.24900610014702
0.11950515313266119   5.1486774415352805   1.5967372993029896
0.2661904303414224   0.2798592732501162   4.4638277896135605
3.157266402548434   1.0980899762649323   3.9844508678418538
3.384805974164953   1.491300719955056   4.8107110305831595
0.7548527910923017   5.00152717964319   0.2646942348855914
3.9750200942106466   4.3507501624283345   2.32171283178758
3.9591954016491195   2.0545923648701314   0.4374946956566531
2.850155083839069   3.681987250144462   5.268203521692699
2.720613524480193   5.05090762608906   0.6475286872261148
1.942343519284241   0.011761805480023035   1.8599518646052182
3.140840281646775   0.7004641147067711   4.564728500337909
2.4304752966079586   4.851799063918504   1.0687439500656808
1.030031598128243   1.2795567457100705   1.0371036170188597
2.5683273107386424   0.08664546015338509   3.838211165783032
3.683322208609532   2.301747575268624   3.4162988564141514
4.590353181591732   5.134876819186408   0.35691385547516313
1.1056646269422155   0.9462677037195301   3.9762444126107814
1.2863663414360724   3.5312696394319047   3.6808654537660477
5.092539253778196   3.0795315323242485   2.654600504962209
1.5139509240303384   1.4889683972108854   4.010783791620978
0.3746221546807579   3.105515690346055   2.2573804973710088
3.684167376320945   3.660587575906471   0.5499385915422341
1.9127314436163128   2.7071796992009167   4.340546520694322
