3.267408836927377   0.5996772084636672   0.8098214327463688
0.6161606828180715   1.6826310530233948   1.6019155760559027
3.9906453333383967   4.394549517101613   0.06215685469293519
4.932846360473775   4.36032035274855   3.676579034301873
2.05697471091083   4.872980473455216   0.4123105277808179
1.667698191623091   0.070384078156561   3.393132607996504
0.19690246784760468   2.573313119225263   4.863480327448796
3.0286484370386355   4.917473645611748   1.1286576475469043
0.1927016996118759   4.621345216699701   5.524256096735255
0.38064537913911245   3.6785643685464575   0.9736183864878978
0.33313153901478154   0.02145286157779991   4.775404931698658
1.0159455093780987   3.158925839360509   1.1975737046441493
3.947424673811558   1.7171038682883533   5.6214300859205055
0.1787818521799885   1.122608531026633   2.674949417429128
2.4415303891661924   1.6186149062155895   0.8277611423430049
0.8594092770204969   4.906806233821899   0.8721628444150371
0.2187058288247135   0.40278640135880167   4.441332495618529
3.44773657473414   2.9487520502052136   1.5437491670148553
2.897936736547585   2.8804573719579585   1.153106779768498
3.1089473010144757   2.0787757452043247   1.8289554018932308
1.8396433763675915   1.689498541178133   0.08532022594292668
0.7837769573047513   3.695938838381331   3.7526172865426246
1.100736417992456   5.192716417058786   4.156481101307463
1.081033725603373   1.4982108064376192   1.7614882346871126
4.690655955053774   5.0359286010491555   5.961917669511725
4.381900650879789   0.38298189960428347   0.9196269984901723
1.7726937816210846   3.6467672021627564   1.4291436643136552
4.726947697361784   1.317366995606078   1.990120577633353
2.5524666113618357   4.520869395543956   2.2166042193314506
5.255426644695646   2.279766299501643   2.3156232180704652
3.2118524333700065   1.5028653974492165   2.296863049309093
3.6189400242798033   0.8854980590365997   0.14532720241224573
1.572403143884778   2.8776565548257347   5.122056702373737
5.0568459405607715   1.0525770196100224   5.314997635279616
4.904493295541991   2.8743016099913645   1.0767469501093279
4.123586844391404   2.608969110474406   4.755965018711838
4.723560388679165   2.277482123706467   3.049434867471605
2.598579562358039   2.301122857860412   4.481534745386057
2.0674278112714486   2.98426963030075   5.6977097065453135
2.6384888088762524   0.7552108879035049   0.03420617699867437
1.9469045047285418   1.0826059410888096   1.0649718519274267
4.436151815861161   0.9616001106313402   1.9740518779809246
3.6262248093563922   4.251150308129043   5.937926233884311
4.757900089830406   0.4227535164326067   4.276322132339895
0.03271254591076789   1.6552378918597763   5.733216241105443
4.576933747933296   4.047100367658259   4.354838831640352
2.130618849538984   5.190723394325316   0.27503539505079344
1.3999085154131015   4.272916340370319   4.207187028346433
1.5028786689221938   2.029093902509531   0.5311210548517734
3.4705549588806703   3.1826784203373624   1.6235348220424242
0.11813533363595674   3.5647681607194484   4.383539013566221
3.7665493005705204   0.2259766525972864   4.942736581265896
3.6199044608646416   3.5553655802131074   1.256380931208109
0.8759426337251954   0.8715957457241983   1.4637198385058852
2.840542238248726   3.690074822329228   4.077776845547076
4.887958556041522   0.5768916215729599   4.3958085786392465
0.8811839214334305   0.22797702931640118   3.530510539083323
3.0923407113879433   0.04186230153251441   3.895123575753094
0.6787751272477917   4.127380900144295   1.0445857655202175
1.9713951346194691   0.6792382112581629   3.641380431245249
1.007729017272582   2.4669362289619357   5.088770485594479
0.5614787424367145   2.9781913820095576   1.335303263761373
2.848504694336948   4.298281748599093   1.7326084479353132
0.8746965493330568   1.9573740778249544   4.635040719192603
