1.3440368450612306   0.9431161530310754   1.639445534757449
2.004192634110907   2.615682541404161   1.8033122949894134
1.0702173861519086   3.6278212798387264   2.7888701459618863
4.929107330895637   1.7856920712250486   1.6013866010991578
4.278875197601847   3.1642060897834363   6.067768591253472
1.2145602739392722   3.2935041432252734   2.815618721353733
0.8713823623062905   2.5983259756866106   4.862039616478269
3.400555488239917   2.1163831097647683   0.5986838145261547
4.314794716057748   4.125339147023733   3.7803608728527807
5.044354739650781   1.5642576761568452   4.9875088563254035
2.3564839683267236   5.024343301878174   2.0394268009878966
5.046893713110744   0.6629557575591162   0.8969158499482344
3.9775833348472   3.24125975863919   6.226556180158225
3.2636761747117204   1.3274414566180555   1.7557917996995358
2.2446073371315243   3.6517116652341404   5.923842685338367
5.055874965874942   5.247138605621357   1.0449666349293771
3.481763124945773   4.111277955692494   5.509549957422713
4.533564570860956   0.5132350466850877   1.6833473883297594
2.971367124602447   2.9260101334584983   3.8067283690734577
3.370414823467713   0.18785564352607426   3.6552340673522643
3.3630036085366877   3.696897389358322   1.7049679375838722
1.8233501316174405   4.413193076022857   4.653870664103344
0.6168143051663757   5.118368245190555   3.7488537726323368
0.7563959526241087   4.011870800294071   5.024229699402786
1.449200894407043   5.148471452855642   5.630613422158089
3.9634032012416016   1.6484809248244827   0.2272482776721513
0.4281055236467115   4.924417367840362   0.6913550376593971
5.221325634664805   2.772554612989148   2.1057463196834214
3.785667500233006   5.138248001013562   0.23783964601428695
4.316501022035323   5.008479264363576   2.9414197798973714
4.888339079018836   4.75428418083802   3.897837784187062
2.2400513083332227   4.618088097518079   4.830729461369624
3.808606108763974   2.6714346799687343   0.1699743916676985
3.516031349926756   0.8875509346125401   4.965346141557583
0.7046223342148357   1.3524693929789642   4.029612835313261
3.9904198595025786   5.11900370789144   3.391046460238766
4.639542840417645   4.543784810998747   3.5984634833417504
2.212701007011681   1.7213396879013434   5.1860222568059156
1.5789597021830843   2.6656936819450965   5.209903027023688
1.558155433291753   2.0017768932155926   1.6551283047407865
1.884930550816502   3.0331072374802424   4.352230621987336
0.2591667733266922   0.6731966706151569   1.194812056247984
5.139084634415336   4.867923902655648   4.227718714615855
1.3739902241089816   0.5297824544971217   4.433196817172754
3.0859199660553145   1.1682610675791496   4.835672504672081
0.8307628243461527   5.059535850606111   0.5859637537318648
3.441791613547998   3.3254109240033234   1.785724469867973
2.6721034600533926   0.6304325479998789   0.38018513839081014
2.5989383842966847   3.9785196005783803   5.916437490194345
3.152528695500495   4.868511112992741   1.329326333389595
1.8435462133529708   4.9819668362849185   2.2571470578854433
4.648933876437771   0.2854540744573449   4.880903271077954
0.7519784637401725   4.357610168269437   1.7505090778307775
1.0004122853201016   1.4697176983725564   0.9154151486220656
2.677042878303196   0.17175956245616186   3.9462786040734144
2.78468413073577   1.8749812624835662   2.924159935847811
4.265262095357873   2.047916245353871   0.24858345673216756
2.0294054363308085   0.42486546822770227   2.8808796246244155
1.6055532986417236   3.8404145823812144   3.1088776015014417
4.863863286795787   2.7751224933214615   2.0938079489235193
1.2779959172708857   1.6968057459993924   4.220213042122551
0.3250535945234887   3.2151099554754428   2.5905563087174577
5.166602244094284   1.9730196853766944   1.3354391859208277
5.040731280734941   3.3304039833051453   5.2067282289593795
