3.253959254982446   0.7404977756307168   0.07891148436348061
1.2185819354131369   0.9665967008881023   1.7282374466462844
4.625107975110976   3.8781231908581963   6.098059744744615
5.182016863715899   3.5787685603303356   3.7492415447017002
2.246474507994648   3.757028176248433   0.5779293737867561
2.183269020768115   4.338293342806153   3.6986679352005853
0.03516731704282794   2.494452039277825   5.387461752082402
3.633572355146703   4.124347324572899   1.7317224957108794
0.5708134816518768   0.0897769630202987   4.873333808346797
0.07606650314525554   4.496657305079931   0.7295171868428979
0.4140515902930195   0.5618988055287837   4.519338944621382
1.4381676605113811   3.666189361423985   1.801649725151861
3.4402727749898347   1.9265372198238189   5.320814079466545
4.620759085213545   1.4177885253350813   2.378413860037213
1.8133844551714173   2.264572708880609   0.40057471701997155
1.0217116373649642   4.554220039627412   1.0180679219934752
0.5415442021221278   0.8257489350931067   4.226196693595367
3.027562842618329   2.8772737833275417   1.1368483680751333
3.5531503734038696   2.3026693230556967   1.9891412677853084
3.360656926447269   2.063804974577616   2.0746613799234144
2.6584609657172953   1.083803589680807   0.4167058702933643
0.4031447405620531   4.611721917045596   3.6109430079642353
1.3806191942405475   4.923685887540722   3.8458248396661388
1.7077733941395226   0.37533683724922356   1.8396070710181422
5.127758964917026   5.052390947250148   6.1953456088175525
4.323393497453139   0.06985563951427698   0.8091923195102488
1.6115356640727576   3.20619121719168   1.781701032365634
4.828095278530642   1.3681832063443269   2.3312485871726634
3.631741945797989   3.883049175402299   1.819704282942194
5.274932160040158   2.2462375646236286   2.3961084772164725
4.0819546806375735   1.2658672240342386   2.335723294059241
3.82252238722844   4.9577387459219775   6.202122994380848
1.1497588648802357   2.7005193611716036   5.300760341239352
0.09669328107334174   1.2015719687247532   5.663647067877503
4.5680589682523705   3.2653941126805925   1.6321955069007157
4.527664166225066   2.1661649180300584   4.831117934252627
3.7544447676668558   1.565371531170126   2.8666342514108525
2.4760729676500004   2.2610535463939843   4.909073815409071
2.1680997601355245   2.662416903847485   5.771785724083984
2.9508689415095364   0.9562764098478341   0.4026161248375054
2.0191527444653286   0.7464316064060665   1.3279745997186354
3.933015189865781   0.65569412698594   2.5661533190358075
4.426947646655077   4.7667817335892995   6.124773477265525
4.66409246933178   0.37210634512373764   4.076106899846508
5.01922067564995   1.315082779737557   5.476219239385739
0.06735604709526127   4.196483828024262   3.715842911123942
2.683714372248831   4.153859469367828   0.8202453218837651
0.5899929266554022   3.7575058590575656   3.897310330506199
2.1016876714082553   1.2481212706902007   0.7596492910639394
3.9972332202860015   3.4495207318187155   2.280510442697672
0.3817449445612622   3.3494800931168007   4.467975845694239
3.205164650096733   4.584569527453967   4.875086361914479
3.2995394375891713   3.527843789749942   1.7738772886261795
1.7869768401024793   0.20397291858293404   1.8376535283010909
3.4356362322227376   3.094003932698987   4.0411915504794
4.625158025715571   0.6961209856303221   4.170575568704599
2.481260522133454   5.005640460717544   3.5264278149779797
3.027799864547943   0.18706295364321815   3.9127492303036533
1.2397113382179894   4.214483084854965   1.449442216024101
1.3243184049929773   1.5351641450255171   4.199193593054316
0.9637826779199099   1.9543621653518448   4.500557950048268
0.6733192967300041   2.918884319670109   1.4871099151162492
1.4843430924912155   4.479114550997329   1.1595331118887555
1.032285993128403   2.123684422630819   4.643245806710772
