3.0589642937264787   0.28390873029848174   0.6200285802177924
1.3986115190943813   5.2458978567935555   1.3986673790945918
4.815969463710953   4.597258867688339   0.9218406983818482
4.5584729419873184   2.5601712246979096   4.60465007824208
2.7922015815202554   2.9152165069992586   0.7874923075998754
1.472013486171714   4.0895103989700665   3.568224168413447
4.500854870264087   3.7171152656064854   5.546337398460436
3.6951223103822777   4.004934859708467   2.5608839498512395
2.4741996284496905   4.3208653158568495   4.774829394544189
0.4648183711105394   4.601918868856884   0.14545869177604787
4.914842208005932   4.070081533436387   3.578615102452412
1.4270524547918162   3.4357713132305783   1.9682626441019928
2.9660074287687053   2.1573970456989513   5.344042123155973
5.238010096230729   1.9061601083675916   2.748525063209417
1.666263819965178   2.053658546280858   1.0177958218049183
0.10948345529567222   3.873281827579044   1.0550132441381892
5.015892265297243   0.7337620895118417   4.574133802931853
2.8830102310662853   3.137961157403889   0.894632387611833
2.540477566922817   2.4085460508294685   2.8335929625530447
2.4025540412582767   1.376513776304038   2.414593762218598
2.5194334590406506   4.871983126862255   0.37790535274898635
5.019142813442497   4.782947299561987   3.7099795990919535
3.214126976925683   3.760317079752618   3.504210089607588
1.9920110905468182   4.531197016720365   1.870829705523182
0.7910478344254223   4.863134525304214   0.8239383925886503
1.3603415514617638   0.6037420407298695   0.5754233939967744
0.7350631197339406   3.4273379775346666   1.793058096144726
5.24025899213951   1.3598900278309525   2.3327869015519633
4.307353256503529   3.9719819325773207   2.4708934331876966
3.934938968303777   1.94664975230158   2.655931639504663
3.5428073622768204   2.022665931145619   3.281337051939816
3.711236649189455   0.6027241037986407   5.251705623127363
1.9082786953854916   3.4623766693608835   5.11282374997554
0.16249144190053333   2.456538092097297   4.650522253677146
4.67745595262564   1.68526885971042   2.48573771724029
3.9576560976197146   0.963444455034446   5.089234061785757
3.2925287478161707   1.1414240212249156   3.2333261391458477
3.212731015545171   2.5427100959488236   5.2818546233961285
2.1359595624140764   2.4416925131146696   0.1899679403501129
3.011722406253992   1.5839902932860295   0.09383044342599156
1.534884286276609   1.7265531174667301   1.190207724859292
3.827323570036691   0.22472029334772015   2.542152012524162
3.7105029455637855   3.7513709066670122   5.749166627601477
0.37573996920143793   0.07856405696233809   3.6888963836943995
0.8420647936560094   0.9404754926048506   5.457868442966739
0.11963164019833705   0.019242390485466138   3.5349852231563617
3.5203611863172326   4.453266327059856   1.6770987618203623
0.005685026451614117   3.4178967889688194   4.88541665406897
2.3239278433901407   2.7293099096508224   0.1136921910607248
4.582302244571057   3.1781980341662943   2.5166873277611788
5.271694005250688   5.208492329407691   3.471705732992417
3.3421506016457814   4.760913272931121   5.050970275291161
3.7951205592278408   3.0140956132992303   1.461639376556394
0.8686431994871695   0.043565113758762486   1.1912792256112796
2.1301086288509143   4.114052890925873   4.231884832925615
5.027271003212661   0.29968801167283793   4.314993965531347
2.267715720500502   0.4369057989215934   3.1431513761532397
2.4914045274373877   0.21228503304947804   3.3993198993823732
5.2515209894377985   3.1742879969833813   1.8255213114554625
1.7928862170255702   0.6365306212326431   3.220634387297384
0.7488824018181762   1.7784086399272763   4.57956330477741
4.9369265149127335   2.8820709186471025   1.9531863592759595
0.8933827588387865   4.1348570721543725   0.5397905484046072
0.9141513097207276   2.896900257373521   4.763452632566426
