2.090176513941322   1.1911093653174298   2.1212569796127485
2.02834159877814   2.784764154908709   1.7791119433681666
1.3875637524963689   3.0918756522622406   2.5312856521914844
4.786387307994827   2.5724362052819134   1.128349111866417
4.072109737662724   3.6206285611416584   6.269081762330797
1.4144951149341773   3.507094163184657   2.1594108748224943
0.19109891381989552   2.327060414340154   4.768263133988806
3.7960923970478437   1.5024148634935615   0.17075576645566148
4.95506321015763   4.431477069876363   3.3133317277327556
5.259326189321061   1.774186871954091   5.438510478437541
2.2986487795816464   4.708516158591632   2.422751144814526
4.60423853040627   0.6611935947992849   1.507854971570871
3.7070460378628014   3.3680206904035694   0.2939087520292928
2.993587276388933   3.2404562990228634   2.777740959456636
2.9477800664772387   2.7464389718775215   5.809895545485737
5.155744198366009   0.6740987145387978   0.6755043629428709
2.608404931280378   4.17440248215448   5.64229666231909
3.2210329264530815   1.252169332582963   1.6345820563067435
4.3928830225746225   1.79284835174322   3.7565585049403856
2.5162012433000718   0.45319800379550285   2.9133852023256073
3.3659282633049634   3.9316646714642185   1.6356406446857528
1.4860246861473216   4.105569614935282   4.136321894862019
4.946955481060333   5.126901132470022   4.0878327424581204
5.0447343412319325   3.6590856482465224   5.185409224498452
0.8804990186333249   4.805823253243646   6.0507393583951625
4.027786320949102   1.5637739292180606   0.26969780498059054
0.24902487984090438   0.24167495435608788   0.8525627104750316
0.5964727218367422   2.873015362425096   1.0556455583743671
3.3463829892106944   0.1434808583878282   0.9487402324747934
4.5433208474087206   3.3297277193632384   3.359185810695037
0.09881398460537161   4.24000587806446   3.118686889100251
2.0815245836316607   4.717906746690446   5.438008749997678
4.581197770673054   4.14345351881863   0.17398287413628283
3.6789783925192237   4.93383032018984   4.224005034532048
0.5631464876386254   1.169551899706184   4.749333808455211
3.134009367105001   0.6454993663431141   3.782484314871059
5.082739958852334   5.279756759324349   3.9618499708330805
2.1194131359162127   2.5944174509790585   5.084711023107738
2.37676875898801   3.6233567365704125   5.571059210869008
2.3796845213697813   1.556246849311899   2.128930903990365
2.1655606029348595   2.9868014240562637   4.874141767557559
4.252239202785883   0.15425806364062977   1.6688009435601034
1.0642389752110295   0.6264989581465505   3.630140262484119
2.1524124099867707   1.7934855270623633   4.854419954118488
3.1521796118498395   1.5443562302554592   4.994594983525904
0.5194182133126335   0.563709572856733   0.47693922034410696
3.0179872478751095   2.1358541975019083   2.905951904391559
2.274983903322502   0.6270484933016716   0.0790869824338189
2.3407991698079433   4.424641818526667   5.267737258468427
4.125248439995678   4.178803759540162   0.9423158356189618
1.430456080981754   5.1057661651884   1.959689008498206
4.035494957716669   0.4437294256075385   4.815901538009022
0.12143703420269353   4.987948290121392   0.5984166628318726
0.8858119972359619   1.4475356260457688   0.8251312665056518
3.472673751747517   4.84608729947092   4.063729999787952
3.5782858123506456   2.632514194679534   3.4419821735025002
4.4764492747576705   1.3121052723127447   0.48777900939876095
1.492929657093404   1.0854851700621744   2.834054714244411
1.9628592882842932   3.6836027082405196   2.755232537284916
5.254504471040703   3.392042852461488   2.5536529179325735
0.9972264383417382   1.814141556945972   4.211880394737279
0.4921731061745631   3.600996062414343   2.551716417868775
4.4137970146091   2.4568534819726215   1.138821853491152
0.7782578722512143   3.710950770264308   5.916546234367024
