2.045449737897145   8.115840120905446   2.461151852416323
4.197961749258378   7.6709228514204355   3.592843939532087
5.035473137065677   7.725633905359857   3.2835614832473867
4.877664710323196   8.843356787990498   4.294948955517941
3.3066556694884746   7.631730315598531   0.18257505582574718
7.7362204876418135   1.6720409190711139   4.8180255662066065
7.209182083631504   8.380919285323468   3.493297776236636
3.0998524131631653   9.354835412744364   1.7425486316045484
8.52158053388403   3.3848905040190314   0.11418353596735503
5.019118944465384   4.9642002133702645   6.178226191749824
6.104075765285908   2.6542873938581812   3.845290396695241
2.0687843684514164   9.009953517290054   1.606258809676483
2.6787589649977352   1.2867409499904148   2.854407592119879
8.82778388890015   6.53464034003405   4.208800257652563
6.895943340886578   1.843095345308583   2.6767443350918154
3.050233540466208   6.43229209379154   1.601833551011901
8.517717149938646   7.861224859209792   3.8002730113270915
1.141363614734296   6.440536688080604   4.352460582090153
0.07488240448568459   5.988909766871271   5.713740713429052
9.36934364015777   2.853135501587915   5.90489165830553
6.452707935510461   9.235993825861835   2.7753919084671184
0.21282690349349886   7.33364987148197   4.919465507835084
4.443797297367563   0.9368766615647859   3.3275043202910584
7.306582805303273   9.235475478158937   1.237272673076912
7.258405998095062   7.556608626475517   5.848326656066445
3.9579719387774257   9.080563443902994   4.5311889606176985
0.11255133106565723   9.48559966198513   4.815615428038134
7.815659258536988   6.098349696165876   2.4897829830472102
9.285993176399904   8.335443702757724   3.743833523065295
2.345115665870865   0.29312001504703133   2.9654727882041376
6.273824737402947   7.423428425221064   2.9729730393948834
6.902599861476385   5.6634541156071   5.512618863079469
3.4524272395043765   4.4604449293267905   0.2036322891805431
6.1027210699589   8.388713463271856   5.049328834487996
8.639086652142115   0.12506627217957755   3.8007639460796097
0.3369432877923755   1.5242732119690725   5.176447946772947
2.2159269857137764   2.222066161228657   5.904430961061268
0.9306952801272653   7.701531265377188   2.840395263023526
8.202126863852069   8.933782595810031   1.7447160046626615
3.2878237771842485   0.2804684901382421   6.052475486807781
8.522714663306095   5.57342225671554   6.262738639379952
2.92291232913895   8.425595816987649   2.0249580556274953
7.994348472700356   4.508597400726406   4.370305314702446
3.7581170334440883   5.718555469950624   0.8205466280581741
9.200805295015439   4.114564082749501   3.7887024593618452
7.279987967871275   2.769871612888329   5.285937155661581
6.133289704153411   6.098365726225086   4.753389676078329
0.3004938962826801   4.786025018905323   0.12020577404174168
1.3185971990660899   3.677149264715542   5.043094429217903
9.220999343492366   0.9328966903982385   3.8959771431647203
5.51822307727153   9.736086658222595   4.770549442429983
2.8738047525105253   3.115198492212591   5.378809048104317
8.003062644701155   0.7375995426911478   3.904289861164985
1.35869369013338   9.544505821847938   5.708433155975002
1.3364657792741181   0.7530455665078442   0.669363507697979
2.1992955054794994   7.113367435764562   4.890771696435735
3.6781555113080766   2.7733041911296934   2.1074958667392956
6.610420014553424   4.432377552936381   2.8605404448184664
1.0943913786177437   2.214442623496521   5.4329691098656285
4.547712742758333   1.8245621959195704   4.927755809634734
6.760077545919626   3.6034144884791237   1.4435437985172532
2.3293755883638014   5.907239417618917   3.9847267902235752
4.6887561317127   3.084482784856567   0.8804167609435272
9.167301675545483   9.245414075362888   0.8363591993047652
