9.346537405931297   7.835854611297605   0.5976800632024066
3.526224784382598   1.3000074436518063   1.3353670076272657
5.805111139326332   8.155421922408411   2.345859009373941
3.8747540906132065   0.3421906010839339   2.4472316764230135
5.0898856627981885   8.68877748380206   3.096853419037438
7.357098972841223   5.500229046196701   0.8244663135668261
7.877321651837151   7.218269569560001   3.295001350723913
4.642551479006049   6.440358678950323   2.0927033932314805
9.596134062159669   4.359313394478078   1.4025151836510643
5.480315219068535   4.759181877832286   5.1287047664469885
8.541730913858391   0.27960710142010403   3.8974018637812757
3.3765586953458464   9.300866297842974   1.1637488406393155
2.6191151184471293   3.757420755353795   0.4128834137208672
0.22607373931748143   6.376045896322405   5.767192026090915
7.651547848742998   9.144723284262263   3.6171963967865355
3.7547013197127943   8.333834909992854   0.33890717991714003
1.578115037836241   1.2140441027969269   2.093119037088065
4.468432428088284   7.744759693774721   3.792524912648005
0.6635398847125062   8.684126024865064   6.210640109320111
3.6527494047607707   6.372678325507289   0.9282313486688633
7.035788062901309   6.742732156759207   1.8172216749878776
8.249681340139478   6.332791115811192   2.1930136422974007
5.902780358800859   1.5707880740956597   1.476553196039947
8.098318919945694   2.024992307914234   4.174343192301892
6.306386466115475   8.9518175372399   5.4660138713535344
6.403178682805576   0.5773473722647431   1.462444667485971
2.2272445324955092   7.474108206145308   5.1750641746977575
1.6900710740053526   6.773828915352723   2.254168275812923
8.897210308917076   8.59461490076096   5.082433994851776
1.4289149536187806   3.4412022767894093   5.1835333004559745
7.024792643154017   7.707355225545928   2.719565781770066
6.310176484663563   5.523105922456555   3.679271073356074
1.8397046687149292   4.622082264903804   5.824128283954709
9.269118217157246   6.725781141150477   4.158411577241472
1.3331534249661672   0.3236032710100693   6.066358475465229
0.9242052652567179   4.103168613613777   5.8513039523181005
5.518470369564072   3.5390834861431397   0.36189477447086826
2.495350221265632   9.543854121596068   4.40833011827735
5.59502203016075   0.7736791448319675   3.883881878746249
6.031310218581744   2.7460577867345974   4.077916016475605
8.53334355141985   2.9312988164550453   1.7487047823629849
7.542479117474326   0.6405741245951398   2.6692157699439214
4.013725561241234   2.1103802869795296   2.7762655518396766
0.4877420923478012   7.84004652444009   3.1896927600423486
0.7907964112627844   5.379432604603465   5.662232430752177
6.879035162272912   1.402534010315288   5.860962252295766
6.67245305806883   4.59731850691948   3.4175971283646547
3.1725913356832764   7.097814137832415   3.012847518889513
2.702636385570425   5.609979751617567   6.151425402685681
2.783792045426969   1.023666283853296   5.489958572710309
8.81080932809772   9.401381315174081   5.151364868584457
8.79369131974496   3.9921769919256125   4.895345319224822
8.496877098404651   1.2415506186651044   3.637599772231765
9.644532679044024   9.192533579074976   6.001960093745106
2.2732695285144   2.991976988234285   0.9095275520546365
4.280243159711499   9.187535243992292   0.2129440401924634
7.404501790635739   2.937594638279312   4.287547121817014
7.77473250530233   4.4273022575304095   3.2988065455531785
9.630672544656592   1.1524032975119414   0.12806571008448353
3.392592009312177   3.105077064450128   5.303455415393548
3.011141756859129   2.2506203838403573   4.411892756988106
0.6250964601732105   2.3567916746392794   1.8347198373105211
3.8880330535222183   5.01554366801998   3.567990240838851
1.8317630712318134   8.868394576483007   4.096162885635932
