7.303304536023168   6.820036201417328   6.118653310528894
2.4720575348308174   1.0336381513739554   1.907235039626493
4.94892958998785   8.38755041412997   3.249713326160182
1.871180220959241   3.3362149599883733   2.8206613220344945
6.193693576297182   2.3644978161057377   4.430890443824558
0.7252486526784121   7.836014754351248   6.274963103151373
1.4153676218693065   8.61060849554426   3.9823585915540822
4.746149525412007   7.180165060912034   4.0537492543543845
4.878976257344527   2.192239610762874   0.909543600138965
6.783234767251837   4.844422018177904   5.474441626392039
0.21276361335503768   8.760789523492535   3.9599314978587663
1.2988403001356286   6.560904522526504   1.3432894418584853
4.219391583545425   3.902291462670431   0.4492002451890277
7.266504470470708   5.775542717985019   1.9279491525350199
4.497430927379253   0.8266815673053713   3.331785781318903
3.293974421052285   0.7561023887730165   5.133563958983976
1.9432515681615812   0.008716909978403575   2.807049332608159
3.2442678222800287   4.80729574000698   6.0686304824015425
0.9654133241995069   3.538994743168133   0.2678121941839544
2.653845999391454   5.843335138083366   0.6824722929398388
4.298723110232901   4.704666000118027   1.968467814362279
1.6747319898249329   5.618613216215037   2.0883648805252952
5.0857126557620305   0.20455909935548988   2.4121822600435094
9.78847948928629   2.5504480700351424   3.4898626921328546
4.1428698082830175   5.795885047787359   3.439474602946582
6.514412192713197   9.139519600977856   0.692518752506676
9.029403225474015   5.939838734599256   4.542884072701815
0.7779944291876697   4.943016460581119   2.3012620994227784
8.278579648125582   7.100476301245521   5.554030891544554
2.4569851422121456   4.025249974348829   5.052727706278294
9.21507157755127   4.750772992142964   4.253654428976402
8.567691219198831   3.7088501957969564   3.446756168584172
0.6108038636521007   0.8394025690060459   5.755701165369969
6.034226295702199   6.9152987763874645   0.8334449761834755
9.885052746289608   0.3228290609194714   0.6917201319155282
9.72393918759154   3.601115825929861   5.451098443498971
5.226003638788655   5.70087258805763   1.0539621937768822
1.8919352081013117   7.477433267589209   2.697896474413087
6.36840801636939   0.2611160798594206   4.248842799843993
6.757334859213908   3.7113844489063754   4.001627450185527
3.225830739438237   3.500318368811749   1.6738757341901398
7.446512044622939   8.610842730045842   3.6921453380948535
6.517808464161391   6.197306468695812   2.082282207305154
2.9747816778815204   6.755781779793479   3.427043364603454
9.82307670439285   7.5362440012867165   4.75939960592521
2.983418656182659   1.755322800099261   4.903244446165298
7.631812711085018   4.3324361942634   4.130658837955711
3.9964315840254456   9.313514263358764   1.7620607580530079
3.171809171504664   7.983344334095353   4.124329588336246
2.5761822030858874   9.278279167105714   6.259103580714591
1.194601221192253   9.512343372484434   3.709262534275563
5.815388000735978   3.980707156703665   5.024800778573785
7.565582383772955   7.729784579468571   0.014936821703831482
2.256097359759285   8.429420087838778   5.961816162606029
1.7310438467576106   2.1473769516792443   5.929183686408884
8.203534309813902   2.0457997880579413   4.449745268860403
7.351580473510911   2.691567927467707   5.003345923940265
9.839576934212468   5.912060047828266   5.148246903808802
1.4622851374761006   4.373400134555084   3.5066288463679856
8.43091541000956   2.8553175274370157   3.6223176718285597
4.270612348421976   2.8674305190544165   3.925257151964523
0.040682302278623794   1.669539971372267   2.415197029353581
5.663526235997908   1.6682813374986534   3.8462415036137774
8.208732962416018   9.004037947410913   3.468743618940287
