4.2712062761815455   3.2146033916457646   5.435225815382925
2.8738475733337103   1.5581713255987526   3.7083818068154644
7.625263495720356   1.1048466813274964   2.570871751294104
8.050331218788104   9.8129893844351   2.955264390283315
2.4195819001313117   6.873216801587505   3.981446201917145
2.5280231356284775   7.776519412815485   1.9847262424545744
9.5377279285448   9.022840328276287   1.998544126188188
3.218624051522084   0.7091235207869285   3.340496992828123
7.567537822673267   1.9116165527909579   3.9825090338195213
6.346271696160596   4.574751964482327   0.9536181113040023
6.119943207219684   3.1878173793505207   6.0731340879955455
9.88803244281677   4.722738751740982   0.9739018126492095
8.936007153978418   0.5353520685842001   5.665991165909409
9.461987216960871   5.426185323962514   2.046167410300063
3.511251077934378   2.4275987160092765   5.722842976878342
2.349788453498706   5.757357287712112   5.061681230592378
0.9123330708939852   0.6524786268027453   2.813738746955848
8.7892299176433   6.247003505565555   4.022839568481528
8.347108572336658   3.6278517245401862   6.268824262942984
4.25001547865835   0.8725470637540392   4.652308120652486
0.697429102491767   9.706893075946159   1.0465772503632287
1.911509239519121   4.8268163753776   2.506795899142025
6.1545802383504435   1.6851754927033857   2.6111959658873602
1.3557469211271145   1.8373112261020887   2.263360841148759
5.997229361052135   6.398291586395127   2.0790943158853756
3.2755403521425484   9.450396813043344   0.645703130836897
8.583097351807329   7.128708795175724   0.04520672890155639
5.505331537041307   3.9548385041247136   1.5865345240628181
4.021734054821823   0.03654322500283591   5.276976287302057
5.795656747275075   0.8327835216138396   5.424587612654584
9.792076559578883   8.193347468473311   0.06293782782544266
4.664212778412735   7.605726906736374   2.989312296197391
7.268487837903584   9.144020624985538   0.06155179071650263
4.372231824084355   2.4183866523215287   4.446023460893944
1.8539638544768597   1.1336452487851365   0.21291790045456332
9.302229894448553   4.072126737467236   6.256664996242774
5.728613035237657   7.331384396124769   4.295493400510292
7.9346693087016895   6.558844773176156   4.087868462288785
7.919090313396354   8.31412625160414   3.905808320841744
9.693647297909376   9.883770205019914   4.398199143922438
1.5012431561812016   3.7804659887811085   4.758152775722865
3.334398233447717   7.46924900400487   0.059085116196357035
4.976360542983499   6.317170940647227   0.9347791855542513
0.726445319912743   3.288684230999663   5.858151698553258
1.0286800531484988   7.803101242187374   5.214578850019759
4.593553252600046   9.109108379746928   2.613055705961386
6.807917693872379   6.728189218575103   6.132110971705741
5.644232708171075   8.391136580605293   0.6159313410946661
2.567831610695968   2.622518037510422   3.257313536583618
5.263645998734676   2.089959968571075   1.8608407668224585
2.3598882961799537   8.74886258480085   1.2806064675873186
4.175080960192075   5.819283163264488   5.646223303670112
9.48511097623333   3.063379125971824   0.8879286644017355
0.2978529790551262   5.535595381553711   2.6273314214256525
0.8500521958667484   4.534046851234853   6.184460076192805
7.7848368354373845   7.514904041987684   2.307130966482249
7.441063757266626   2.957022632468282   3.7206865302134693
8.859903769030424   2.118492936660125   0.41449627793425586
0.05989523577739825   6.5888994163805705   5.297964793450937
8.888306746923794   8.415448861816664   3.176438710473324
2.8945021652118488   3.946028392369492   0.9520619027990829
7.24589303419203   4.178573130390081   1.2271895946061027
4.726131082288563   4.932452437206207   5.021200203096167
7.954705116004833   4.648769644531259   1.2631057119770226
