1.609964796884055   8.792081969059698   1.9408652070320247
5.240160506910123   8.688586311695001   3.565878495012449
4.958447081490018   6.682128203218214   2.862083985403875
3.5563620929827753   8.993666007344919   4.420576184709977
2.655127098340423   7.885429157980305   0.0393095869641531
6.632378157225448   3.660951011015731   4.827176211520884
9.119961588478057   7.359399043028504   3.3009032120773525
2.597675899812937   8.752893604254751   1.5916655112479425
9.628511640828936   2.1442394384187486   1.3394111219578453
3.9438770771581146   5.163173950303452   0.14383419590894098
5.250428970200083   2.386597907975762   4.227956516486944
2.5112414254758493   9.821430412468262   2.433014345909838
4.4389739446745615   2.811053722667898   2.909794869357738
9.616956445801568   5.151233556095142   4.437998016572374
6.384785120585493   2.514169350985501   2.9597063340219525
3.933627332804225   6.915246547484181   1.6688677872897573
8.137131478654743   9.266348352729302   2.6068934770766408
2.167638098103036   5.874634267426469   4.109608456776764
0.1705172163590996   7.178792683760987   5.327898040762427
9.787977804357954   3.1022144754191907   0.36908769485546683
6.99424951832493   9.085341925606999   2.647920043332717
1.2605666636509336   7.072503053778675   3.794639818614831
5.332384873700105   9.538253005359575   3.1752632846325417
6.0416752924227675   0.22235258746998882   1.7184229959196875
6.1685989740685505   7.120180102091979   0.4172534535136906
5.115763232564651   1.4199610763943844   5.46003333695537
9.246939322859443   9.7128584901163   4.487280429079187
7.499520185520155   6.226121817808117   2.1728091346660214
8.663392274994282   6.414028801798398   4.163688414979481
2.746932144865851   0.7584545817167986   3.8113717017164683
7.433286166296348   7.987190710221663   2.4793729678869294
7.839410962860169   5.393223351866535   6.136630382917179
2.4761935556706476   3.4117746832484963   5.433562712987049
5.881579421262556   7.9360675679282355   5.459844215767102
7.950369077902506   0.31191996706529557   3.964551853542319
0.9530520125381752   1.547451381032408   4.482743338009656
3.8423196558459143   2.108444831993011   0.5607216586439251
1.1639731179115098   6.050237211263714   3.395155610198989
7.167040220073107   1.0706843593078799   1.88425820159246
3.6957525243612945   0.7937890513779311   0.6984395811084463
7.973755337829024   4.394729901025804   0.2837342251673339
4.244750890954483   9.479805442870548   2.081760737129778
8.71992815048409   3.002052814044095   4.241020446831444
2.9138611588853967   5.461635228535991   0.39230862689582313
0.1666710337855794   3.959641750064639   4.105634826568071
7.901860949201138   3.512377776462683   5.0864756657650005
6.820105973048389   5.513519186004746   4.066238610897362
1.1270208141014029   3.930653402066327   6.026397173939489
0.9436758441418716   5.168132340403782   5.11979882631354
9.549617552382639   1.2873538812552954   3.4929140260611535
6.220263850818067   9.335631389414546   4.3029149996751
0.7601791063914098   2.5840696548236646   5.278032722127181
7.9265921921646365   1.5068424764198933   3.3879468813303717
0.7295715959256104   9.496404299442679   5.879992952293882
1.8386555689052257   0.7751389427305293   1.1581031160249755
2.9274227225440317   6.587822099310514   5.632427557442741
3.5348613171904018   3.0362181374659327   2.42497313930763
6.835668553146074   4.531517564550216   3.229663183714432
2.7345695272999317   1.988548299124535   5.786185081423493
6.110979441016672   1.6634140429699094   5.856382539429993
5.492692048317465   5.110613685132019   1.4473701195821003
3.1789804962690815   4.468155812060861   3.332836476062903
5.663687458947499   3.9624349491698463   1.3935837463353558
0.2785014965991814   8.135155290592895   5.911612559490414
