9.644141391185672   7.96702793083477   0.21902541861685806
3.673998334277901   0.23380057235819254   1.7293791167087236
5.430689432542387   6.7825620688072545   2.2659446330737527
4.5367383194241215   9.945984163860155   2.6546376425365663
5.572705271355431   8.863350716433146   2.9588012229923586
8.045279028514601   6.127800918027165   1.4754967727699235
7.898698215139274   7.076505539476541   3.386288509350873
4.338862571615952   6.22608045920157   1.8058695899959476
9.62633077496482   4.878373053654213   1.5088953442578066
4.995442337769662   4.618869163662631   5.319011788664056
8.566470485957055   0.44368279938094   3.8484757444390962
3.3075826087721847   9.190512157533059   1.3287745576073235
2.6919033152064182   4.01862730094322   0.6019997400281215
0.38481694641789127   5.467824794400979   5.149763251502472
8.384577444458271   8.582556289194725   4.365767069122358
3.610614892740113   8.341653250585757   0.11369289211550393
0.9891422114501186   2.047637174140221   2.5076761542263064
4.478814137940081   7.723977927004895   4.250843805912505
0.5823684993972131   8.113782868866625   0.6810003049384205
3.34953110743972   5.857166609926566   0.9871456164216191
6.814127554455596   6.795837019800432   2.2137633788175552
9.050358989426293   6.0113230551667005   2.538477114758696
5.015087562791911   1.8807514198965183   1.6305528475657176
7.761037318437589   1.0564770094554503   3.697311011189801
6.753061046168563   8.707443322845918   5.24556529567624
6.722961127468168   0.7796021592565225   1.4545874507930725
3.06212497800228   7.722261740734964   4.672147754857157
1.6575368555937398   5.742692274391049   2.0763017798272836
9.247929331720336   8.929843261831078   5.3442759259382795
0.8214629622022978   3.4716956234885417   4.91363053449371
7.306241586609133   8.060780297868142   2.763325835175843
6.740053046645637   5.6132815120699195   3.9810175058089574
2.8956364559686927   5.026760448850261   5.791596811449025
8.879967550205334   7.308358161455591   3.9692022012677426
0.6417227778205059   9.461320619948912   5.975874469622302
0.29882119840313137   4.212933159090814   6.002349044456651
5.752244808156556   3.8527422357986185   0.733447597524509
2.5987627090937586   9.655568493072067   4.899078874153798
5.6276474310481674   0.9772844181693294   4.2179620152979345
6.930082789053748   2.994063476583612   4.260363140109546
9.236887615329806   2.6436721451566028   2.1431145523049078
7.688239513694686   9.549520919218574   2.2899709725427226
4.800296811003246   3.134412346275728   2.8500338363184685
0.9907946271371878   6.771178022741438   2.6871016048629555
1.1323838269262456   4.4972307391597255   5.1031368702189415
7.067799036994733   1.7783837302284597   5.368376616187933
6.914292215055303   4.8084144226858445   3.213938759505852
3.591061791288135   7.07658841685024   2.909239320835016
2.2003809574548963   6.709588919227485   0.00029353543316340547
2.848286879846028   0.9046495669361406   5.685128802515993
8.525010188703058   9.513032654845064   4.962995457286822
9.629910026248057   3.619777021496778   4.316217355656341
8.977660361347489   1.5491445719471078   3.6392431305692496
9.490333974573712   9.789560700449568   5.71190209905371
2.732214585455439   2.9082554455191247   1.0373051896434777
4.6321873093286925   8.642893681057602   0.4747099917689491
8.197701007303534   2.0756343907332098   4.095877018979311
7.738913564513585   3.6080517954544633   3.672450198347187
0.06777561139198962   1.6814887478133935   0.09789563970991598
3.9258707200488203   3.7090777444928955   5.465764519910495
2.3349354855340407   2.124867752282535   4.263096980292215
1.6447101856383988   2.733610895738397   1.5894308983740906
4.129639647753777   4.5562650234927355   3.5628215666089993
1.6641334268698094   9.545438207725233   4.132124045280175
