8.84677553459993   6.90692198458304   6.154211562920457
4.111884397040035   1.5417658659489264   1.4757818494292738
4.96092946595042   7.849792690025457   2.6447015125953905
3.6194847363685683   9.870477310475206   2.8010541212579794
5.838551820982157   7.086191728335534   3.4705449071836307
9.153788578652106   5.078657579920768   0.30697934361733914
6.733311812137212   8.215830078432566   3.6643681572571944
3.962102033514906   5.775354951499158   1.6223362084974715
0.835494134609707   3.729808376138207   1.3089423747149065
4.444981334631161   3.868582672459107   5.449803632476916
8.172485530309624   1.351276979589915   3.86228019450703
2.3925050325177617   9.227406081494513   1.2706284368880367
3.232398560042648   3.7038363045050295   0.6656711201708491
0.22508268100266388   5.570925506315417   5.759572757040751
6.471334156988888   9.092916803294687   3.6924049489679196
2.7484232670092497   7.653050262126667   0.651273817772415
1.3495804533443492   1.939411098338115   2.0482183084381163
4.109808713118356   7.724659438592398   4.660035061886117
1.379553421008576   9.52408273475829   0.7876612291733709
2.9398817180355286   5.8202290185685195   0.11387125550003407
6.964436303806258   6.972032811897028   1.7737514258938583
8.336516076341896   5.7092644328733275   1.8937233619350244
5.14971482194732   2.051031160076621   1.0577570881256944
7.6467435463877935   2.0834855941520525   4.3834757168864895
5.205745578720799   9.174341674730854   5.644555994161799
6.990747713101554   1.3596386960401503   1.5672061717167092
2.3852190599999004   6.7955508509308205   5.067815218116981
1.2490661687496232   5.7598326330055   2.8125489424042756
7.533085016633624   8.453656364351113   5.34998262966245
2.1033544294251416   3.909994897159271   5.204374673309676
4.604462736438113   6.701369900688793   2.983192666124637
6.515725913216855   4.394954313583017   3.5018577369715373
1.364677721979769   4.921052144983142   5.727651975413982
7.852575693800463   7.323976634226268   3.669536306753809
0.22343481997082393   0.7344264571574721   0.3117860003195409
9.957961652735206   4.40093039719204   5.596614994592249
5.710007384874969   3.6968222402371724   0.5014478949489332
2.0377510834014796   0.6991453192949091   4.4580061793688275
5.358083457507363   0.573543572484783   3.9263286271705065
6.027536147713884   2.517533394480774   4.463780430632117
9.543168881695399   3.483586849056694   2.531405184562012
7.288348440066045   0.006531438149920632   3.004501866303737
4.9647537728335775   3.125036757008331   3.03553427754615
0.6937344123826613   6.894003127271926   3.3528643941194627
9.15431006809003   6.132858665715349   5.337698821444347
5.963480082353744   1.634144588468077   6.085435911509765
7.317357055321315   4.289386274513943   2.6395788499414463
3.4249950167822547   6.715509329395525   2.993265268485744
2.3819657201841005   5.068499303772666   0.21229649722310334
2.810068847559174   0.2972527268942656   5.736790340867825
8.442743014383876   0.23946338289846808   4.759709589190159
8.541297901999213   4.315857148862624   5.090565674733906
7.522279912838357   3.347516307368901   2.872751828692267
9.549534001052374   8.861323254784292   5.750938537115709
1.776120377687091   2.9505011281678972   0.896845328828811
4.445003674087474   9.8705175188218   5.971168183842573
6.636966548598327   3.246441327794239   4.752476110292437
6.255117919512461   5.808263236929571   3.2035973527284884
9.21200946398145   1.6784214547923892   6.221526064693494
3.4244291094070114   2.505021652363646   4.671367769988024
2.5934669764901983   1.713971583095868   4.711002433765763
0.24674625070719958   2.9200384678229936   1.8284936318064777
4.808497429971988   5.023507471751153   3.3976366156347604
1.2634321449720538   8.114768888762654   3.9085170835484377
