7.39083433336653   7.788954166326372   0.7834728973228343
3.2017750040714024   1.4958701547242725   1.4426492214282032
6.18935350938837   8.780735668871404   1.7463813728372442
2.1818319052505735   2.000803044225752   3.2402908112943023
7.437178605578572   5.588837014278843   4.591313641391263
0.16623162968504224   5.964727789330399   0.6377024947906068
8.05731869935282   9.654513026529155   3.2961550980054235
5.690547973517303   6.647408638958695   3.352312221295115
4.469532378080624   3.310401315872539   1.1094809590296124
5.848321075627265   3.429868362072954   5.438854078858114
8.72496297168083   7.185064836116282   3.5797315443803757
0.4607519852036645   0.31034403973290337   0.771688334633192
3.760338170833137   4.02399029255961   0.5196092035146505
7.217576669358648   4.254726866472244   0.7977380527691847
8.646803799453517   8.123850661239235   3.542658251565478
3.656911255134758   7.579702342337602   5.526739973821631
2.1474455446754526   1.08665439187773   2.2549084217035107
2.336983072212796   8.061814928895448   5.894184349878781
1.407556348496475   4.322071132610102   0.70009203857042
2.741995767038432   4.2431205103425915   5.829985479298284
6.020867387756781   5.605727060819028   1.7439339079186271
0.9853823969495851   6.474692017168631   2.059475506123058
5.031605685715201   1.4998100114590645   2.90348917047316
9.322346548347491   3.0094181978055876   3.478422249753773
4.515632319873134   5.822892803418144   5.043888135703264
8.325808462866467   0.8118343296491005   0.1586539482579955
9.478689882110068   5.3550994937427685   3.8648303514243922
0.2195641087525958   4.797071780125143   1.3734876830142397
7.873827578752403   6.85339360579181   5.67759688775081
3.542688159706743   5.925654780428374   4.958176178405587
2.5701043098002714   9.291808618042307   3.825281874272535
7.092598853294653   3.4220689874433217   2.587540248295969
0.030087777528116866   1.0611632517258673   0.293091677207382
7.048162977075401   6.653746824157039   0.10470129284803141
9.173301269318182   0.5703263125536746   0.17656286696193327
0.23780155509030004   2.676662982075039   4.4968493521541735
5.157494084284183   4.570945293019612   5.970630685913107
4.270046943930654   8.203722537211096   4.128818356420863
6.320716573267948   0.5522801309910026   3.785356581007487
7.041067024246666   1.6279194708682478   4.343900021907512
3.499625827990517   2.9075777275901773   2.2722807195082444
0.5421534887586983   9.01268320857609   3.552996006126175
6.492263173927654   4.656659077536043   3.8383523789387257
1.2914593937805723   7.430912709738494   3.538194462236394
9.504161873175887   7.425305244756477   4.343896535723434
4.75058083807809   0.5995279462697801   5.1491453667250315
8.122873563190131   4.185335742325215   3.290247587546563
5.1590594587566025   9.081393438794024   2.1119484429845214
5.605909563158199   7.793262095793626   5.81568293225
2.962949615989663   0.07809072787537374   5.936279214522276
0.26624330208751584   1.8589584385580544   3.276352177712014
6.869431591134001   2.4763762016506705   5.89227940190662
7.063566647030957   0.07223802196517148   6.219454252009839
2.0541049185134534   0.23033448275792506   4.560754428526621
4.031343214693191   1.425072178483111   4.975470211490713
5.92118741062504   9.632647454294467   5.507428714137517
5.904144030168758   1.4946247462784374   5.272412011068489
8.346148179680092   5.2028974169568185   2.6044648206051773
1.9724036714862785   3.405667407121019   1.4921332944141164
0.8412481561177467   3.324084107698206   4.1006482934258734
4.4393197528624   2.1883040456022074   4.156430452813795
8.233943991762974   2.8819314466099595   0.9001010078372746
5.56536584122174   2.6429997008210995   4.188967132528458
1.186202998883381   5.30847011044595   3.478308671207693
