7.945674318082443   3.144100198977697   0.8299246264559289
3.8646075695225184   0.687589937625494   0.06552759780780676
2.3888581716469224   5.925796695393424   5.267317878962538
9.55317785822417   1.2132538870524652   4.749148459066969
9.416078021239349   2.7383657748110743   0.47145769880162414
9.542680065716338   9.517852730215925   5.445494534416382
5.5361639282729005   6.427943160889036   3.062399623854211
2.499828366805136   9.629206727071786   4.230935628019357
5.813382944673579   3.1786060824780833   1.1168991571063234
8.21466100346195   9.265276958138159   2.7827778008649906
0.6678513301090623   6.3722873649439835   1.262612109548667
6.8932811774329   3.847477030121568   4.62003730519358
4.509500169117185   1.5007311569966788   5.210359351725224
1.1811971252784517   4.744745201210929   5.733321399487919
5.5503342776961775   1.1790519676345141   0.0013053246763857218
9.358527361776382   7.2329726330185125   1.059462276030014
2.0970872789389308   1.3808573588305657   4.115217562902288
6.102042709259839   7.377209045932652   3.9358670026081777
4.675570022182295   7.599378364660613   4.771657613360642
7.543967492612078   0.29889531603502917   2.9977107386763877
7.833901083435026   2.2715632623984248   4.890908764852967
4.778044714553981   0.08015307572684088   6.186295798333397
6.242315369678584   4.412301880464717   1.101294971637727
2.8377803915971564   3.1161757737235893   2.7164202581465804
4.117804550709795   6.734935318880205   5.787558119050807
8.40390772252079   5.303574373494244   4.544781181504205
1.685588465623552   2.3152805372184417   1.6593356264987267
4.867163771201199   3.1124057536834213   3.4408014718966853
3.04438527326856   0.7747195888963424   3.4973338631130786
5.491050319948938   8.116654670857457   3.116806193623603
1.2854670455174215   5.64279185837814   4.632537641601195
0.8982646453367223   0.6739001130045225   3.486005897908434
5.158387419832   4.529215714888502   2.3384433430962104
0.38707795066870887   7.724377356820101   2.131576783602047
2.0152389508006903   3.9492328571116344   0.8212746380091327
3.7422140461733364   5.6087456903816335   1.5812323947459068
3.460668591359121   8.011467122011407   5.500109720425623
7.037299968205702   8.698262205420422   5.970444357255128
6.797243828211589   2.7682190208136164   1.9818500204806917
0.1569669810014735   5.178445362762013   0.7713440174004541
8.658376619482203   0.3613614555019866   4.035402398700886
1.3208329111491368   6.948642880869862   0.7270366427443831
3.6865321922985013   2.0314552896677482   2.220905887403316
9.515085843138785   4.235546472056332   3.904852153724172
9.094915319463322   5.980648659033704   3.2574333217649953
6.579904074762083   0.34631660779298606   4.652131079082399
8.716459953570215   3.773405448227565   1.0948748750451103
8.223319901022057   1.3262492331202047   2.2063814050010597
1.3900598374192512   3.359046744681068   2.1120894019738206
3.507629343571133   9.363594943522251   6.255323962867082
6.915162176162189   5.786909587186188   0.9321245081432576
2.069844648829812   7.518954365339239   1.1069234571455029
0.3566161525013341   3.332110106904414   5.4709112920672816
5.8160366950177185   5.477133426419404   4.375455053203346
6.118155074310929   9.420861381766384   3.135487474099886
3.243578180329721   6.873296727147267   4.488662215439758
6.513267099202013   1.240149106551634   2.487557692420475
4.278509009469673   8.819827170988516   2.6531380325126226
2.417339400425326   8.694597035015965   1.5878482471024995
1.4395551495692303   9.762182310478668   1.6295066085749534
5.277551963499164   9.053423061494069   2.2474502591055336
3.4816498058045147   3.812774258977444   4.3950702491935285
1.1872946371145274   1.5811471898027776   5.381704355024895
1.0381337325929532   8.86320087073073   0.2947852568298083
