8.01437094226459   3.694198085000803   2.623860417059616
1.2125061725882311   5.4504316978008935   3.5864844315910487
1.126338689179426   2.3008006399094576   2.0678636648134563
3.098429253817412   8.481658030728148   3.6332707944420988
4.692371719914881   2.4331927395112443   2.5978386215315354
8.622722426963906   9.011909000102847   5.086049601547747
5.820708988375562   0.9000742328519099   5.11954929173743
6.192786047509713   5.713136429524771   1.1808082926819037
5.897865516443697   3.3202804342724046   5.63800979629832
9.719333131615624   6.950010671169845   4.464893793829081
4.938525078764431   4.065800743034875   4.7518643554939475
5.955529387588033   8.999463647321297   5.363883185947737
4.205877153302209   1.6510252888471662   5.316772805375741
6.017594416565635   7.727554539210971   3.0796893644352954
5.718149817635552   4.449034118857085   0.5624591715151283
2.132503749618844   1.5114480989892325   1.4277341893687003
3.352412592000104   9.564183853264971   5.0727861131974405
0.4433048455235175   4.046431080985482   6.165426523132788
3.8544616346730516   6.376430255460491   6.093880416925967
2.297224015711725   3.805175375402509   3.6686643915025554
7.1296655695930955   9.706890479066622   5.011112549763182
6.906614813606549   7.054191041985435   2.388367209425555
0.2991056598340453   5.291631324069095   3.855239554310632
4.596853271355716   0.8289944059077794   5.4956978093619835
6.933188147554627   3.804345087522699   0.9458016621032971
1.2670555915044963   3.146162935475725   5.894686257095614
8.52258852849252   6.042613349505934   4.8057552802477055
7.826066946775878   5.260335871045001   0.6153240405240498
2.017852155289727   2.362915037502426   3.413401995819345
4.712714279764631   5.353976642703739   4.752710971825794
2.551112282327708   4.70939371292854   0.08461779396549558
0.6138068002507271   9.736461939018845   5.828101160989346
2.51720789912848   9.204197590233044   3.9426342069936533
7.794578714224743   1.9195562309730763   3.66885021177745
4.3108866327451505   8.836358409404342   1.173442524606008
8.675012983201636   5.127921623819837   0.6359674006343036
6.220157451669593   2.398155667989563   5.111537065144427
5.332894624981287   5.964796661578108   0.11583014815440787
2.2067178705649306   8.125875011275731   5.680084382592561
7.28375112030982   1.0093819914234572   2.18628399302869
1.2505418328508484   0.9047935504799666   4.115667183248276
1.7863993204134085   0.17303894784718454   0.5638331173479919
3.0482418252252033   0.6735905146928298   1.6337966567734679
7.7450088521821865   8.932212838877364   2.6338742731717177
8.987101783702249   2.276136583010066   4.27197410533804
3.9562903860638015   7.725695349269832   4.93066815301686
4.989524457156005   9.662526132902087   5.48458724924549
5.059544033233748   1.6579829580104168   1.3037934972701577
9.475829436443753   0.17934589425190522   0.9698880292817282
4.8485030425845075   7.346706506620274   3.8674603537045935
1.410668704884138   8.81776956121344   1.7250845310107508
7.335799262339059   2.7171186963471197   1.8436359608253232
3.295606121099553   4.188832654007489   2.4146255092622875
7.646388059600356   6.385071661270721   4.122639448480711
0.9551970905816963   7.998040817356536   4.448928972472951
2.4939530915410453   5.842854712301549   5.043018701573604
7.688117889331936   7.749719939351475   3.35429389772273
0.23934466149515218   1.8287639709410668   3.974915334092114
9.491251220056826   4.602031122634343   6.011215470598462
8.17359280880405   1.096488968547902   3.334273863876353
9.153869481199983   1.09722978750007   1.458866752394468
3.5457728596046483   3.094172078089612   4.618582270486825
0.17047838475239807   8.37098711988831   1.8999267168600074
2.883172976241542   7.371705900849051   3.8128063907942
