9.466526456994249   3.4368974843403435   1.6745170687058506
7.614024704713913   9.602524465650646   4.668565299958601
0.7922910715795523   5.796039459068803   4.864917809640967
1.0108413771862552   9.706068786515251   4.332106976137204
0.8796306672793751   1.1847817169021733   1.3497054357898506
9.241860012618611   8.503151574751747   4.10508596089849
3.3938629858076546   3.763192771699889   1.8760955323704946
5.476279951707807   1.4074837891925305   2.969664921704751
6.420928584333975   3.043247793984663   0.45731010027893365
9.392899597994028   0.31642189361525364   3.011678003884758
8.73614602800996   7.47616277774893   2.5403956765379845
5.6533037711842855   3.564029053893275   4.338972588981962
4.183023822992706   2.061923993709459   5.878938705387455
9.4871204704877   5.282207693627783   5.300430853254436
5.623208031399441   0.3272196606964023   0.05721303407547235
6.488657569060569   6.910861762032553   1.4973549980348864
2.9068971899937233   0.09371705670173214   3.4369065939182946
8.112542147348002   6.652566591741566   4.411680960391615
6.68830394469012   6.031318862461753   0.30422561069600773
6.329955177292294   9.125067261301144   2.8462011503334224
8.713767950980138   2.7077379798867236   5.638471483965374
4.617922855368042   9.369881601221794   5.797457496373325
8.168205859545514   3.8130937510856677   2.2643586786594954
4.538072564150159   3.1555795060085154   4.28126587314868
5.821719070291605   6.344417852548101   0.6335586346232269
8.924599459626682   4.378200352510537   4.118074730189169
0.5873066128941744   2.487126189345484   2.3916048114648123
6.5514926601128165   5.088835472638772   1.923552381810317
3.1946449749604606   2.684863191853236   4.305876150550854
2.0827881886051345   9.745954301902815   3.427411194239576
2.6451154603706257   4.9600631883886255   5.596407949580553
0.24791027295386636   9.23978904880903   3.2523718033337135
5.539400559106363   5.51397426574302   3.6880902174037242
9.440865833960427   6.609356277693872   2.040706938881202
2.2592745549491746   3.8264686801513395   1.9938615846234227
3.489837886125541   6.3602833432440455   1.9612547467451957
2.570092777250874   8.85941274345848   5.1864850882789915
5.042260628737122   8.510118091138748   4.942812672128698
6.996113986855467   4.124689936340111   2.0726052754349613
1.4903740456939158   5.258429944738243   0.45738774077543687
9.685945078551475   1.182910567496283   4.3627067056054125
0.9536451649181676   6.873187512832991   2.4018607346982503
5.013081412833589   2.2428558186479535   3.789359125334022
8.709883294906652   5.810715166040139   3.8099705416227803
7.6611936742352595   7.587004874588596   3.752670186891878
6.470104786575115   0.5304225471641344   4.143018204912949
1.3188587309770763   4.091692570040273   0.1298426109837026
7.381712189007728   2.8158475629294504   1.7210739786837348
9.573641214931731   2.5777199887261926   2.181141212018923
3.624048351808575   8.061429227825897   5.866041324551911
7.732374676338814   5.660567243783678   0.8490219267895573
1.5096457449649747   7.533122291973996   2.3324212290241193
0.365751765323935   4.015386277178166   0.9840213033632842
7.887605957971286   4.788387052772846   3.4767854899448256
4.046644810421156   7.251864873012925   3.1250015476664683
2.526285409846559   7.758493881915206   5.159709210276704
8.478052138607518   0.30295475119290904   3.1249340611235152
5.625864102276425   7.381519899678691   2.6543879918093007
1.2578552695088296   8.756295023647311   1.511186102161791
9.580107732193348   7.562212730401602   1.0943774671984474
4.352804845017001   1.107277814234141   2.6450645073058974
4.38723038263499   4.696460408062233   3.5353630948908705
3.3767126978243   0.9445494833705892   4.5227049062772995
0.5717221815126288   8.042666524790635   0.19137169947117777
