7.029513850106012   4.7303559907719395   2.599333918790023
3.4896492770343186   0.7964901997153446   5.190566159574356
3.059455277104124   3.525584446828176   4.684807246026066
0.9143916549720617   0.03931992457466282   3.267335340325827
8.98351915436656   5.083189317870504   0.2738593348669839
0.32730193332693225   7.937327110034743   4.875240898759373
3.7077535183322086   6.0169534685571096   1.727492443767217
9.655101068393177   0.6853644749182256   4.586626539262836
5.107869284677406   4.614516683178866   1.7620942994808348
8.563910678685154   1.0796869022510336   4.479546936285061
8.593465626177373   8.216268988166364   6.162888547730922
7.53070997920268   5.682835741996872   4.6619763352214445
4.334662932177226   1.2827079005222353   4.168864231099807
9.759893454933307   4.321427570581161   3.9177999204746046
7.615128976392176   3.496410928465341   1.545989553217776
7.44789529111244   7.245691305577217   1.9880107868426422
2.682015117594276   2.128698340712687   3.7760864642387606
7.9810590674783075   6.410771028136578   3.9719885487945046
5.804411259528158   0.8880519933379427   4.908690812897111
6.693009652975209   0.3091589721475954   2.713376724579827
8.354721944643961   2.956516037558245   4.072505575265158
4.634262416849761   9.081003914855145   5.296719347821884
5.512916644713392   7.097161842546115   1.3349426458418714
0.7156515221707114   1.569253799877366   3.0981172415616482
4.57437751672224   5.66296165150425   0.803905787014176
9.071856915168873   6.039691382259593   4.2005792399709865
4.231475920566353   4.595610615965391   1.665070868203536
5.899388598927267   4.085181337933867   4.636222762146235
3.9183654150702787   2.3138322790920345   4.153827734526847
5.378294484811239   8.459750290719759   2.2776814171027877
3.908351575930848   7.980498499852281   4.436871583876847
8.55560375991599   2.0780235644781846   4.13249315503581
5.038312878682458   3.7706185720735466   1.5070269442133561
9.56703564027718   7.023402747204962   2.841902046633994
1.6617587882559537   4.792435319392483   5.6754782692196
0.4859866229866179   5.0686478373829615   0.5800523011402483
2.977353393946021   8.210256581581849   5.287089845894292
6.699474373544666   9.198774664369896   0.19828444379249835
6.7701794627780005   3.7734571995961406   0.876626379262211
3.218958970266552   7.245831103391954   2.369917444560247
7.516722540277203   2.3008096413680046   4.173262280197944
1.7501623142753322   8.015029146708207   0.31728015654613256
3.950531030770663   3.665323916244838   2.9972078507181212
1.0254800672969242   3.7554445304870723   3.536312435637312
6.523453487697099   6.280232078123832   3.8822886385429376
5.481673137167016   1.8868289716368587   3.928639338799057
6.600643216924189   2.515577514134156   1.705528852765081
7.653081803362884   1.3838995545777326   2.48949148572277
9.211803669123615   3.2215951352766607   1.682869444842965
2.8420452714218527   9.070153761725837   1.186264132157445
6.803196551536339   8.061538967646253   1.8081443558572772
2.1522567782807878   5.6325128714723505   0.8322842743387378
0.23371252651470648   3.0106511075855065   5.123958781174061
5.783634031953041   5.649862788546352   3.663543528724639
4.906370424639708   0.12834951250326654   2.4561541925137167
2.8138026011454738   6.3736363053441245   3.8970958967772695
7.610782355451123   0.10422143206962742   2.777675121254341
3.585048816571948   9.606145051113497   3.359901009629688
1.0281938702571813   8.636165790855669   0.4806780680347964
1.7938284471559132   1.5218180055253254   1.448659970228113
4.560764589704482   7.420870164705178   1.8773351008970829
2.9802604803168613   5.503345488562199   2.81400963311678
2.305421440143278   2.985041630609283   4.546252643024094
1.1878605486548621   6.8378996267178636   6.0398836706106325
