0.20363061056938214   4.449717471667731   1.853870104057387
9.273309323203883   8.017683339313642   3.7574370164643414
0.4353041195386963   3.3593972325510335   1.8770312997273626
2.96812989630025   8.231234435917719   3.97029053603456
3.033609117619612   3.2666595814043116   2.264589084391473
8.3738805673742   8.029757876974335   6.232183925243985
6.4587188160886475   9.299668425827983   5.841503634751701
6.060138885917089   7.294806731903432   1.205842455945865
6.584800539489945   3.650268065996266   5.383073852759061
1.3371904464709317   8.414002945615762   4.3566369748763245
5.167177795783004   4.816649145180291   3.3685561828109676
6.893726082165035   7.1618449821005115   5.527828416698624
4.237358891746056   1.0795364258991431   5.70901864930292
5.441254159635928   8.575442648462731   3.0096608659850195
5.172985541643368   3.5383667474187575   0.5740780816479896
1.175907263014145   2.0172874386644564   1.9722481002108223
3.5134900459294913   0.39136823829875106   5.434882938681645
1.0994895522924826   4.055842075384903   0.30941507702106763
4.168356519749645   5.653470920049337   0.31980812684447835
1.5596265707909627   4.879702079155444   4.221725725360743
6.733532023200945   0.48738527157539036   5.148433868066498
7.305135477053027   5.283578917695081   2.8576050419240446
0.4449979240234967   7.556486820260645   3.758523034182928
4.491137248964847   2.5340419802431495   5.42408509271659
6.36069553486903   5.36300626803873   0.8346393601821656
1.2715739064193743   2.9608258014010547   5.278851790245924
8.35703098012476   5.953639379383831   4.788479429394542
8.877302744623098   3.8308253173315094   1.331894800276801
2.36536604400108   2.2408626395116378   3.4823128772725793
5.666958965189671   6.41179935333305   5.24856146314428
2.442941043211939   6.324615456848321   5.873684452408819
9.561710189547506   9.626346652201558   0.56356919899054
2.066435470837002   9.6057126313064   4.1978247008806235
8.156001089013152   3.108207288379998   4.280096648771038
4.213021127168462   8.155501396440332   0.47150290712783327
9.12002205277119   5.261132786891584   1.653623166723088
6.144056099680635   1.3741152318581105   5.1840952754532985
4.1254814092054435   7.278997945039382   1.4976585434703644
3.2667562763610203   5.203504819233892   0.17087212065937182
7.449295655723034   1.7870957182797005   2.4308629636072054
8.530751641536908   0.16906469481536368   3.457935180733695
1.9493085944464423   1.4488796443725418   0.01963213002961861
2.908332056587401   1.4856589548931716   2.124380484377026
7.977078125160976   7.123433634582684   3.652097343175448
9.012518799136576   2.5139973840597762   3.77026124615923
3.320398145887051   7.424503526743211   5.183676950872138
3.8847784296807535   9.43623020456015   5.883662325104212
5.274950558200675   0.8207971037775219   1.8578272170445973
9.0718836456197   1.359301015157477   1.2056769801501468
5.432855724095868   9.481296847626991   4.4311630432747915
2.3963438720308194   7.289184630600116   1.2101606054107574
6.504127682533783   2.3361191925891833   1.6923331243102722
2.824438164808078   4.371025631500943   2.548927854607757
7.515054545265235   4.356721806932134   4.434092811339998
0.8795742404461111   6.054178402830522   4.620622779328425
4.184700041705751   4.437485112123361   6.23640070040876
7.4462861235613635   8.881878656364952   3.281244084663672
0.3092191642985971   1.939709783451104   3.8787352982173418
0.17334571704910312   5.288079488402565   0.11677700867755247
7.765655483931768   0.6773637183978084   3.7063013061697756
0.7722933401320689   0.2946326410129406   1.3045698609418073
1.9798259712831272   3.7183393777692912   4.110492676746226
0.218782151256221   8.81355581451647   0.8712939344589326
2.4066812423630126   5.15112539588506   3.464187071703119
