9.227020166776066   5.336325255572339   1.0377701574937905
8.799749222323902   6.834167361734355   4.240927553287362
0.19135394782268006   4.8802947851939935   3.3518590676949263
4.979733326563581   0.03381489564698015   3.7973468219416566
2.1862075397093763   3.1097611990157112   1.8882446822001726
8.895666464337609   0.14567032885078035   0.0970013963024714
6.4278247789943395   6.397387615204022   5.7708790237243255
8.082729037865358   0.8201303428801869   0.5535584719342048
5.850662644638241   3.8683767298326646   5.685634812986997
1.537430924638702   8.635337499323441   3.760718421935993
5.986634564025303   5.552348107443242   2.8606793158960997
6.805973320913425   4.784532100524013   4.519436201212106
4.052951366002489   3.088763440781734   5.485244750937456
5.2213615822624435   8.05206655563459   3.3286853959255702
7.367059172526587   7.0146223109511645   5.90383052662907
1.1933605497204318   4.594628692313691   1.5441345951984526
3.6475218693929925   1.3815096235791582   3.9764542382791426
2.1501590662479777   6.687557582176032   5.75049821973004
5.636662474558201   4.7482758076679845   1.8092148857953898
4.122377408187807   7.109413791995542   4.465262516593843
8.096051906366974   1.933976194380493   5.4129417650159874
7.844198095198295   8.192277157883023   3.4794859989607825
1.6042919803186322   5.368437795394053   2.9856342212146503
5.578635977992957   2.796069964016682   3.814577585029678
7.74012323941718   5.25617011622506   0.6050537358219642
0.21989150859455248   3.237707069558725   5.264571319140682
9.741583313716513   6.834009189424269   1.601300361699546
6.598201695781311   2.689753639231247   2.0447425345174715
2.469856892167714   1.6525675197038794   4.48827547913903
5.03858826680891   6.809632447644613   0.49090617512191775
2.5367908057297837   5.898426105815815   5.417307139135955
0.02231007900026505   1.2411863966780294   0.3139665592283118
2.4488234404696976   7.534334242093721   0.3200295516982221
8.772585938532835   4.218791056323378   3.650960231715852
4.918075285977295   1.938620034774099   6.123678769731326
3.870990437953202   4.887184678402628   2.4289799123561138
3.1048428099956467   9.551766798467835   4.9224054948410725
4.722407359609209   5.126235989505036   1.3999451343319294
0.8106796500456617   6.95789584905721   0.6868959521800656
8.663991353014065   3.0853394761713284   2.012205301528306
6.907947304736909   0.42508213177253196   2.894721997039852
3.330522982703355   7.533654519624741   1.531861975531151
4.921474546391196   3.9564350498538623   1.886729495974433
9.672286092050102   8.223232063281039   4.041354551078163
6.923594796583757   3.7501062803942116   3.6829801642092908
3.7285618780622176   8.469569671935998   5.0586440375138855
3.1633788422476954   2.2307071126238065   5.773031819651897
3.0244015178597046   3.5099110364431434   1.2852077853527553
9.271458602548417   2.383846252420465   0.5385586577771166
5.929287012665473   0.31787636537972463   1.6656189552008733
6.24697987437723   7.49282483653504   5.331796150401693
5.852091657093391   1.9630969977334103   1.7886058348651435
2.6519773405999025   4.335277432359529   3.2334957600884695
7.637744003370323   3.1766654857884724   4.7388707939234935
0.5029367644178596   8.871829541140288   2.851784649793131
3.5478374618750603   6.345797169429314   5.1564540708583175
8.141604575893824   9.103257422337549   3.2818560234090493
6.786381492301297   8.407438097317165   3.6125709419995657
8.748061003064343   7.943608621364124   0.7187817559170698
1.9240211584661524   9.670236413453123   1.6707258021434326
1.0717843281522503   0.6057940621252196   2.319164465577799
1.858217984794634   4.010001891867467   4.315261924601236
0.3803670136558518   2.1024912801592897   5.694135165517017
1.1770522265619703   7.729586495712112   1.1226236016522015
