7.6554311671890245   3.541237096783942   1.740860241278795
9.356968725767468   8.254117608290937   5.185051837492814
2.727299621810281   6.735910636092747   4.410736751559072
3.112689898014333   9.465562672351407   4.093184646460774
0.5871655660316177   1.113450491878013   1.3384852970208914
8.356150841642942   8.967952600989516   4.619680755057442
5.143775435779289   3.517411795395008   2.0817630584003735
7.264183714332462   1.8548057284319008   2.3292665962564327
6.277409502814149   1.1679878712736065   0.38024297412393704
8.538108890515087   1.082190836532898   3.8698571921168075
7.779589357173618   6.949341020249657   1.641056284312882
6.214513793468192   3.0798577522441075   3.5328852665880333
3.704393553924791   0.909863471614359   5.440461447851902
1.8795602681145482   5.184745425371095   4.797258413656482
6.471704729881868   9.0892859605502   0.19293028444393936
6.040656387820968   6.00589473755582   1.3217637831265376
4.36834710829299   8.418750359857045   3.3994864412731394
8.5780587375199   7.830216060880234   4.3928676280959555
3.7816434320095214   5.079700985523198   0.44584311929633025
7.427654940755696   8.46143366205173   2.386894347625485
8.080738225258122   2.361938016227066   6.076389861152283
5.380339109879746   9.019495055989829   5.188563676606002
9.477524815635626   4.5096980837787575   1.5345939054653979
3.9123430501159127   3.4540110192039695   3.516955066847207
7.132512386468436   4.578060236697907   1.4182605627576825
9.763549413819566   3.0430716159042386   4.40121534890694
1.4379040347491976   3.5638286609096825   2.3644179091663284
5.272320816088987   4.503673512966318   1.5544314760264575
4.030652642756979   2.391047808168066   4.693340640791449
2.0570474772766696   9.128365536978627   3.351326759455726
4.682449939389068   5.929661686297654   0.20963980331978976
9.643779887314246   0.47978697190914354   4.26897194446216
4.036981476791672   6.8091079103002325   4.8596745561963575
0.38477805373560126   5.320151175466402   2.432927382923551
5.189382838475993   1.0689827142811794   3.562243122950075
2.8443411439206603   5.178901848374968   1.742972313217315
0.8509272966637407   0.23147324873566433   4.614041796729766
6.318478389059962   7.908225909765001   3.5580196324063915
8.653986614709805   4.400283815332896   2.3652887665787232
0.9330069399017986   4.473389526732724   1.2121620966704927
9.763967130025641   1.9909376196402477   4.235255341143899
1.803672772089333   6.3907472179232165   2.235036223150784
5.370603771526568   2.3184576864869815   3.7003982104050284
9.663541126395629   6.280839661837098   4.540095576073561
6.23775091543282   6.895374277881873   4.3972099090809955
5.691730119589727   0.25662478579708736   3.996869482915985
0.8477338835753185   2.49024182320119   0.3489414313770409
6.3593665350983395   2.0557139548728007   1.0867322483408732
8.853876833594196   3.120947464674669   1.0363041659963415
4.189780877264411   9.346668594244457   5.764957971271096
7.266870918642577   6.029768588785371   1.182499058312877
1.3276399869377515   7.590313041100638   2.2336684647750227
2.55706902463401   3.192869450475331   0.8844920428055808
8.153176149713017   5.8586697233780605   3.976027439466289
3.1598555937999526   8.115923677987093   3.603226949491441
2.151588730894371   7.417243805334878   5.462978793671645
7.718461180419895   0.21049712440368334   2.0862251990021363
4.982931473782821   6.768376339892609   3.3637583103305975
8.976302970055803   9.64906202405176   0.8328322846223142
0.7789547678652888   6.633015994199266   2.481800380692325
2.20779218500345   1.1052008774779214   3.771661233565461
2.199523005738725   4.036675507809263   4.690216756055122
2.252448207294346   2.3120578996910526   0.20873482059745876
0.4752246516922042   8.511641489932327   0.062225430797505865
