8.212989495577622   3.1081437339756213   1.1192448480589876
9.269349332796455   7.664692282438914   4.297750558287474
1.8920344665263695   6.442247516783838   4.438091826280911
0.7452284859597731   0.06480923059730392   4.301102906785518
0.7254015309823094   1.1327737431361944   1.823605587693866
8.99781427949806   0.1617906561980756   4.460377978018604
4.627600726660253   3.6148136401498414   1.781955496461285
6.1370460153624435   1.658170857687229   2.7966946733407103
5.610924585806514   0.15145101813405426   0.28924955241408834
9.002565087149309   1.4953767796172548   3.6195272417414945
8.155515406768606   7.647351019720672   1.7422865725067287
6.128340305801074   3.1745479481930876   4.289934112672439
5.256736900756738   1.183460896830252   5.403074714568451
1.2422450573487558   5.13366036825224   4.976447629721089
7.410773302262037   8.36259859865281   0.9197746877572112
7.247068389240923   6.891491731451936   1.731703859975608
4.680829990877502   9.76493919002472   2.9934254815874763
8.740297669875112   6.631038450913873   4.4405228961975505
5.816405503202013   5.094190612380967   0.19674619414934444
7.6589830063415505   9.195686237623862   2.8382755443877903
8.654363127459177   2.3362959717785414   5.945139461171895
6.364034001583047   8.589948162246062   5.021819726138496
8.112744570261956   4.461331424040491   2.4223370279776923
4.532410811129838   4.962538933225763   3.7282351834401295
6.7237471455024025   5.627406116566401   1.0533140069687383
9.738340671316593   4.723547115675555   3.9399819790192963
1.1244625003280035   2.010645403231492   2.198144844036671
5.705575502910631   4.218717167981231   1.8893100123248805
3.7819175884595566   2.9501101814739785   4.205275718607325
1.6697302732669952   9.392628349523555   3.1822962722933292
3.0351933544482206   4.802534242162101   0.15780269043504752
9.650023414159907   0.84667585388287   3.9633363063510085
3.5619172979259535   6.1422574408420765   4.491305875265871
9.701133971848597   5.594688223773074   1.9497418399943283
3.5225015636672654   1.9058184412340125   2.6282760939962464
2.618640315001048   5.812114004726958   2.064582123115625
1.0278206874118525   8.310767123440536   5.17160371098513
5.1056462863081915   8.071818789671209   4.3134839821228725
7.0311025356422165   3.9825427606388506   2.50304002718968
2.5076029234051096   3.922228780819473   0.5131229159686809
0.13813035531183726   2.055982041802103   4.533239444421496
0.8392861077045151   5.988242072005881   2.605903371167235
5.423688144952287   2.3254508151279114   3.3624955440911735
8.824777796125002   5.3002865271446655   4.381219166449998
5.537048711202258   6.963622021683818   4.46232683928874
6.8677378449132895   9.616591653477517   4.1689184472806
0.43684103290506493   3.245014062006262   5.978258008154678
7.354558117598134   2.982264153950746   0.8874322595995463
9.325594668700273   3.0891929421368225   1.3652567810024518
3.9072231091299225   8.569474064706682   5.6981341667433645
7.88691843373458   5.52137226393323   0.9740062930303691
1.7407588887291683   7.7483421180320695   2.523878729799007
1.5086032091876982   3.5995052298838837   1.112425173857459
7.285351449827953   4.835798794617983   3.653118152707227
3.858841158856243   7.644656818877518   3.21713289841052
2.553538140526596   7.1270414625320715   5.805235130040598
8.044337070927444   0.6971613630676989   2.456636366675722
5.994005756676697   6.2129689827476895   3.3731909105046567
9.78258419594844   9.246586755596796   0.8604004256664505
9.805620493961074   6.649538766201737   2.046726667576925
2.681199587499524   9.41314626785644   3.528606496265469
3.9088352243162823   4.311697825967123   3.7649121368564584
2.1899667155798497   1.3187109674931055   5.377305555784741
0.4901983526027796   7.426382785198513   0.15192206374095674
