8.50523321088792   4.502977458123941   1.8919852889523874
0.07390288635745143   9.788952843313234   5.823000832942133
3.1899512688698266   5.142565795201923   4.471928483893237
3.415252315022771   0.7565200030586241   4.318462583418506
0.9183118813289379   2.3603495750858414   0.8230097473017721
7.9606131359951675   0.16033361485240227   4.980737146505835
7.1776476023206435   4.447043108643279   1.0585401220061001
6.597642548166319   0.46015570567558184   0.7141990539363434
5.326048724261594   3.5787682667995844   5.9534901255576065
2.2106271572739904   8.525755755865365   2.9020356670615293
8.539645052411762   7.810417540702298   2.261154814124509
6.358124205223918   4.933302340291245   3.8873373697164277
2.9098949042528885   1.6096375496455078   5.874545271127566
1.5872311262406336   5.0517102991895095   4.339284260302382
6.341629649136628   7.948669279202746   6.003445077017723
4.392088832360607   6.190756660944667   1.391058448805518
3.041424384908213   8.712600552257713   3.9113441178403403
0.24057167630598358   5.931388902040614   4.745313671232115
4.086611139533165   4.977828485722672   0.5101599574337089
7.614224849840286   8.303896270977704   3.2384826140348983
7.815746822845362   2.324204675393338   0.34563352624952315
5.645880234463979   0.42484887267173876   4.409565039785542
9.418878291816654   4.32502058876813   1.6517406591637798
5.237012541611421   4.5139315003399325   3.4273684149384542
8.490455981232436   5.575121032324114   1.0221539330690301
0.036485634389108235   3.3892308456841955   4.135041889748301
1.7202051921250259   3.948304175337042   2.6269799103180302
7.782599550945273   3.620782156477543   1.1010905681238727
3.0447881212330725   3.3599900897916286   4.9733331227408675
8.878168361472985   8.73781410972218   1.396889708602755
3.476248700891708   6.027522546212417   6.244476819727246
0.08928810625634576   2.0378742762819897   4.629075045324015
2.7119260854858735   6.525767234297088   5.859754775829581
0.761463265730194   5.187037562411052   2.0787375033540587
5.374996493115449   1.5781556057191146   4.140918972727621
3.783368851095992   4.0732421277055915   2.3563788940231594
1.9364920857420742   0.5869532791870415   4.54993234204678
4.966666376422393   8.485465559800899   3.009250914771852
8.715360230711202   6.5732675007804495   1.8483310458457936
0.6786343548484572   4.156856338437902   0.8400758465466132
8.850306607321118   1.6712677312328923   4.478417297646999
1.720182476769185   6.343137254787628   1.9290658046005449
6.423982056108798   2.2651938130439047   3.194983078361301
0.5402998119236155   8.663274313046012   4.694840542232934
5.457491442750025   6.0627816859879555   4.865279703728547
3.6324148722255014   8.01624208991484   4.296969717648261
1.2663490345495836   3.182591976692073   0.15353692157154314
4.716354259232082   2.6982476971632092   0.6997780125487394
8.853238074215906   3.5827835815384232   0.7937697942181954
4.3380152817017406   9.08858611697839   6.2377280070647805
6.653711601788949   5.840109146686031   5.166888381663131
2.591514296551379   7.714371817841984   2.37812406043627
4.0597590480343175   2.057374969104612   1.880108477147744
9.347926123160148   5.261007755112001   4.006607788120291
2.369117074953336   9.47590484432077   3.3571847741681533
3.81976083490638   6.963169831996555   4.454741166018557
7.674993182967913   1.4357066055624452   1.3890129836160898
6.249995813676762   6.904546981249575   3.3729921265528975
9.014758676539664   0.4792024870042033   0.895885072415639
0.4413180885063013   7.0089395969917065   2.034757676921533
0.8179355626022122   0.9650143891992714   3.1982053831295527
2.0085132275771898   2.339813741746515   5.344756575380922
1.5102842254148174   1.6056183569140714   6.026375190781538
1.5622392876308724   7.676110028059093   0.3894665226115083
