7.409677842153322   5.685860177788345   1.6985331392848437
1.849874620684484   1.1722419131518975   5.135767453805076
2.052809219942477   5.145841438580268   3.158044089761932
0.1442071159542011   0.32743646461215614   2.928913857950587
1.4215573344886479   6.159167562349377   0.9722982018531352
4.549086827845699   8.101237081813142   4.7711910282859
3.1607245080333652   4.095464828479213   1.2005486541818187
0.3796355327297929   1.500781111584605   2.947807765725259
6.2764209610326755   6.4539242252067455   2.189527585692156
9.046208100012633   0.33390357626827283   5.43184820357262
6.646960568533575   8.766106360909749   5.91267271149331
8.555798119120558   5.364261204213426   4.05424606496909
3.1454365386037355   1.1678612194314886   3.342321803523784
7.594129988461336   4.82013562486713   3.026042573709884
0.25201091977986234   3.65855008432693   1.6929657044848343
6.206465205406607   9.620805594251413   1.877418250654025
4.398221954863417   1.1248454649493695   4.686777168724364
9.419346944048836   5.9531327768304845   3.744454602908561
7.18279078601761   9.582025077492915   4.27115117537885
7.785573720853243   1.9702386980137858   3.8114838479637596
9.13590315023062   3.202524204009095   4.628290904812827
3.6181069425444963   0.03650835116539239   4.757122772990981
6.347018176114958   5.441264870777896   4.666038175755046
0.08880267758318441   2.7008380350728816   4.2719835262549015
3.297856911205598   6.398432878954424   0.5496373845658982
7.067308387327896   7.136863421490444   5.129863209290506
2.3113918497961015   3.554387233941893   0.03479986962550326
6.547856958972179   3.4896227159380855   5.012284525604893
6.776126871257502   2.6177045756663895   5.598750381827939
9.571161193670534   8.398618351107148   2.537555139798378
6.246170795756965   7.366563176186117   3.6756118824226647
9.111446359883663   2.247626880839846   3.8771083454427306
3.783549682316523   7.183890084160643   2.137808623010691
8.545278262580975   7.540076234407598   1.6395539364627632
0.4596532317922497   7.512706202717371   2.8460489856681424
9.228479583064658   4.198173622226657   0.7837259179603847
4.055856319690302   8.864460958408092   0.18456176647465736
4.713771240032989   0.27537415151927613   0.043892464015493696
7.764037161811135   3.4847998172392614   6.069998031512581
2.9489022755439   7.476148741728032   4.227778411140657
4.110619872801747   2.159972126198002   3.7971163323406607
2.0328364882607164   7.670931640183705   1.9535279240809411
6.7245727796397325   4.355733834409052   3.5385985680285055
1.5398449610047762   3.1369680769698056   4.610304764509661
8.320360024818697   4.144268881322685   3.800517159429601
3.9058380699535196   3.2695634107170592   4.644120949079938
5.69560953987782   2.908318559742686   2.4259024758357612
8.015908672031923   0.3580303161139261   2.4144248603509086
9.229776773952079   1.4038927871926128   2.036091566471262
2.306496028576272   0.196455242350672   0.9080787898799492
9.380717099662707   6.824863356468304   2.2170444643141956
4.766815575818969   5.971674148388111   3.7193850626600033
1.095383931801131   4.426427169526308   6.169124157870405
8.036589457273015   6.763101542059715   4.699239190191044
5.259593797483695   8.83786477970689   2.826257688061656
2.340157478231925   6.72977840949535   4.9274405548710725
6.287436487289138   1.7679407134962364   2.630164799732616
3.6391919239500963   8.04317612589487   2.415946271233525
2.014950807465578   9.021806047175822   3.0779959811854836
1.3685298622411994   0.16331133487155353   0.748247054998847
3.616839278200841   5.339507799502543   0.9856794553277006
5.322426526328865   3.948527973146727   3.8216875216603783
1.1390218626819395   2.2085964232842508   2.477570016510361
1.1939024292137423   8.326662068059667   5.745213270876102
