8.674931729419566   0.42454609034124513   5.204879004445628
6.544763730986229   4.160917588342821   2.7848707392717214
1.0560219588320032   11.629604438168878   4.489377219319794
1.9977804853537382   0.49241045984969917   6.224769436399014
3.592503778299539   6.092087370565967   6.094048548685118
2.213257023005915   12.222582345276235   5.152915737083666
11.163108250805795   9.506743348511982   0.9124876072903157
10.976686350685062   13.4527329377588   2.3131969191509345
3.35411894960314   4.757645223936792   0.3880225909899135
0.08115584425028821   14.03378411455159   3.7529262194584225
6.21502653579281   11.621448368672976   2.06753858613265
2.500329686444887   13.482987017384861   5.953871117968291
9.335541549585727   4.3788684879388295   1.6796454531915204
2.783916300489725   7.313541563354248   3.972969198776942
8.381081067331179   1.4367541436914517   1.138177750848365
3.699763776267643   2.4807351006106657   0.555706284456248
8.306174040748711   7.186670956967683   4.230701086658734
4.982083582195518   7.02066658502951   3.05973158998208
14.029939226621446   7.416847307348375   3.4312790074669244
12.018512449738875   6.623651851321071   1.4691686595325733
12.741799548191459   8.535960090598026   1.2326045301100879
12.791095977580989   9.65937064706857   3.8573037487288104
6.935728528131062   14.04607792553229   3.21162650591191
4.523197744399032   9.797790426908024   0.023273554532455165
0.023753066533737766   1.783914492321168   5.125272525538114
0.19133043473349803   9.818756150947948   5.708993864208888
4.3214865362458825   8.56843508297977   0.6355001719960452
4.754546164176746   4.702279658042403   3.669954935125684
2.932386294444412   9.50351801926281   0.03606228047496263
0.6698529949036819   8.063333448202425   2.758138441739702
3.5884303786563296   13.663144169101987   0.5009889892190306
6.684156258831345   8.465290798998526   5.397726239836653
5.551375221876966   2.133250844682434   4.231325265361813
4.2333356940549765   0.8930451889799214   4.227979633085812
2.284593974269688   3.121174093269068   0.5914984408173153
13.531695157504508   12.861973930579252   3.2448677774723453
7.927124158826088   11.335214190430074   5.6933226466649
4.914089592870141   11.33181331932999   0.08427982250808785
13.339415531074279   1.8674647819700971   0.5446452273402236
11.559161588747125   11.194564761943068   0.16775275999898767
6.9214932778219955   12.709966661834688   4.493386568401942
5.595416500476554   8.070094735206915   2.286222615428551
0.7084553822775187   5.300176525674035   5.871880058461066
12.677334567802417   11.659656470770864   1.6143307972879635
4.96466458290523   5.867782712297957   5.002783011005314
13.2178746244975   3.980274569519978   3.088901494359563
12.128066649817937   3.713877315642564   1.5015742974866237
5.800130348131072   10.324773342048811   5.956890422773105
8.795050070598373   8.322078932432824   1.5222833272771705
6.326962111555531   7.1070538226708075   0.9927760622894141
1.8088387206585936   5.67305774566907   0.06030232510745334
12.132813948452538   0.7096200357403579   5.9963438962086455
12.542628799130107   13.587554717780181   3.7678621398093672
3.4346805407494765   12.005533379408257   0.40450051895517614
11.110690042857689   5.77702302873459   0.163920149035489
8.787850655951154   13.262413237586292   6.18383661006387
13.306805172557787   6.172293152693835   2.3735948146621655
11.594615477951992   12.385193152149647   3.8261784421727585
5.6687870100414415   14.046896868320479   1.1482784554614838
0.5809951169206924   2.9389468369965392   3.811457624953582
0.1082778998733856   6.308029252544146   1.2676189887949911
1.2435293608473783   6.648527271017743   5.021277560094994
6.072848123771662   5.378863727055493   5.708827980060974
0.6664548748800083   4.210742022971617   6.062878052227074
