9.616994981597347   13.97890754122698   3.26223964011482
8.98243134687202   2.2037125998623037   1.2315002874626824
3.4181854575887405   12.591270806936148   0.5586225962539388
2.639166202648244   0.3489495767597603   4.183302638152541
3.7874122764719864   9.188867617177616   5.2672460857935635
5.512566952100225   8.89795149557546   3.698292905771436
10.10844587910279   8.019676793340288   5.886639045849675
11.040740527270133   0.11507073802750767   5.996328125294817
2.278330185366619   5.247122954736427   1.5654121304899435
13.57100123522624   13.792810128191444   2.6933127725142882
6.296916195622766   0.5942719842691693   2.906067937016764
4.755372376241366   13.365916253736442   5.908523431142697
8.965340838598175   6.134325904796833   3.323814515397317
2.992700097201012   6.36545008469248   2.6027782540512185
12.228333014001578   2.5282801227977196   1.7454278742950031
13.549004552765068   0.6740412457176224   1.6126382832068533
0.20654980190894023   3.3580040283379518   1.7214495268433496
6.358167454536926   6.920081272809762   3.1965146810000356
1.8478709298027676   10.124506435294073   2.609309142709386
8.84361434253504   3.8191270948064604   5.271725035545487
1.17426001303848   5.770572901344938   1.2408970402310673
5.397196492295616   11.640645578632618   5.490918723096447
8.599118620335465   11.528589475910413   1.5982648401643191
4.2917344875335495   8.24072353203258   5.052864259794353
1.6420565317254112   1.6568387064777146   4.863666049642039
10.863913911602527   13.102026674728085   0.22856407924169017
13.397015809698074   9.333442141205143   1.7713568463240867
7.341659678952979   2.422922048591107   4.521631098422512
3.5047080157089887   13.786592098727763   1.1877310297970687
0.4431515950979932   9.990770621488409   1.1342839967112768
2.8148283476690064   2.348299613227489   6.083609476557146
8.153969845328977   9.303783184367774   2.108405772690182
3.9018716873668855   5.460256477207153   1.7056052412606533
6.437176556164299   13.632709068062345   4.683567608683722
4.2562381419375575   1.0662928360022854   1.9945034393114134
2.299744408331687   8.919515960433028   2.5129401499163566
12.533188058660016   13.054319859389945   4.751506805051496
5.526152189981004   7.732661327249809   0.5024305662979215
10.641280277581451   3.645862238499772   1.23043731287373
11.912668899205219   10.939965960308111   2.607251807877621
7.412309243431597   0.1879861549137432   2.949952864492844
7.586771683307205   6.213328292926897   4.185043444817904
11.262246524217408   6.155330271600448   0.2886996195832412
2.0758703856009095   11.527786282616415   3.2288551898378017
4.07001797374712   3.0772878915532296   1.280778405085003
13.773087056751988   6.695194986269322   2.1780038320932316
9.4801432897172   1.1992329975626403   0.5288309890089229
7.103200352476272   11.616326504297877   0.17235912158239483
5.0648046126135595   10.434126305488988   5.6287878219334955
7.286033432800322   7.608363908992566   5.851859417753765
5.299392764584768   5.0423568245419075   1.9415338024352937
13.909749110871967   12.52678747572823   5.974631550943866
1.291943407841678   3.3082708223485247   4.836165443321532
3.7136910393995843   10.79540409484218   2.3126290228316644
0.5791326269036836   8.076389409027826   6.28243950122953
10.028215491524527   4.60645055706211   6.209027604287848
11.154121117422761   9.889526837803368   2.6399097700063283
1.6067306969948345   13.405399479901336   0.5648128875641367
8.296132050272448   13.850646068539021   0.3550680296546484
0.7165970096080787   0.009536198300807763   3.6811614308169123
11.382013017282546   8.069930741121059   6.104888247650396
4.347880304918108   7.033163810687412   1.988856541811147
3.8916193309902205   4.373569045310834   3.724871314517567
0.6910525034678653   2.3560611751748546   6.159339242623656
