8.586789808100779   0.6027781257374442   3.1539295393013944
9.59094070338786   4.108292647999973   2.9262244988064823
3.049375353784477   14.167394881739641   1.068468868604685
1.976482476398549   14.342879660003637   3.883834314151334
3.2514911345086146   10.890072644582592   0.7552729345515867
5.1761164043918235   9.085196353477961   4.0612376610093825
6.715349355178874   7.327890779945908   6.08745346661974
12.157401178846793   12.995061657918383   1.336205837785601
2.0392312602919365   5.57331043121111   1.7104418203368734
0.5060059295896064   0.22602264593127558   3.2347281314592293
5.813312271708961   12.813111656064304   3.0347072932939163
5.45209588713542   14.199980887480248   5.211425699431212
9.528767513511166   1.6919400268100038   2.493040874687036
2.3569990520557274   7.092075400663811   3.515696751752202
10.751770703747452   2.590930074574149   2.7510840808327535
13.343907127286016   1.4563005277424659   1.7218560146008248
14.348021675675797   3.6628074494529086   2.7699653186971345
5.597379856369015   6.543048630484381   1.6064383004418088
13.11433024055248   9.367038653333799   3.2894188322391877
11.456903671144596   4.33571068579755   6.22298949064963
0.3201482708232433   6.3461931617350045   1.5659161965936677
9.440650572859333   10.279740265379631   5.726964574362383
8.311759108582256   13.55423197500494   0.9895273979627314
2.902383867378696   8.640168239156962   5.395441337855367
1.5674199050975686   1.2241073740896293   4.232246296001735
10.937423434140989   12.853771425078007   6.080482604137501
1.8366638682299459   9.006014849476108   1.0893765213925701
3.1351990473078675   1.7053693039412157   3.8418826536007815
1.719657998508259   12.864000576627268   5.7831406197381305
14.293293904054412   10.32828777276236   1.5286050554473187
5.2625098073322505   1.1591759827938974   5.873738605134689
6.00880041668706   11.680777833739123   2.76649115860245
3.6273777878913793   6.509014497095828   2.1462384798430083
4.074575825313153   13.616551994472525   4.642358165096625
6.859811671922431   2.5187497670786447   3.310104327316622
1.1000633868843268   10.90271393361718   2.9955499252656614
11.070086698946248   14.362923571423021   5.477345425504987
5.113059408731114   7.987849620570575   0.7007100188579327
12.236596398162353   1.2585950606274827   1.5790480043913622
11.773839954685709   11.974260749866527   2.0447723866369225
7.59367468180571   14.400109082620578   4.052510152832869
5.823272712039067   5.17821617799978   4.393683858605315
1.1333651295806892   7.161506072296762   6.253620202316809
13.662502159844932   6.580252259227392   2.7344451275439865
5.997396324527663   3.6587095260995293   2.2068080354859907
13.332740780232996   5.543246167582247   2.2343103632590986
9.717398106144003   13.860430301736635   1.736809624020801
8.243909895325231   11.906150647328824   4.639243044698784
5.543041759367045   10.648603712237858   4.062056651437853
8.735245350066819   7.333506502088159   0.5150925070555021
4.452630391816966   5.037216699834887   1.6390504389307892
14.053618019356744   12.188534679599078   1.4484515027865488
0.5543829009634276   4.573032523275491   4.0418106743745295
3.883007200205161   12.030384801652147   1.3925162690638195
11.798046439768003   7.837418262771016   0.30456386596597906
10.084114465411183   7.1434075377962465   0.4663870395789656
9.54659049180535   9.018063221093982   3.0485689996663603
0.5213229415311051   13.105773754645313   6.074531509126416
6.612871499075302   13.88909793825932   0.4529326355725719
1.5108821770219172   3.565344234197478   4.577921987996925
10.850142827633821   9.292876760636151   5.6574900825922905
4.0751827716388815   7.736984614912293   1.8898733332316804
3.9671656754468883   2.644985006124732   5.0279420094796565
13.499787257895347   2.7482474825798833   5.821197758019403
