7.343481484689788   4.088847577296877   3.1006015226907326
7.507596346616073   2.831901177295702   5.968590828799758
2.5190386838145686   10.750599210305706   3.4479570089222964
10.684498063133352   1.5009616188032433   5.030523424193041
3.3814272233957645   9.468540380449031   0.5276717198179365
2.582539381185311   5.529182916721081   6.235374295089804
10.53171943594388   7.768171774214456   2.6850206541046693
8.546935339411114   2.6675365959176327   1.5158676683243788
13.890130598664738   1.598595897612843   5.450427632786416
12.92662831013394   2.037052787751992   4.069949179455419
3.6746712703037803   13.20929080667761   3.8429049799750596
4.529531398602819   11.085167864932517   2.824256597945637
8.386603535442482   14.05271414752999   2.766868503983605
0.4312079051206067   5.546959989817874   3.482135204500195
10.876275748895923   0.24518447983848257   2.0640166318648174
12.849527966887507   0.3125520183809194   5.6329486522808505
0.3992078013691406   3.5796131953955745   1.4970997371346917
7.143035879033885   8.617650115750601   0.10497902854300743
13.691017496037414   9.636514253591397   2.352504063334389
11.761993640398094   13.895253730159702   1.1279912418849423
9.77623279859197   3.8082615349967517   2.2989378967338356
7.696880987136288   11.20227507489911   5.72626366861391
7.151234220891276   13.24807718489578   1.9990752781832588
1.8545945471338823   14.325487492972961   1.8939132034535955
4.5548475333552805   6.695042815337933   5.392799890059807
14.180036818637308   6.547644421464792   3.982235355102699
1.550214425818991   2.935063270024428   6.28099761986081
13.724068079260292   8.156766338759834   1.0111986459470121
9.893758134993464   4.849872206535596   3.410822771365988
12.840056570826683   4.874472317543819   1.2114297193371617
5.635799317836028   3.047254095547313   3.2875395727642736
7.950275140940418   9.963395638774813   5.975594985428767
10.947575641895408   6.041475072979632   4.267151491296909
8.21921028098053   8.394416834562996   0.9194382550996071
8.632323886348814   4.369866432437779   2.6083289660610927
3.414632582481599   7.605612333403001   3.0786225701579437
11.77952219835662   9.340507397441876   3.3444329271228685
11.489833458205394   3.0477036510381597   1.4237240028645965
0.5540575533044324   12.707959202950846   4.094785012669811
0.1794969427879482   11.156912467487206   3.1082470263534265
13.11600898386678   13.654127127066161   2.1679264438165315
5.981166277694427   11.275257359647643   2.1280123852039874
10.109362343471796   11.581301385110844   0.19366195401752037
2.562217799188681   0.8763713382809123   1.9949488522690597
2.8482363001171422   12.081389683361195   4.119606775420555
10.572324343451216   9.769773127543887   5.593419630789645
11.855603576199632   4.1258935470620965   1.3535965492063324
12.967270130824323   12.292985548075983   3.7265743567726517
2.1768750678760465   13.033892385155008   4.59278919197125
6.142357777819431   7.2567893527762735   4.929518574172158
3.9957798345148134   1.507988223334392   5.250049484615286
0.839510321485566   8.034485527058585   4.540872095941691
4.647950230260928   9.689303235676524   3.065771343354768
0.7637327872836948   1.2538231907091442   2.6072785937725302
3.975406182438371   5.1245721371596   4.106295784437039
9.79885022301291   2.6601653209420544   3.2158839084438453
0.0012852764223917346   0.159707685988288   5.1257948180234205
5.551608504000426   13.584123081126874   5.189824649682493
11.307609111505318   12.75150626630153   2.4239842489846035
1.2075889740591834   6.90595782213082   5.089204038150331
11.643777664993053   8.277375439252607   2.4601803086231735
9.048968104846525   9.58180743317891   5.702515852778115
1.1693828829208077   10.195335723736244   1.1074994120938197
12.628917017968746   6.921284136452155   5.973799317761156
