6.284243905883391   13.791568968675003   3.997376528559809
9.876134789985317   4.142168424858001   2.5609663446236
1.0245021200917264   11.319348533469483   4.6926260667282875
2.128946299223312   0.2758176290426042   4.823726913827608
3.9850542143962095   6.142208287498717   5.742815552207554
1.1193776376953535   12.54920252400118   5.095320968226134
9.92067466096621   10.196409781290766   0.2779366864650316
10.31171545902883   12.925992750862807   1.7880760850781423
3.4436872395411227   4.46695418344112   0.38546603751485764
1.2573353208816596   13.665996463809623   3.792325040559536
5.41466134911832   12.248111662531501   2.229875383901465
2.259325451683943   12.550563561295304   6.063260443269407
12.0451189563849   2.163944898903205   2.2781972089973737
2.9470323721247023   6.623208883596167   4.4469172415798255
10.524390223903755   14.324868173835398   2.409327639218803
0.9551030163764949   2.5807541933234965   1.4217857024277925
10.90497887426608   6.911105321443749   4.408029570583473
3.8174397353530782   7.713672194997866   2.723164204827008
12.53115788916048   9.547237618585857   2.900515849390905
10.864119773506449   5.356343138993484   0.7750994124838625
14.054490266860354   7.460777836730225   1.1051397149089577
11.239571283965724   10.006811464989651   3.322780382510451
9.147233875558035   12.519047822293176   3.535891880273666
3.4198232910438753   9.915136369455492   5.709471526579427
14.22758253485793   1.6891983885148916   4.798440280062609
0.6193370988453544   9.944073043490096   5.476274695583532
4.777147957593458   8.98290474339026   0.4798254864653773
4.622938907175477   4.428196951889081   3.414096380625088
2.6570025237774804   8.845142781208791   0.10262013206403571
1.6139102552286215   8.679966403309923   2.869587118984192
4.061559523648922   13.454834129887287   0.24135758563089477
7.872185529998142   8.981331884703028   4.956674369481555
7.08833896633994   3.0182862510924737   3.340546878138257
5.268435919678068   0.13764501762953385   4.8734022763698714
3.868163726187979   3.4618316779127998   2.1101972103060334
14.34971677187611   13.256593439071226   3.934858879675599
9.22838095694105   11.16863257811067   5.422320541391984
4.805988505811728   10.399794305407003   0.15299037125620876
13.461995003272184   2.8914453341989934   1.5694959692946557
12.03623918670391   11.634959106579386   5.903518009433828
7.244963894863576   11.479307760738186   4.866495806044466
5.608406278848465   7.61556081688537   2.769414140524484
0.7213189156618501   6.3387369677582726   6.023870164820559
13.829005429778443   10.381466892499915   1.810920962571585
5.6755023538348635   6.190374317154088   3.7371219998123477
13.93606894752196   3.863123333978311   2.9649949688243256
11.063302683187496   1.4875388589837413   1.9822999138281638
6.288551528161549   9.880063968744293   5.96299942400271
8.912809137937531   8.431507407593038   0.16525956076938259
7.435398833894461   6.664102528496297   1.030402320460304
2.704385766035998   5.339919247410944   6.282275253907534
12.997465891348012   14.147640831426148   6.101338622707485
14.409310295480442   0.39468935531632965   3.110855427431601
2.1254679628389006   10.957369940696585   1.4797143409685778
11.159579903040445   8.312935956065648   6.278996728673458
8.864486247033701   13.93790341466662   0.9931649949159861
12.314053200750369   6.417536879093203   2.2953838924506913
14.122776792642073   12.046744322985191   4.294981206281958
7.709650947654577   13.11002206459354   1.2961762081630945
3.0096289425943197   1.8405932949310433   3.3425292062571272
12.084119514186414   7.482181533037471   0.17634389322225524
1.2020475475733476   7.608783275820043   5.697534721664388
7.9970364580601085   3.6393770696568577   4.526450806950997
1.863693299451946   4.008922025543507   5.473909531452912
