7.359703861490436   1.514297509470995   4.6157987114611165
6.717218762636896   2.4302257041464306   2.1784940513571627
0.22059137360481218   11.267727303510627   4.973301849242225
1.4019890197896112   1.610260553812155   0.5433282872996209
3.836504059560254   5.8869253669913535   6.1700784842081715
2.6931287299445823   13.055705807818615   4.745576769434361
8.719302519158564   10.909639734816151   0.228162916291331
10.899009409891226   0.23209375131527388   2.915197937185038
5.1149468920562375   3.9927952140926126   1.936961246871052
0.48007643027903185   14.176646891414173   3.799497483200276
6.342769607691812   9.271767508914529   1.9702349459882154
3.4153477033454966   0.12945779280337255   4.7197737215833815
10.424381581832662   6.377533205302506   1.9394422936129938
1.9967872896036667   6.92540658428252   3.2966674079050207
7.351889789475923   4.411465710085711   1.9020750806479407
3.316531490220994   1.6037390264526064   0.2661748858499007
8.559912070398958   6.8308887141312375   4.521200134783107
3.758610553080576   8.754072220417584   4.416796701124038
12.570609480689363   6.688835461822383   2.9239059225807216
11.087211035852363   9.07728818297894   1.5718359944929856
12.071430966003563   8.235541748550395   2.0966797091312035
12.191919080779883   9.42620849606951   4.335328663924648
8.553551228752559   12.299652148473603   3.4501157108880576
4.25401664109195   9.785322097531981   5.849590906746294
0.1955816739123048   1.8041573119132623   4.215086365617812
14.416529471061224   8.368107264745072   6.2604174170935645
5.7997944056279715   7.913872619628013   0.8988799285017617
6.241320565122105   3.982170582222876   2.899409613375995
3.1708405000133237   9.99653730241589   6.087073118959376
2.570963750855475   8.874467273179121   2.842160909686256
4.539342324519357   0.35411171997601176   1.5473673994597643
8.869434309850368   9.510129175080728   5.788793962543795
5.613116084652558   2.203909556231465   2.88923595403599
8.14471123293048   2.7716497075658286   5.850494821710359
1.6963945799831088   3.8912230830725383   0.5995690755159087
14.161341259912493   12.725112763750992   2.5048642238217105
12.006581004883781   13.033725200810549   5.774852823469258
3.409412338075908   11.053852186460936   0.5248006824483865
12.968997159602319   2.3899382969953793   1.1647529777994685
12.209760959170305   11.169741250828991   5.907042753574089
10.199026677173153   12.551759739937621   3.3189821747112216
7.618409082025957   7.593759115095565   3.4256843329728763
14.286409268978868   6.7187734133803705   0.07908863925581598
13.648078934890524   10.395255175258201   2.1488407018622677
5.637932691668604   6.718763151275403   5.779147479409148
12.193700371098492   3.9697976268042368   2.69548037463414
10.465488203808757   4.29532521459282   0.8199658555240374
5.569976916996124   10.3040277493953   0.1868970803160228
7.573579345764125   10.581861321866631   2.6019079350697742
6.64827410316021   6.206478464704974   1.5879527693819602
2.4043543234460643   4.834945360286694   5.119573506782979
11.124756250664179   2.217959008508724   6.159458734258011
13.421119064806073   0.5925119448619063   3.8666940894501036
4.379464123997063   12.634913341582056   0.6486641352435046
9.741278791702674   7.935089961462707   0.462828058845832
8.506897163225856   14.377534472253815   0.9232334624523083
0.3373939991163602   5.59880941652499   1.406793483424611
12.84464900828374   12.198169370484209   2.732581953440799
5.444676822911987   0.9211253258046714   1.2451647467790041
13.339689420576828   3.969930338520305   2.898701818301922
12.072003519716736   5.700057313721175   1.349560883016673
1.3573279914438825   9.13704875393199   4.174408044912437
7.86634987996216   5.448209432547251   4.894963139817186
1.434400059294858   5.96040684973813   5.186489033899043
