8.6831315453408   6.8213616630153115   2.7995156677354105
5.410751128800727   6.040294559461868   3.62464770715347
9.10828649962501   3.8880247726213994   4.73670967005767
6.754421474970364   4.291075509823452   1.632888734652989
5.209882009055751   1.8555412337111283   5.227956395110229
9.798193117526836   9.074148096372316   3.1962732337173536
4.434808288438392   5.791414070525791   1.8046850669731014
7.770583532850618   7.108259172100428   6.059133099109449
7.127904345210123   3.303238573407665   0.5522799440272809
2.5152144949387383   1.6876775903894692   4.209422207741021
3.515252549152592   6.389551813946983   1.6409711732204666
6.128293931495236   7.940678716932447   5.62374849870969
9.673980654173713   4.733150288725854   1.7267305094544039
2.4301693299424008   0.6664249243917832   2.1347209443106308
3.6243096670241464   2.3023928415802235   2.0834912148699805
0.46164579945992357   2.0283785586316703   3.158669757567938
2.7924989154433386   9.457355805251424   0.253316669896676
9.094301179527982   5.937029231545135   0.2830252897391099
6.121686303975304   5.23817875145312   0.253197801734397
9.881867572382703   4.1107884304226925   2.3475322119653166
5.356202434171142   8.422819724506658   1.0119296477157713
1.3275631997615203   4.103834538984475   0.07881874833542063
1.4579809167668367   0.8756682045963521   5.625677414621486
4.037572543304766   8.05354509414249   3.192280423687046
3.6774435513605312   0.2190624136229884   2.9478170532160473
4.467518536069616   3.4352053982860427   1.4023128062274115
7.126652096409604   5.4309891377243416   1.158525984499814
1.2465092436405383   8.896531945351988   3.3221597290932063
2.760408839073083   6.393054672338645   4.484405925302223
0.20584445548620733   5.761610350743044   3.847267964080287
8.253759223705229   0.7093499724552199   4.21250716942584
7.971092292209872   9.130678991968933   4.307924403854714
4.213352188316758   1.7933108165303335   5.768517823906448
4.766813100698857   9.29109675358679   3.0200044428982378
4.561141438519583   6.836807448337661   5.443859325748709
1.6180969969323677   6.909304654385154   5.851786348532577
8.580343625011716   4.572105755564139   4.508340471376031
2.199148132421197   2.725037531543111   4.698174877484665
5.465923366594189   9.820474952326357   2.593670158417103
7.116390840464124   8.9588227908674   4.693287497987954
8.756597989311578   9.675210329342729   3.2219932713940858
6.061248706340515   3.7454606056102677   3.294231075018519
5.414079437195692   7.590077210410324   0.3925909037502794
7.287138280069741   0.2338507184252675   2.9774958242809517
2.2244203245542633   5.663156450871234   4.498616874699481
8.491434708875016   8.11546823523114   3.8749695542568303
5.262618248467395   3.7214419924772013   4.798607396626097
8.377469594267716   1.5149679605317252   3.086759881163719
6.624864293985853   7.072545444320865   0.45223553183078125
1.6438517644856243   9.697553067681673   2.1085626297047737
5.148800578742398   4.996511063714997   4.573493177606438
0.3922764278530604   6.604843680452469   2.1588858783548446
9.5112573490881   1.8422057199562036   1.8087307827281303
6.864323726534029   9.719900717104377   4.165151743462517
9.947936457731984   0.2874134751343035   0.7049099519866356
1.475343532426694   1.822691746143815   3.416375551217137
0.9057042661912055   3.1290820544213274   4.878493523696886
6.447008091406999   1.8640469431580575   3.8323004889049193
8.119458890808945   5.9563485266962015   1.99531373103868
2.254713656040358   7.348279503759021   4.6096320133463955
0.6604275240180384   1.0089492861873268   4.980635148694057
5.734438194952958   0.6208292715107815   4.47000367341098
2.2118541787456514   3.996776552610942   5.528241615978034
6.748727025338858   2.7651410811349026   3.5404534874474325
