9.371931379277385   7.234311710532425   2.6831581560184063
5.1681826229497565   6.283727560604335   3.375758038899754
1.5384617259204867   4.008157811567433   5.420956208037882
8.758699959718186   2.757926535861302   0.7034175564953331
4.818231079254984   0.9900187043479179   5.605296847406332
2.3757675891628165   9.45649082738028   2.773177436262901
5.383309699276096   4.574518161846901   1.5188215376254222
8.524030640569388   9.067890179504793   6.062611299359706
9.480197799641196   2.24834061477434   1.4257509074047958
9.531020362694932   3.1643833480667074   4.626381744707062
1.673668087072244   5.31344311077319   5.2785932237827655
6.707520928641195   2.2518179416029405   0.27761090727824655
7.008265183476344   6.521759384349801   1.308526015596788
1.5593417364262858   1.9334098219713771   2.595350949541815
2.2624982544391794   2.5681460159017613   1.4023079170975554
0.8628074300391189   5.21884045564289   4.3588716886129095
5.929600636437183   2.803164622555439   5.644222050237372
5.294058463017927   7.524820586211965   0.7851942832921468
9.514752952108136   5.58955861203857   1.8097797124090804
0.6971431027485668   3.951494951370532   1.8731447016202631
4.945914553116299   8.381327465721878   1.4285859983807798
2.2341211585775174   6.161945626521825   1.4222518502859685
1.1340347812248464   7.426797050651748   1.6728584953549543
6.424420076053321   5.4404225917334506   2.337315293426568
3.5889018968149413   8.190515554314265   2.6234618759174007
3.909725464429486   6.811731473433524   4.167409465280611
6.332087883773926   7.777693558799025   0.488539120543505
1.4572498679941965   0.40585151813295733   4.489161179162369
6.404886131057198   3.5541964307957303   2.407824484803199
0.7389124555492355   6.2921341673873155   3.1681064799476695
7.813338625344163   0.1942735712663345   4.565548290944085
8.155605585705084   7.399233488573735   5.055227926580499
3.4455550251649747   1.5266762444867599   6.083127059494816
0.4345316798971093   8.117131290411661   3.815025174869148
6.074813062570718   9.398768339046566   4.651467253674173
1.9923038864653568   7.265133880951083   4.919315400641908
5.125802616295789   2.8145807207405205   3.744008229135752
3.6535825467684506   5.158126267761105   5.4687297291645685
5.981131835813193   1.5197584351832845   3.2415335605769955
5.549348703869207   9.79760694503935   5.61470622882217
8.42188937248308   1.2418857139448845   3.4496413568617994
4.418520550378098   3.370182896846426   1.8655472656590815
3.4810504423667754   9.086798071534076   1.5649133538183775
9.791864840808731   0.5740056429035011   3.0990228688150956
3.3910066538970383   3.8687047649060986   6.156558358480895
0.6831576383195168   1.0144705754775978   3.3693244695217714
3.799267051066986   2.999254999345017   4.936949028034459
7.250156361379299   3.248744583006127   2.645126340408497
7.609318667604061   8.000610448228098   5.997099045430305
1.5041967030149408   8.699721857796439   1.176935485691268
5.158191253005305   5.456128349322133   5.6437018810236435
3.111920653555809   6.722832475698799   0.45717555986450475
9.51866394764741   4.327757076033954   0.37720289020134257
7.371628718066667   9.503155837409738   3.9894081017096696
1.3769243981899457   3.207082149152273   1.2669382058310947
4.775760058415288   0.07163309707155463   4.640795555235298
2.7245122405373943   5.065812750750022   6.077334279830748
7.5808394625788615   4.976871808602089   1.5884834757410167
0.2670948408865192   2.5023204764644817   2.358337082751869
3.744530976726684   0.274353915945045   0.09207835961087074
8.343868204771868   4.422099562021722   4.72982676070778
2.944606645597366   0.38185275168124766   4.581239747919163
2.0588094389842366   1.1495555722431643   4.784272191100024
6.536737488091221   0.3232683215582426   1.8833029302097342
