8.486978064706195   0.5420174334529835   3.964056368321826
0.8461712293443553   9.157087660477147   5.020276435530198
3.3141955573140054   1.564148321953176   2.8580457153311993
9.303380367105412   2.000430866120893   3.2458277782531226
8.354626200810566   4.102798490935868   2.404026949333341
8.210956243667054   7.938749770829907   2.905891867836226
0.3816079223776967   3.1807505028842322   0.4174818882183692
3.5815175462247315   5.578872673003189   0.9150931867348615
2.098200434202691   2.7211314823728836   3.28975574757184
9.749854727841198   0.5598295646053814   4.620460183112696
9.763314500395193   4.797810660266798   1.3164864832396443
4.905452024760402   8.482339145954622   6.008194288145922
1.2020539384374538   2.4375511086105193   4.765513915217015
6.052486252603962   0.7338019017397243   2.3218747800981676
8.671571454425205   6.128154310649453   5.888640499372995
2.7006050161129727   0.6834589871000133   3.4041058325668603
6.430146450657686   7.3652061081433065   4.34542291144951
2.9007974561428043   3.8588255964553793   4.392840025706042
7.646846312864364   5.387429009424576   2.5015839369745403
7.394025438994723   7.283415341371512   0.798514009188862
5.829802634819491   6.372234982268247   2.3640262297676484
6.28371157449131   8.381420430591852   2.6011497112347803
0.09970300744331934   6.767937012116109   5.021319381675554
9.328878093249426   2.8845007109751544   0.6068018019351435
5.95524623169447   9.680382077168591   2.5184013069627826
3.7915045748127385   6.874776324576112   4.480800351438072
7.500018425940016   3.920301205390561   0.6853785169038099
3.9560834763509636   9.323408829314143   4.084775046012228
5.203622355237513   2.6455562186276205   2.7922627919133367
4.542907888303945   3.4241779128231506   4.775286733347683
1.220947838193082   1.4591405212565631   4.211951188626892
0.6339247440748702   8.18178455083256   2.0302522744887344
3.852815373919561   4.745894122964419   2.853797279674876
9.585321674037182   5.651584263460416   4.0735599255744415
2.2119381655932013   1.427494413186187   0.23509698946585492
5.4921491232325685   3.650810014714441   0.062245402067204275
3.3857147844385036   2.893158391349308   0.18363172297200045
9.472137415726918   7.524391615789561   6.036204624550911
5.311330571440895   7.497257063041314   2.684613602207851
1.5698642029092091   9.70442526722603   2.9220176094792434
1.430014293990314   6.350982941746025   6.013213263828374
8.807012875942204   5.269586566145001   2.0943347655137172
3.654746598091976   0.4096065200687371   1.9850500161250246
6.384251831333148   3.7625272794191003   5.945285731015564
2.5612484677979386   6.973873665607284   4.405411710787639
9.699078701784979   9.029823911316187   1.0091801815156667
3.500754720504565   8.094927457499699   3.19120490864581
8.651932259680205   8.91304563723809   1.582704352062068
8.6901500208756   6.9767415144843845   0.7122106802337926
1.4968256377873685   7.250339302771495   1.080399484044618
2.637649092672166   5.32427812967045   1.1875674662365434
1.4573507869588487   5.3237314192631775   3.1499532397919077
2.682681323641309   8.215668865410287   5.490470276133788
7.460210756698334   9.296497552048843   3.534984450622276
1.5828335669342732   4.102703635105067   1.548415278110094
7.692886611971754   3.032620179710528   1.72695748770422
4.9973318380705365   6.142636788081359   3.906201378329777
7.149431292335278   8.464406139637687   4.276467059069
4.311567085701427   2.556354996649472   3.4182672129239897
6.204220978995708   2.100974563402295   1.6171296222750835
5.185514869299838   5.271718325500184   4.54392906122406
8.4852834944139   1.9249423191961856   4.4758423291537754
5.261986985514068   1.5664828579999965   3.3632943681557057
7.682431281176058   1.61079515491336   3.414040738188637
