9.025124357592839   5.433319755086987   4.480839677149184
3.6262051303657024   4.082387302006658   1.342026912825871
1.0874044139112495   3.6274559966847595   6.138286855487352
8.944651083367567   3.3599007560448406   2.544295996776212
6.715184593195577   8.989381155015197   5.88564519338278
9.647576449128763   0.6957512346383442   2.3033867240245995
2.860409995391382   8.295567582875213   0.3359588316764739
5.474954595632976   1.332672602163039   6.0314473753063895
5.785956837306737   3.657085735560689   3.6427841940595966
5.396139828428625   9.270672079281542   1.403326789577033
1.6437920224031668   7.42204123009844   0.23076222066519428
6.474196527774095   1.3807862190779971   4.55869187412592
1.8207004755010392   6.393390550042575   2.5390817704386563
1.7315284785553011   1.6649815014384506   6.091768951912559
7.785789013214973   9.102205495213052   3.0519129188776075
3.798212106298114   2.246901995592846   0.5302754675480477
0.04234562158887645   3.995350779796515   4.021192498849267
4.942276184396615   6.5559457982134015   4.131904987454832
6.30549259238142   2.240870454780572   1.67062453542416
7.764244709081593   5.229555053795791   3.8172382052100873
5.997111478600683   0.36757733951249544   5.849286861308912
9.474329632092001   8.18788918380671   2.4265687279562167
4.634801185700277   8.450578978892835   5.126111751432368
1.5171369769621843   0.8008771041894531   4.891206515397801
0.766070946695655   0.2982536807662395   0.11028280107296431
3.958658566413327   5.973172829953972   1.6119636949640612
0.0268307466991059   6.847419523961303   1.9611794469605148
4.876492843844542   3.4265256377057622   3.2086187702992115
3.9281698338058817   7.141881263230763   1.5602552469268445
3.483637562998117   5.148084619926463   1.7816633113608746
5.788024758189335   5.9256132395219945   3.3619586330732405
5.934907718344491   6.770158449497844   0.11544671847505511
8.51499725429967   1.9743382943000731   2.6602955086399387
7.725852257759605   6.195175152549856   4.043192431484966
7.310875053717834   0.6546966803416571   0.626303968409871
0.8115389505517256   4.936374174010793   3.5560295774132262
5.261042624000528   7.543758699383798   1.2212970330519797
3.7162679498956797   8.220727181056375   5.278520884786638
1.0314353211686251   2.244040243352466   4.270306318902125
6.873057425412368   8.076053644543707   5.766392020873572
4.226395376113315   0.9606630288427157   4.632671133294557
7.413525113666468   7.1213615136117205   0.34196875344238864
2.8731738959907043   3.550184959088051   0.903765627122267
3.1784781429025024   0.5415829750363548   3.7094381108717203
4.806446561065102   5.546543556804497   4.7832629295430635
6.736969346341688   4.214458209465105   3.949210248532613
2.0481300086933336   0.110960734617707   2.1393606152553377
5.774932120523605   4.609642742270525   0.608461451168345
8.565228625920318   8.517391149108738   3.1962220667841494
0.03811476939993   2.5840551187862126   4.398906900207727
0.7630865726936373   5.8921054881032395   6.221146974039159
1.5970412528098605   5.500067779193283   6.079330623008013
8.520183066563686   0.4570539527729941   0.11249218127546357
9.784111068753413   9.162637357861904   1.2824769812409045
2.437989995483215   5.521803250216221   5.131722940101415
3.340902060227612   1.451408028951211   3.173329320900166
4.705454973296939   4.564329034850444   3.0689319911312354
7.6382946119892585   2.3889975915862625   2.766637398568535
1.4472360354346812   8.921346759731366   2.3550993339610136
2.7661121858045528   6.420147438378115   4.774804347007947
5.484783351738619   2.3103134864734045   5.85489841945633
8.370943612097399   4.088009887614452   2.30620461682051
2.460030083514799   9.118022541705493   2.656220020485259
1.9201054059625695   3.398338155262424   0.9551674070932411
