8.730397375503497   3.6071286132925677   3.747994559336475
7.921415664818838   6.905028687757554   2.744347183093764
1.42080162869137   3.0152365832815424   2.194154782043615
2.4853476958088727   4.295490666788336   1.0951994972244317
0.30396476472606093   2.167381169835527   0.004306420462128813
9.685867947857503   1.3335949280196329   2.281651465446113
2.233964261178892   0.27901645048203283   0.29852293581025247
5.892685315047497   8.992005728039626   5.632566902885382
3.6138335908498176   3.1492823674695   4.096839558441999
7.8123640384073285   0.2834685653595982   3.2407696886181605
2.8459432747116007   7.354993734167207   0.052449454498419326
0.6235038055479942   0.03153842742503343   5.3646057274412975
0.1347084356597873   6.627147027730974   3.966048847608784
3.3425868827144662   1.689455571663265   0.06334744202448128
6.732490017186762   8.660135120893864   3.948350653838652
1.6788074202313004   1.3023263137469274   5.723377963353502
7.79870826123209   2.5349342094452894   4.243254454175823
3.2304080320444832   4.904836064939287   4.3300188734692195
6.0886544788162045   6.26720954417766   6.268941886117521
5.880079417403839   5.377543363601753   0.14556131378274553
7.429102311796318   7.734694323456825   1.4817918297282473
7.914943225740181   4.875844730465822   3.5702702268008504
4.695126169445064   9.061085179132128   5.272917526288486
3.3285832959925865   0.6410890353445204   4.725180889028172
7.009205230245857   3.1945360141673502   1.6608106333957666
4.66507328904183   7.705490781999885   1.1947053502632743
6.729370841445297   7.159723913143234   2.2691639693694055
4.901432355022762   0.29866208256017934   4.336731708610661
5.875831315489999   2.673909686044831   2.498740801571375
0.37437171030361316   4.424286900677801   3.6261762046971713
6.981079723637374   1.379384448641558   4.097074592437433
8.68192076984749   8.877600629829216   1.4676595464650353
8.682736765847652   2.5521736732117946   1.2689120713653061
9.429346085501255   5.2916230346431385   3.47036792537007
7.91494868766594   1.2392475852923588   3.439074282467489
7.001723561791254   5.520990526828445   3.9953425344883917
4.4694047418996234   5.3750568101873   0.7876393110292148
6.334908681810056   4.309461184955569   5.38380618248752
1.7014731424941525   7.488946011542507   1.819039306038834
6.6000259550341855   9.638994361859309   0.5397074461820164
4.282970455842859   1.525595081109318   5.531826705606226
8.23045021052867   6.023681592125392   3.758449745335988
2.7637222533399273   9.367583477265557   2.1638067428889842
4.592755706439023   4.527056193544421   4.231450546159032
3.5354056349067386   5.8905327851910805   4.661817693995053
9.355617648253792   7.40796575086468   0.052812129724787854
5.548920632136068   7.108430378491402   4.172348848505583
3.5910435512672096   4.139654803804458   1.3495870678162736
5.849472205790084   0.35571162058739586   4.145029972224473
5.364765283896777   8.259970217967759   5.194424243081214
0.7829575460697342   7.424970630141041   0.6287139846224064
2.2296626305945786   5.548455474814127   4.532370111971555
0.2625196862617294   8.374947339108653   4.476548247189502
8.753684104006059   0.34188672810977805   2.746355966215753
9.20491907834508   4.438049674340022   1.8086880751537122
2.4027392615296943   2.7750437418752067   2.4966356532553564
4.798496814831937   6.378533324398569   3.552969106562557
5.118116209352509   1.6602679531368951   3.628597025094419
1.3615880174848292   8.406357533626563   5.0956645995602825
3.8069632268073517   9.336538707466296   1.2327620414469802
5.121074584227123   3.842534093322278   5.25056550424748
9.626262144416177   3.0551279499777375   2.1922907328654033
1.6967612207606622   6.2357452279720285   1.8006016527274449
1.4207163767877902   5.182407221462999   1.614372745873821
