8.37569513991747   3.497755993692936   3.2201701058503747
9.46111133452835   6.774360899104065   3.0704968241359176
0.37034300697256595   3.6547672782097096   2.247751995275139
1.7348491998304718   2.5536190097039766   0.6398045081213566
9.629983750371773   1.540063494022321   5.329724291382351
1.084464504864734   0.5775561118303878   2.4409475745269855
1.6525655151725076   9.6507687526954   0.02605210443534567
5.957606464631182   0.5542008155799876   5.051128402090392
4.972540460697694   4.615824559756449   4.020872033099277
8.094994517504768   9.657507943034247   4.318736711884582
2.9348104696694572   7.9634878468520345   0.4249735776176346
1.8547914671679806   8.534242599665468   6.197977460292468
0.0261407127433948   4.476227247460408   4.212952274078427
3.6679200938138226   2.5373030225238615   6.260110510419064
7.810617203498203   7.5801611792295915   3.9569820888525373
2.4077424595574177   0.8248956034071107   5.2941798780540665
6.604170092856463   1.9765454734992849   4.535583430786984
2.3340739347031714   4.09533734009331   4.345189092721105
5.502185357769331   7.049399882627229   6.118510160422206
6.402987118552408   6.630723634138148   0.5830590971678897
7.22673399153973   8.267624815996566   0.9359708276443217
7.830296522539634   4.937670969093931   3.5337680689587367
4.280819801954372   9.105290185883117   4.98808804215937
2.7242664801669507   2.076627712235861   5.510444645235768
7.395549091246458   3.5506687685580376   1.9551129399684486
4.718734322973252   7.712820933561168   1.235348914308114
7.249858853279587   6.737213787853126   2.4764985409776834
5.33756098422237   9.521829239369781   4.363501007057579
5.10520566271223   2.242757755876867   2.7445773624120013
1.407758999380254   4.685570617801041   3.655526797942561
7.756336272503605   1.5311978239101054   3.6931186449244926
8.867712768950799   8.651980080939008   2.0692173458797822
0.6126988033192519   2.1124380409592804   2.2084966872225436
9.792331451133347   5.550166511463516   3.664745682856503
8.374657938446212   2.6170651129520905   3.685121140264263
7.494986078634495   5.837701254483758   4.008582830795675
3.7011277116461883   5.628635178207839   0.7560805519657474
6.969437812090662   4.919092337216001   6.004602288320834
2.2139247318509696   7.261071147433904   2.2046232465195876
6.807466832212128   9.241431606087737   0.5933240514332656
4.535142840171369   2.917489644976854   5.901902189209808
8.424380057293249   6.648068038159174   3.7913335442718767
3.1098165696686797   9.348014414175926   2.511593041340372
4.143716198227486   4.1279705449390995   4.556095348880833
3.8951812324230946   7.696079407701867   5.342683428261684
9.740133697857416   8.509106989357182   0.42614487538886975
4.43648789644831   6.519413965733251   3.645928380886944
4.987467144306469   3.6857720225143384   1.642452598447698
6.842008273819094   0.9462174445962451   4.80764843276934
6.15381158033577   8.58249387485284   5.176103917585944
1.2405763548790074   6.916956836956639   1.377204547258439
2.7126911501016657   6.224555770893735   4.272340844380998
9.645175677344549   0.5691266396794709   4.003439048002599
8.431340854815156   0.7018018475775937   3.432097489379939
8.937507480553174   4.579425011091538   1.7005724920321406
2.9741025945770434   3.5292094294298835   2.378987623023475
6.214576249661027   5.584183206903958   4.022409551829527
5.411452533352634   1.380248024829335   3.0903407546296875
0.5824408262990424   7.8531805912544845   4.725037762128706
3.934339010642436   0.33687123373918887   1.9547808804568227
5.92013124619937   4.011725477732616   4.547591432561932
9.257221645761899   2.8804933155490002   2.3055644932513024
1.7554614318750763   5.9173974703937935   2.0426112209318474
2.368806691241472   5.192346359162741   1.711389474169018
