9.732374342119764   4.353943635938162   3.9699301519576156
4.582696569262335   3.2576170371822486   1.4877153919314798
0.6305555005828463   3.615813296776851   6.0344186348361415
9.774862965941017   2.203948467033438   2.9820920748359976
6.753063740264842   7.6708235090784065   0.09054641974999897
8.469671637521147   2.0561186391263178   2.98241590031693
1.1244793727093667   7.8287284325512445   0.13547698813487508
5.35477910483202   0.10190937857684135   5.917750902947778
5.399660351927789   2.810458207313009   3.484107864072707
4.863884417743191   8.765612145802319   1.6628558289892916
2.1628608477120443   6.469667416079244   0.4274618432284797
6.416262905611774   1.2652608250293553   4.500857460682224
1.0175777433612965   5.530843993945774   2.491443310780875
1.0221348438008218   2.7045774550692405   0.045551217602984084
5.743078653353715   8.25153980227261   2.9914162162164804
3.9373271235523912   1.7511429045621334   0.42374758638634846
8.585544297690632   3.8310813245331605   4.529145000403831
5.016436311514952   6.9586627445350615   4.0126032610644
6.159536454600052   2.188884508769822   1.1569577652124472
6.841686745320392   4.133879248238721   3.596036516877586
6.775893872660992   0.1673030500087478   5.152868613940426
0.02518960854519403   6.436982296562565   3.0804694084880127
3.5960763172980243   0.47110881888154854   4.413425500430195
1.976566670590826   0.22826590562718288   5.0528540847656815
9.257660583040016   0.7682101455423064   0.0537971587395214
3.1277317942815643   5.651304369864607   2.070453390757488
9.285583395096955   8.560501678296314   1.9141751115685808
5.271060168590559   3.9944003063527354   3.6178664327036447
3.7988664498596867   7.153137921455301   1.2205964749948524
3.3736004623572855   4.394457098448277   2.208226149557029
5.554517085078587   5.629104501932309   4.0757395003017605
6.567173647507628   8.534257657733177   0.12527201231397211
7.332585664347519   2.3237533331049254   2.3035506829690906
8.000501205258049   5.878960696263697   4.304697859467732
7.806553522353707   0.19243512587681805   0.7581354637561608
9.251869555478107   5.605943955431548   3.905618369714837
4.9742147960622685   7.813987083847392   1.6682387026743686
2.5474690053754596   7.83240887543848   4.657025392451103
2.0869242810591104   2.3396243823480636   3.3305066086484336
6.912086312791432   6.5098834734631685   5.9737568095932705
2.8721139434234173   9.292043891521633   4.6458321473990285
8.725770393202389   7.664087408338889   6.175913462582639
2.5804194043279547   4.063700519654604   0.3194946975128762
3.740104145780358   8.69937737018795   4.499681699625662
4.6630464697504195   5.753404190505068   4.348983477782583
9.049277907300606   3.012406878823593   2.9967314861090983
3.0238821425516096   1.817162853028349   3.3112211917383285
7.128036471789411   3.206938161073913   0.49508062976755285
7.83841398383697   7.414403620041579   2.7091255597679096
1.2600280391921523   1.8308235650371532   3.16051667230794
1.1384801297052873   6.551212118281708   0.2870897005885092
1.2859829789128048   4.678479759266411   6.276159752796366
8.705897137796292   0.0174851507363738   0.3989030033808052
0.29834494919917853   7.345704971825994   1.4188203511057915
2.440143964451861   5.052547960986445   5.245623475316005
3.6655768568019607   2.7222653171489433   3.201364091082416
4.204603892410509   4.832535487216049   2.947030583748541
7.546188365384716   1.3896750347922477   2.4048286104199725
0.8285402461269532   9.64280478853328   2.9543120194988557
3.0268300347096697   6.720145238471025   4.77503148917103
5.21363188538509   1.4829990615681163   5.9135334788839735
6.840225211260704   5.1687293779629595   2.465144184671371
1.814569884542352   8.77512847984233   1.9493218908898504
1.7333051936157164   3.6929091659845925   0.686793858879159
