9.137596039002265   6.82532989238823   3.7227269831286933
8.170226741535902   5.698264856352995   1.6217442234113895
5.3576786225645545   2.039533998614786   4.08620824386722
8.55222469954077   7.647280599046197   2.0688271916265397
7.901953410173237   4.416049119030276   2.655532322548851
5.752066175387121   0.6132764859451642   3.1289867821012023
7.451935777339184   9.639217331973704   1.8776890806097668
4.569625093567199   8.654666969668234   3.1507407785469552
3.808477208032964   2.1609119695745616   2.3812263124332675
4.9953674494318125   9.705437721737738   4.219020587559594
1.064263251247163   8.158165311738793   1.1229625705456554
9.530998946164527   2.0376897522801634   3.2968492783683128
7.440159717376002   7.506713684148688   0.9141850880264797
3.659780126015284   0.2562348202069204   0.11179251925201866
2.2415173645312563   1.021691883414863   0.809300059790852
8.287106317929736   0.22929576085001976   2.935175038671096
4.662985730143932   7.662019163883812   2.0946685869161255
5.189288188504009   6.904507223247891   0.27570197034815414
7.973502213179389   8.364219049851489   0.39731915947306357
3.6384855448683333   4.591693613879748   1.4694915072750672
0.8482802066482972   1.9853337157673416   5.014735563770971
0.44266702296879645   7.427428257625842   4.958574037633823
0.9642949573885081   2.9709433742621756   2.6468155613315503
9.369764457698022   0.19152596472960026   2.2950745443173837
2.6007380157218374   2.0845924761164665   4.0980186326589365
5.25026074789365   3.4790104574667353   3.2091465849294813
8.48751762947044   2.3448060001326634   1.378931617256571
9.067588584464486   3.4592745383141157   5.715237700823436
9.53863516639983   8.061348676343197   3.11175015961242
7.323563581467713   2.26788159845352   3.2597508779649242
0.8419723064007503   4.121955142694283   4.4100764846599105
4.490802643066086   2.8128159450218178   3.780389937212467
1.6825345009843322   7.490231769937121   0.1513949946902808
1.8286820560634092   3.772078586268214   0.16455111789654422
9.647524911102098   9.011227765003413   3.570279459786868
7.844821999398882   3.083632165080149   4.662117452793432
9.235830031369778   5.706251582713835   4.668970724634791
0.8574950046705894   9.557494392908996   5.654993725558274
6.868135300335286   6.343750239590385   0.11273081705850477
6.4992090811052945   7.605272186871725   0.10280292313974737
3.819013792855259   1.3256711670626697   3.093316046215485
3.529178472558895   3.246832390431953   2.0284765344195064
2.979881084189344   6.0987528720078785   1.829470321438598
1.9548632644435577   9.373355268306158   5.9962099115791245
6.022131415178555   2.9625766239025273   2.4704201701294686
6.7916119419865835   4.246089541484125   3.4915608463942838
3.690199583611444   7.95291214532326   2.408068815692607
4.250149754372981   6.586742984181986   0.8913974237400377
5.877840497998086   5.3621073197836235   5.901444910502677
2.6356711468800977   3.3402781301476487   3.956783012408095
0.2731180817365275   5.441510840258519   1.4913700970028283
2.6411123682873883   8.200801958642908   5.160084757870741
8.028775034858263   1.4396483507440019   4.554408298478303
8.785278629586758   4.4467015175123095   4.231710163479175
9.471375344939288   1.1820629931888071   2.922084974106882
4.985528477007321   4.929027511460386   2.0816687864064947
2.5510184977061705   4.478632618437888   3.292393068913485
0.5159631433805959   6.3241182060710655   5.407618765295591
2.716598445397073   7.164642341055471   4.4324676803519045
2.0044032203854876   6.529958387919911   0.8239302404673366
1.2768046105460884   5.8994379776783115   3.2769772403609383
6.7305184934065565   1.2097531881746366   4.606716261094451
1.852913959517764   2.6249003681487975   2.3763968590413684
6.030873100372595   8.456653361868112   6.153205890331454
