7.8339232555589   3.916139705318424   2.8482310113520324
8.879811341394063   7.442230761021028   4.780160700346557
7.6249047548060185   0.4363974761917818   4.014680818057005
5.925679110779865   8.522751309649498   3.3162651352757897
9.475613492370414   3.5608120715222578   1.7296570575869807
8.742002154689077   4.664615861813569   3.0967232525551975
6.554613536598702   0.03857102989693617   3.884276005729138
3.0867177979656115   6.5710466587286   1.8109096491759522
7.951762028812182   7.753793785391607   3.7969600076025443
2.2116845193836814   7.10170813551202   2.1302573280431374
1.4910859363762725   4.902241839537387   1.3357207553522852
8.393840993996738   6.386155522091091   3.8760237671197224
5.133044852518503   4.198706536514075   6.079246998301264
6.690030135708183   5.582140006182903   0.13766345983056655
7.3447215295523485   1.4608820165090428   0.989474383730945
7.216290559511994   2.35476728440899   5.858567902248402
0.3852218895859957   6.881189983082113   5.100080219561306
4.362988799387982   5.799576988253954   6.014433502805369
9.805378264278524   8.389712976577604   3.7095420612611316
1.4130584063604443   3.235019316048298   2.697300201331347
7.860880040989279   5.25069677164451   5.915136909464955
3.49198721586091   5.5892799585059   0.27922738963565785
1.1070201368364128   9.205401342751097   1.7423081316290738
3.95593016988801   7.553151977081894   1.313103118608589
4.262266067857393   4.576560814842875   4.522290374530558
8.267630874234916   9.16556018393523   5.221410720095769
0.546827970164228   1.0095403916586365   4.7871890518339315
8.564761028210125   1.2180089099130615   5.373873653684902
1.447234197670457   0.5908475975540743   2.0431015256845257
0.5457042595452852   3.6038148489636677   2.7104784720576904
1.2818194172492912   8.335661937167911   4.8454401242980225
5.5171407244655875   1.5230078945948113   2.8434054052402926
3.3374141207282517   8.669169928465807   0.46913230223722246
0.5643326756195189   4.518579479911029   0.5421993688313036
3.6032230576306117   2.4051281210373743   2.7648273261959
7.962881274589406   3.0226708977360275   3.794988613430964
7.497290610060117   6.66975668865172   4.887661366548695
1.399963751397399   1.9728269677827497   3.2269405031652756
3.8455545065309793   0.5693753129274075   1.8196816823425446
4.470070786258692   2.4652133708517168   1.250022118328405
2.643212747470335   3.7701219726873463   3.3101730458242473
6.371426354028891   3.0454578146498754   3.2859170860370637
6.979083264455161   7.386878004371956   4.2187429326503905
2.803096805726278   0.0389347495931478   0.7037865368844398
7.298881741246887   9.258278271883798   6.184692927799884
9.025755225118472   0.23983050117768512   3.502342946671537
9.20655883999733   2.516010054854923   6.082840960454019
8.674427308108546   8.291829123497527   1.0964723877307243
2.50382503382313   8.008528056980383   5.739216766426496
2.1374389696762144   5.582158768975487   3.4419117000890944
6.269219844138803   4.046844150078703   6.027492303661287
4.411778248727426   9.28676426654612   2.6354810451937225
2.428654883077946   8.980194894858629   3.53798505757473
5.6350805633024486   5.412845629406898   2.0838022675046424
0.20595171837508175   9.62780878165898   3.6063341741896817
3.763734214164133   3.348461542132646   1.7792359251869732
5.094235618913737   3.1119154827603963   3.939211390230237
0.4071734573513997   1.9785853413605672   4.1920525194052205
4.509326520401819   6.652298870454364   4.921805079366795
1.4062142325392524   6.130957410381013   4.825008668569586
4.519817154103356   1.3409090069450094   2.8888294421659606
9.338455655736583   5.766700761836683   1.930424262631444
2.9422192734411943   1.1804977855615124   1.9659738987061497
4.919580224018485   0.3154178899604517   1.053696378042912
