6.667963649086053   3.52105595978456   2.616125528579661
8.056720526837442   7.144783226896174   4.835088768235339
6.756248323007986   9.764121855822287   4.636609366036155
5.491534071731697   7.853810726385992   3.7999700341344207
9.186636325854396   4.46084054121685   1.5104505368061836
8.029859886985003   5.020728925977955   2.7546541419261534
5.658827999092212   8.875377451855561   3.1196781428887124
2.2941486972447604   5.487719797294439   2.4243023158866515
6.611230780038569   8.402971530250051   4.084598759517158
1.7932038617818533   8.920033518465097   2.776630640908231
0.535406692326155   4.996412243494571   1.351953812776537
8.45894562706759   5.916009002068211   4.272717287457889
3.5595849422974304   4.275896072064781   5.948278595265017
6.9056322551106595   5.6575598039112265   0.09533937959445565
8.74946072978493   2.3849021492860825   5.969848045779316
8.026453804851771   0.31918629797745673   5.230513133332639
1.3740938673453351   6.607152602116517   5.960867435945771
3.6675542637263128   5.992173232339569   0.9292382133442969
0.0035837768290200855   8.196348775238835   3.896579965654781
0.9096177280709242   3.9630204524952193   2.9497427017710725
7.798478744023796   3.619911145363914   5.809844049020721
3.1857313052157084   5.161756182842387   0.13162678277960957
0.9503170461967085   9.778956534617421   2.2420239153395514
4.757790278855547   6.9350635250763855   0.919377934766065
4.807047691842442   3.6169880892198276   4.035527290309739
7.292871411077873   7.736657046654731   4.744035915086166
0.6122620250400166   2.219256187549458   4.52886819076904
8.811665343796266   9.243862758902708   5.112999078877088
3.0447831948049044   1.8370643769069908   2.49654250654611
8.785276879049224   3.334379714934312   2.602309179547944
2.1554449760522116   7.171054304152602   5.03410910347684
5.548229412448827   1.602030391628901   2.9854833942644463
3.2854248513340787   8.553307818328031   5.842194192972269
9.351166585513132   6.189255684611613   0.36434459492958876
3.210947189072375   2.996916853215963   3.386533930573328
9.805145416041762   2.888261141358143   4.544416855642563
6.9041571618812565   6.905472358543198   5.166263742897391
1.9218778527601779   3.567496574236898   2.877572144672515
5.356788094459727   0.3246996597251303   2.44490087620133
4.601757464593793   1.9712532283612962   1.5938260839539553
1.741461314994333   4.684066161338832   3.363025834900999
6.92906443336692   2.150587800263817   2.602038601471109
5.623968771007651   6.44173551876246   3.584375134630855
2.9708982390868868   0.8771105188166587   0.8427809818232672
8.052074704822447   8.457451001635777   6.090271550970772
9.649763597508544   9.733316940404961   3.216595061011466
9.033401196058527   0.911372699502335   5.672301279460433
0.7060337921818813   8.866649916608544   1.157504755852102
4.048401144464659   7.501960923173543   5.451105488587443
1.1969026659055948   5.588884940160434   3.7416580148007075
5.739092368791827   3.7905581756969133   0.20499553826150224
4.17658765910331   9.515634962949733   2.55561446184571
1.2216216830560596   1.0215464822819464   3.7805845646775236
7.0691172311357855   4.352642264030221   3.219527839200299
0.24728992876313682   0.7505794044966997   3.6621321348189455
2.8201297505751812   3.8243055812785696   1.2350713484274787
6.164492963748722   2.641134501555678   4.734095021153588
9.793680152798485   1.6654254368660906   4.334396551828286
4.714293778759921   6.071402875647363   4.64578080554254
0.4221722822911351   6.510108366377457   0.17582337497836834
5.042469867109452   2.7453231253663772   2.888343697828043
9.182394600713538   7.624157192288658   1.239194563025209
1.6715188032016524   2.309776446928019   1.6908513333622732
4.442113241225253   1.0113486596437506   0.7359165498808603
