8.989394673136404   3.468398452706067   2.3895640471163597
9.740202393016107   9.42066196436987   3.093280612049514
4.303894340808806   4.419298485404541   4.866325981213401
8.55734966353464   6.964732655173373   1.92994750697616
7.3196665116935975   5.55064576852655   3.148429855969296
7.355746330490619   0.4641322158547677   4.771831202000419
6.573433979485305   9.704437699878625   1.5958211046572803
6.0101292760324565   6.012020793888906   4.343073410508426
3.055174286638168   8.134631658162592   0.10819223643561315
3.641648074161754   7.134072038414142   3.0539593826861537
4.293732063996716   8.79230710582514   5.4807404835359534
2.696121993463665   3.690704127491518   2.944320515387213
7.640235880223219   4.613184963794183   2.1517870713529232
8.213202976806453   8.054307566706694   5.799872334696819
0.5005318971826447   7.8203104019467204   0.7636617699940126
3.3452619630832467   9.629792637257243   2.0441950047279382
5.467320830600358   1.6248222623796231   4.523424396340817
5.061365985282502   7.011199870543326   4.303811178169916
1.3408876635232454   0.020670373773651857   4.759605859748449
3.5545493385963343   3.7253554112030143   6.05658154061409
8.840580293602672   8.789984935234733   0.9019222432397966
1.8528522979995923   7.997404386404026   4.48635329830319
0.7320463590162405   1.7788692029194615   2.0460927005858465
8.94722139981492   6.0587753711005075   2.6021427095120844
1.7426798611221967   1.1877546693749579   0.8588423325165226
4.023346583654455   5.995386549550278   2.062778130174445
7.957653015264237   1.7878629949574378   1.2698520333542425
8.769672094998807   4.927542031865458   6.214756858908674
7.391948327943553   7.880707679146537   3.150363929192749
1.0806944940027425   8.885888076437364   0.17459497280815692
0.7594656211184717   2.84786362021241   4.978751480057185
5.712807918718893   0.01750517792813433   6.084704398382672
4.077109109692078   0.41064964222815736   5.383039801059551
5.539848621515649   2.686806522063001   0.7895337523424749
6.0416438909620975   8.67278005174302   2.9007495642642707
7.257336241819237   2.455855383973649   0.29091094655338223
1.4516306042020573   6.9838599605910945   4.208510493872584
2.4557565049067933   0.34430259480645786   2.3498739234742714
6.433968439327934   4.728011480155233   6.17249369440882
1.6336058446175912   3.7080094074535426   5.475881133153859
7.918535123966453   3.4847290128024273   0.4470396513717406
2.7497452555660016   2.6757757477801722   0.8073610018854508
0.5632834644711279   6.573472224862699   2.525940760943333
4.447874522315354   1.2611038950971099   5.854486619400761
3.7613368540552155   1.8713895499736273   1.9466228684605342
5.144040635163488   6.157231012331974   6.222508546253925
2.4347037841939567   5.020004558017228   1.5844985302311951
7.2773081032659706   6.886326452061666   5.067270381220756
6.400837416252036   7.313892085279501   0.4368307549989294
6.407480653952941   2.4480848442017535   4.4882885915988755
9.76449108149179   4.545047692279261   3.9134942020392134
1.6975162887316864   2.78302165924279   5.079160564878101
9.061616390509876   0.7032093537442607   5.93270230360945
9.09528699829361   1.9878921218064012   5.219861807283186
7.462307488276169   8.923627698947394   4.027557896959935
3.5349043977168213   5.053010520463271   3.1112374727516885
4.600079059344671   2.9128832253449124   3.258524454989778
0.4730939529211545   5.302812747389035   5.4516642803086715
2.5358976735722574   7.303263787410655   1.7445513951528342
2.151562278493475   9.27151341690206   5.583403706214793
9.705176460221223   2.8525042532111353   4.973581231171188
2.4534308479370353   6.44236124720989   4.553697952286947
0.8837122575296511   4.492582026133751   1.1814796327439523
6.322231030614604   1.0449297902577181   0.7457220887661179
