7.220993673058504   3.8285560148810887   2.9760830694611595
7.522921942926548   9.11315035479258   4.488742311928565
6.737405787345957   1.3836877249249968   5.550852138711433
6.265965528976444   6.407222072639633   2.228359804831294
9.227014735631798   4.321722777608496   1.5290852348893245
7.500784512002935   5.655609937739375   2.1193730107774726
6.499860212993375   8.829163894873151   3.5226964843190127
2.262324698855236   7.8450059841180675   1.5044790709507396
6.932944715651335   0.24152320883840733   5.85542962447599
4.146135961946864   9.730310474696406   3.4510730719410962
9.572129229009413   5.3441221935341074   1.947800790939751
8.212104162490336   7.574431648582085   2.3259658946854946
4.751112304166134   3.8263455120828396   5.348636883717223
6.334299526007733   4.004358634452703   5.5240951881658145
8.316576498113037   3.9082356262169733   0.544894866576955
7.591678659287369   0.9658536549801697   5.609851741248831
1.4176431947580697   6.911160570949109   0.31192947695547124
4.380429825568756   6.884061120977622   4.579198240020452
9.264160198937361   8.001202558461433   4.16832970453427
0.9700991959010625   3.7299221328712266   2.862430534291577
8.353861719203596   2.9545840379510633   6.197201468917337
2.6131896264059633   4.638235673417797   5.99055202444236
2.609707351732517   0.6310115894888437   2.0403937641510486
3.305523179426835   8.155886774254018   1.5749414533312698
3.797786741411099   3.5226851294559784   2.950553960194591
5.267713706393878   7.5739956194059594   4.776997713966809
1.805758175456722   2.6783645316038953   5.228591440236906
8.481476882056945   0.8742998661391288   6.263282494996898
1.9415348641863142   1.2822123402797962   3.2591638053059837
8.284578117897508   5.168437959263739   1.9178158393863671
0.7511881881628089   8.263259447448123   4.482310613529256
4.853458158116275   1.272661158329401   3.332266859096551
3.1000957770071027   6.9948070425798745   1.0914479497930132
8.85332898848852   6.022594755840554   1.1645329679751468
3.3565111145973   1.730920912235786   3.4705983300502967
9.232587873489573   0.5274028021920915   4.969207700125813
5.191205460687808   4.691861354408525   0.07265723734605967
2.796471649653172   3.008784590577257   2.97429155397079
5.23155306609466   8.97686324727462   0.18833789130232048
6.005509155884059   9.598548078714362   1.7847054645116527
1.5631558836524613   5.218322211435099   2.7358858560502526
0.015121480143593047   1.8599250564114513   1.9348869653564726
5.426048872252078   5.741036067936841   3.699202404498588
3.751111400960306   0.7808849354312387   1.1392361472060468
7.16444567726045   6.509416913963473   0.7732817454883544
8.632615414087594   9.094527599562147   2.2752368154729457
0.8259250857089109   2.70341021447213   0.7081140577970024
2.779288951719915   9.49959700313447   1.1906338638691034
3.530327092106187   5.860705273572595   5.479210168644477
2.369260224571031   5.914933312699093   5.026876509743221
7.505510227699686   4.66717823853281   5.791236033278897
5.232305533685961   0.24330202627319153   1.5460332661453007
0.0909701913896157   8.810442184452983   4.064068444348808
9.306028825193819   3.378408618957668   3.7389956514233176
1.7006553748466637   8.940942356127755   2.1722797670533507
1.793783107745115   3.9248820796081385   0.48194068393641554
6.577283728149799   2.6687927155688387   4.752739977228589
0.7135859194767661   9.545687265437717   5.615795679649231
4.061066815499253   4.436878232638873   4.553468662092827
0.733723112305249   4.56041263335991   5.036271808222086
5.773788212490185   2.1284100044010152   3.321635193499386
8.930537872269676   2.125733641464314   1.4262562948154107
0.6863791209489788   1.0006246659959392   2.521333189651928
5.846126167274381   1.1293222318545046   1.6410467997811562
