8.813090997374529   4.3764541837548965   4.447267835514464
7.9533698883559705   1.3312735425922106   2.106337040620015
6.5783260620385615   2.9748741271619226   4.497593736674713
8.284880199134642   6.951493657762052   1.782991117167287
7.849352573171412   4.528537018262471   2.0204536873300527
7.531434027194997   2.596858628280275   2.065179696885148
6.635282193297311   7.1855571186311264   2.8834384079485105
3.6759947399023556   6.799448836619136   1.3112897593222224
4.373256659052705   0.4563823203861239   0.8501847471611901
3.5677771338106474   7.849375542726328   4.376498531368303
0.8049977965690126   8.681282283545912   1.5215865836896096
1.4172474288266703   1.5365817058492772   2.4140188850994444
4.7237121179575094   5.082573910837754   5.928235134220677
8.55433283888048   3.314330250445969   5.3707847332723375
0.39025825058409425   2.7161698260599447   1.0734345471654978
7.795012692533363   0.3015983991720423   3.960986745023004
1.5571672843436806   7.071232992506253   1.8839429262254417
5.9461483420566825   7.736885320275219   4.0427432197725555
8.897609964610675   0.348358248896105   5.650642000330787
1.2752880038397445   3.1968930929435557   4.117210230994797
6.001903002588722   2.198692753177886   5.831144637822063
2.056563478695092   5.886505354151539   3.9681242562042347
3.0521823694713865   0.8941795509687669   3.252827319855819
6.328034035423756   9.699007168345664   2.357122624582193
4.09287118564661   2.7080051984174456   2.5968278198937664
6.018629715896646   5.453000328567527   4.435088366892105
2.481538979193848   2.0190259231988854   6.074153942217449
8.810375622340601   1.2385564252903278   0.11546050558084112
9.633761693106704   9.276646331370484   3.284845508174513
6.69957415634825   3.957357014967401   3.224709857133141
0.02255268356433443   4.958328547698842   3.9564749247766144
5.360673785342504   4.067943784975501   3.6848916857647342
2.5260020952491122   7.157654323545178   0.46522286428880943
9.346244002336837   8.098572717861229   6.054402257272087
1.7339761654497012   0.6746371240429104   2.5060419379826944
9.0950872371935   2.262484050094571   4.905912743663632
8.838157588200911   5.9141483838779285   5.2564206554311115
4.446331194933759   1.7567397211387061   4.124733318968638
6.769765305364893   6.254938195773977   0.034876886102165716
7.638506487604608   8.549563596753995   1.1045510640870713
4.665486400328886   7.970146392473827   1.7209255484032517
9.442389776367248   3.304758924208   1.7973662470041125
3.1009045692432946   6.006515544560416   4.079750255694861
3.615743849961693   9.521092439781139   0.4207531337316074
6.9109871941023515   4.804711872299988   1.5872881479382241
7.442596077041335   7.542772420026045   2.878971424081135
2.4874232371298697   9.490965034596789   0.43903920130821056
2.139653944008903   8.425835754123066   1.8131637117726298
5.338405129552338   6.782452249381739   5.528521784992555
3.852276443150231   4.962435377418403   0.02008559923753417
8.192462077218126   5.36717068714374   6.23658952418524
5.483762949788774   8.669637428771788   0.7149353743132842
8.84269147834082   8.868875072121567   4.341799201386832
1.029897306007904   4.64323283535489   5.8621966693991485
0.7961549732507773   9.622756010387   3.406619554897745
3.3725707096956907   3.505587048029025   0.6425797555858177
2.2239951372109203   3.679101602063757   5.5801276059807785
1.6815097162057646   9.228248331043213   4.564847487743598
4.502524005860493   7.0870219035828885   3.588554907881976
2.1255817775728985   4.856089072664219   6.001481939454554
4.552215915163382   3.6447605098787195   2.803984169301349
6.47439478922345   1.0544050201620916   0.08705208359211353
0.1656206112732241   0.8069381359995711   2.3154542938055185
5.0671729750490675   2.4187397874945114   5.447015856826446
