12.780095874233755   11.402129343764377   4.120142039771838
6.397286850825958   4.782735767414978   2.73633903722615
5.6104727367281955   13.089511213556804   0.8002892249199022
0.15197374014923015   7.44398945693363   5.03476485683756
7.757377292720997   0.9354631939119946   3.4446383276383377
5.016404599881775   3.3955408189384464   1.1659341429212795
0.8737854807990268   2.656590989315711   3.3837636810567213
2.904571861093164   13.664765918578912   6.1131666394850805
9.897449330246435   2.614001638251134   3.6490147091450282
12.43345733808488   3.7547114437106726   1.2977638886268434
6.304988470872889   6.683411301137558   3.6762709837874645
3.055524882599043   8.912538552447872   0.19084090479496463
11.149163764852986   4.086121341248388   1.170467615125901
1.4124166311237292   6.274232058209481   5.665339640907542
5.676946682074027   9.834621203526977   5.836124184777359
8.571048536734796   4.81294318281896   0.4139950557997447
8.387130373848844   2.986729043322842   0.2716611148283884
11.01903776823942   12.103732004486147   3.6012601389058694
1.4022080458151258   10.977926132483667   5.881665350209181
13.011951850842932   0.09346372955258267   3.2243471863605806
7.232371369384923   5.595510490835699   0.48787270164558766
7.696506825012689   14.180753771283031   3.4958681180877926
10.463390084545736   6.977604525862454   3.872068099664041
3.2608718647553636   5.625313508281845   0.03767650319650251
11.46283986218531   2.427105016936742   2.146910977327442
3.3776462257515707   0.5321443216148134   4.908464582021197
2.377477248165818   11.47493012464704   1.807328499845047
11.664519141977062   1.199540413391778   2.356675244978085
1.975686452926539   3.215646938796234   1.5582658063991248
8.405422054570314   10.600526717081124   1.4894208962316036
3.1574801187338837   4.273734046497083   4.853590286275604
2.0900799211651933   4.4320866761732   0.32633734837344325
9.659845305293146   3.9702776947100977   0.836997913742793
14.137764095666459   11.900007301135412   4.953812509598507
4.458442445373538   12.623716590099402   0.0541654202420121
7.636579745399634   11.486867550798765   4.043159357668897
2.89144244870267   10.266282449725464   5.194307416211305
14.321618545252576   1.6904415325346736   0.16013502312890274
4.121905776619139   1.3303612770296556   4.906407651236836
14.045909187504082   3.3853135458435246   1.1051328512249947
12.883399276032858   5.549668796626731   3.8712419917416807
4.7806948878059226   5.049124290097969   4.512227508445927
2.0012531455197218   9.071281855338942   3.5565017092571005
13.647221592564273   13.325828268868056   4.293266533378043
10.771204220238694   10.998740882094125   4.07911972142707
3.2453927813372045   2.8298773686056267   4.08363157673845
1.0222817991823945   4.949527819287324   1.031359195644225
0.48402390891457314   8.595465695102643   2.4230962186580913
11.991186469154417   9.800206834524582   0.27124715773999636
9.11735392174749   12.25160925533136   0.08145605512498111
2.8030377154513317   6.955164627297094   3.5156050911880303
6.406694586950072   10.660085099677055   4.927322760537598
14.234966461091506   0.4108476125580143   3.506322576009378
1.7066937100122215   7.386879680021078   5.731398963290875
12.862109851081442   8.685118783812262   3.7704500373130285
4.961487784309718   6.583740591655671   1.4552334264053675
4.123962829479741   10.57582471004946   3.52960659160667
9.200918009826399   13.45867027322032   0.09572746418685088
10.94382078669137   14.198127421040253   5.910644936149916
9.613393630308034   7.8218858601746435   6.128970877964032
13.605559216875347   10.350050089666478   4.698771266876685
12.321716010098672   6.777288820736663   5.298953688087211
10.931786633626936   5.740058395541859   4.505862559443007
8.785048029768058   9.581622352334726   5.058016802748839
