11.616052383005128   10.5691780822956   0.7823022928365786
7.303724046340441   2.4192661860414715   2.0736244199515053
6.491250102840664   0.0868989946952351   0.8605117357259955
1.0872524678915794   10.561838277874765   1.5378191779793255
0.04258180685302096   4.218697449608477   0.6665175327618813
8.665808228754631   5.333410720967278   0.5410778019053899
3.268105947750092   1.0625976571881013   3.422683548733509
1.2681584404612323   9.212547006799076   4.34735997003869
9.26423776018266   0.6388859348195701   3.290394586231506
12.082874570722806   0.30724621144498704   1.6265950630676076
1.2731840499357068   4.327001968117797   4.097645595717239
2.22696417299356   6.492863476809757   3.758568045038833
11.102654884517888   4.17944733762451   0.24885165771963103
2.8117745433334904   9.054655332362142   2.231983176323975
11.744899544296675   12.218005076041676   2.0336083106948957
13.369509694907464   9.929876858695474   3.1918157594442045
7.733034599385462   14.05686563529121   6.149501624205977
0.034367407399012395   2.2290027944459494   3.835991847690987
9.49771289420123   10.446005316969675   1.4399134602344579
13.746260235437306   8.468933310117785   2.133874879431249
7.219957461680034   7.722864986960401   0.46218423277019954
4.07181516222054   4.322247778953861   6.277294558517693
7.997154971920023   8.765240267113489   0.2242972918465452
0.6966545043871937   7.710929637183478   0.0793863190404534
7.96523930892731   12.758925575923861   0.5623487860139117
13.919884866093307   3.281462301971943   1.3471014779058386
9.59007125900985   7.772532022606283   4.460386590597825
7.495477249001663   11.483546722398701   3.08915514729916
2.023922039670263   1.1491043911318468   3.399900218288737
4.781324913516224   7.539824390751401   5.015091325891788
0.7105357740536405   14.395375836853304   3.092693911224073
1.0562194923581418   5.42784060276884   0.9473302088337625
3.9917386386982168   5.517188069992356   6.083741461311211
5.726112063654512   5.651940014328573   6.233552101957645
1.4623327408024633   13.260116416198745   5.5502617132198155
6.57196190569751   8.637038196083447   3.863242821157288
4.4963137009636664   9.249985066227856   5.556902959504488
13.130076501335177   12.644401512460293   5.411784267487929
5.8398566217150645   1.0693667969928056   0.39934099962952013
10.089443883342279   12.226275996413369   5.667186335137182
12.263403016124862   3.469073085061884   5.43331401593776
7.648284438312611   6.419497646503384   3.830237537224993
5.726656147851996   13.720647208848721   4.4076919353398365
12.904601308351648   2.383600313945857   4.311479657861904
12.536150515875297   6.2966668606649625   5.370559319146736
0.18766952541434634   12.291153940555365   5.982231228872231
11.597582180903242   5.5214613054703445   0.31424206541267624
13.068355695242241   5.053078212991872   1.3918002942668959
7.179509737369312   1.1126493689244346   2.463913011884384
1.7107962033671194   12.179833892739804   0.8013691855166181
7.190535914620137   3.855229333819567   3.840005697557133
9.990676321209456   9.475220481572492   3.128789414962826
10.17308738921484   14.31344420457875   5.8576336960031
4.422714799609665   1.5404269788783593   5.627629293090372
8.977661090897579   6.399855106431191   3.5424635978413748
3.217216548865962   13.86682884227213   1.7193661123984194
5.885870738748069   7.483567007180842   3.3690364060714213
5.999416475790614   12.59766205061298   4.002726118221391
11.901013303328291   9.186090963503519   0.0895119369462476
3.5252294628835807   7.4396999615836785   2.711029729579166
2.4964105063765847   10.788265967504802   2.325799408682866
10.229139269602138   1.407291222609756   5.3819052427426595
12.592657109044795   8.057308043926025   4.26679193895972
10.020671402794065   5.430472936500126   3.6896565295348585
