13.792063611645602   11.295054143780145   4.767627126657404
8.543078002939358   2.5357318728431175   4.679447241511481
7.76547807488383   10.552192421460507   6.106338596778424
0.012411026447482598   8.645295628864112   0.7470211127670071
4.520799694498656   6.136780610534184   1.6954681804221905
7.634600379298813   5.0964476645448515   1.4123433003565447
4.315424169107428   12.768154096723876   4.671369860651994
1.2420280476858785   5.237021604019536   4.513124245723992
3.8998957398199807   4.475830571027437   4.918717827799707
2.0983806262368736   4.102608018700191   3.1763226779592704
2.6710368071963657   2.4576117683853713   4.090895780286714
11.215105518903773   7.130049218986008   0.26733313051445506
4.125508184039652   1.5787940810899277   2.601732409912073
3.7808688237265153   10.551601767409295   2.132756192031589
12.611287132644797   12.62701436135494   2.5038127829392414
10.68793314243495   8.338749570738113   1.5622668332848275
13.72159033345968   13.49938305062179   4.546086856433305
1.710054998293812   10.373742589430545   1.512340366522438
9.780620651289311   7.735237364151504   4.2132600251751136
13.42419919361801   10.226413852648841   1.3168950655165708
10.179833053100072   11.25254695991251   3.478752719153945
8.066290431466635   7.2830083518184665   2.676916333080877
10.01038112466806   12.396114394667196   5.718231089813555
11.474906883858322   11.797422130478543   2.0925865465170848
7.586940064462674   1.2690133613570616   1.2586955281810468
0.6327711562772772   0.6714538406441162   0.667453147159806
13.067865654131586   4.629455999885113   0.8978008444556302
5.037819959555442   2.4539647342691935   2.820665243527349
12.979112491797917   2.9067618058955853   2.3971906999634407
5.8740737881915654   6.908708780213399   1.6577258509273578
2.67944716535513   13.343831799691717   3.0959642621373478
11.254799757453174   3.5441033842049037   2.3795879262289543
1.7489497888572503   0.33229196371015685   6.120167908715285
13.552615661730687   7.112089903329274   5.2447049280912985
2.713641869410445   11.881778711210465   0.26855201842649146
2.763587933900033   7.468470839314613   2.8814235491445817
9.896252704264638   9.663158853559711   3.417797119790219
12.38341300734154   9.988516585511032   1.9169479116801762
6.7962696153359285   13.892887691052316   0.33896717987755853
13.275140785772649   1.242572291754139   1.250688765439281
14.244272825868274   4.467008681245041   5.7800903073308145
7.310974776897563   3.611847484721567   5.058577771092604
4.656337098980077   11.542501020308862   4.907607577320474
0.7936734132670411   12.685012007236775   5.86081579002246
0.41902568901509557   6.6799713077246645   4.14376654129158
1.6257694976471546   13.715501071160665   3.003513499191098
11.882873338930123   13.63224142047119   0.5454843326548906
0.15240451367980953   1.8514734842930731   2.349950802620983
8.176583903023342   13.421629750412   0.6968863716175524
0.4604178961212985   11.281767757945934   1.6171197418618997
10.666726347859614   2.3457194766765115   2.631614325626282
8.631791690134525   4.4188018313566095   2.79384980313283
5.9766057811780495   1.804742761433472   3.5680913263400917
5.86869131543957   3.222485657698989   0.42655034607998016
10.882023780050309   4.821125325140202   1.3940128188621272
3.772064200429737   2.884941903156326   3.480293589197747
7.143907387454725   6.077371523360124   4.906882395364357
5.505423471295206   9.455975766212406   3.382471092619757
12.96285165833593   8.995055624329853   4.9127248770652505
10.291897190506116   0.24092210075543363   0.6257782256418944
1.6616936496732486   9.0276352263351   1.1195358898838046
8.355581343539061   9.591273308553994   4.984877381456084
2.750091934105961   5.0754575448330925   5.556244956375611
12.862312476404771   0.04104188376951401   3.525231274622217
