14.181529568127502   10.383523091176603   3.769227570195472
4.032346690532767   1.862493913575414   1.198270348354318
4.685653419472663   12.980799651914626   0.328681043768828
0.7417649255982646   7.752706053749534   0.38961010437000465
11.195292341650765   13.754127490678682   2.281952849507163
5.876677097516015   2.757751747510768   5.232170317634897
14.387351647142516   2.5795833752109973   4.538687788555375
0.31212641652344075   12.905240139954465   5.1208112890833375
8.820816318399569   5.111426129881751   3.975254629975844
11.911253202342197   3.58017282459925   6.232928610608419
5.333056685008097   3.8601645298243623   3.2422376566423226
4.545017687260112   8.52144565015991   4.569992904503831
10.272545039167785   4.024013053823544   5.441230511178863
1.6145466532005797   6.604879800241007   0.9938622950826498
10.520393493641613   9.41065833231792   1.1606279464477194
7.2477783667084115   0.9278009484844592   0.02703835638148977
9.171241413863312   13.627699699444078   5.94737528326353
14.405257681359597   11.714754032348125   3.027038856776494
3.6519929711508623   11.725309750293206   5.459185319241102
11.306829185901389   11.253179158321489   2.308420410120044
8.306765158867654   6.816526586244022   0.40858135124582196
8.972929279225271   2.1310126782207255   4.9158668373527625
7.013583234391462   5.33469032063003   5.339324146982699
0.6747849873213603   5.111175753265392   0.9137822353975456
11.616481117963403   1.6241598044267325   0.21991513973847154
1.1042156666078202   0.22813669264568687   5.306198139027227
3.205547616498694   9.850059429062659   0.6424275576881437
12.453800575191893   13.418471068397519   2.235865374427862
3.1637623692345764   2.5894411272388864   1.2107800483785165
7.042176586786799   10.576581220516765   0.409295449340754
3.4221419177682146   0.8545429047812355   5.898584250268245
1.3000957534296753   2.724166858229018   5.401450151051588
6.902300017600943   3.766613449511582   0.013595794962487417
0.06098069600705236   9.06417620524703   4.593092132216158
2.392481767704123   13.844416229286736   5.9337058725226655
3.1522887679962186   12.827926852566645   3.912924251504536
1.250276307162137   13.515810130291694   6.2179620223918635
11.451259419959804   0.381668666960563   4.841566866096808
5.663947005841163   0.2919095335343621   5.865110690410316
14.02476249447401   0.007487533929518397   0.6500851541648449
10.66198399449316   2.5907760146925325   5.499154679731204
3.6727709798273382   5.463905850546605   4.202038745043673
1.7223459638544216   11.582200363684573   3.5234227790918737
12.862107488753377   1.5538366394762613   2.7943774515801425
9.221611874571945   8.591717062247513   3.874910965146948
2.1449495290139065   0.7246927280323914   2.3029900055401615
0.5765639956140977   3.73427998431916   0.6742460499729086
13.700050265255891   7.394414949807875   5.540298873930052
10.985508040900365   7.849738021068132   2.1539845538231988
6.714405682164984   13.83340239016707   0.0799065337001064
3.1732137303213053   6.5731267664639494   5.0383911820583736
5.074758887933539   11.426725077789069   5.240591832396124
12.342295041295769   11.120725101708096   3.743200082941994
14.05935100220692   4.430217686575212   0.05364731357467109
11.959634770542081   9.8088994365043   4.465093175478408
7.47968051713713   8.865431755612654   0.46790284099240054
6.494576700542256   11.740271989803894   3.4754990241487342
8.341657757714778   0.24670260612114692   6.055123271715945
9.721260469767358   12.231458040846073   4.009254916798496
5.750081605671326   8.70483322060238   1.2654996233308886
12.437583558093332   8.662181393245335   5.086356532497084
11.120542634145966   6.582223434999801   4.753618916711339
10.152087206349286   5.6798483911107525   4.16988559056136
9.91202023598867   6.724304560490944   4.949279391746568
