11.188091226697308   10.87075995449063   1.436774496070293
8.249499233478302   3.186165935932721   2.2757889624763217
9.325740930037796   13.919731951136209   0.44689687496020675
2.2412576495977627   11.315604713619022   0.9470150788300413
0.20536621446310332   3.2715164358120834   0.4237399205120218
10.300189293383138   3.927603729422992   0.943446609519256
1.752950686433984   1.13703280729881   4.160502058286019
1.1831426064109474   8.301123846757969   5.354850781190568
9.520622294928401   1.0957931988761889   3.505795731401871
12.729065509153763   0.185902943610801   2.264523706324844
1.4103708068732477   3.3706365653886112   3.7057433271254148
1.8707720877952076   6.37651678757627   3.1135282618169264
11.170359527732277   1.5991325140857169   1.7567832536923065
5.435127977714588   10.130838706142653   2.7150540916146975
9.78459973787926   11.762759739359103   2.369180756749407
12.569554253023243   11.183165367583623   3.1722300467643447
10.435313174413618   12.687144129366185   6.227837220056608
0.05363365776538631   0.8850098339050085   3.8202118870291364
9.212914844360302   9.808737021034343   2.4587468129759658
0.640786494822169   9.759713205661923   2.2873071849049738
7.053456353351403   9.035032136473804   0.3328325899107564
6.550207649936948   3.9110999020346773   5.156198422821374
8.122005912659535   9.36143420183208   5.867723997554216
12.908755987505243   8.283715942119542   0.502155558298801
7.8294566304146835   13.415918849424303   6.242291191643254
0.8604779357644614   2.1855048964631965   1.1011255348424303
8.50695717261843   6.9828884015410875   4.776264723691854
3.9352860093062656   12.175794055795702   3.100990516196746
2.0907471306459566   14.266452179102906   3.311767515796553
6.493513252110608   7.6761697491964345   5.3796851480211085
13.078141906524554   13.242651867122698   3.4627318396493862
0.6738081350375097   5.628638816304378   1.5433468184491463
2.636201181507929   2.825274927598866   6.240694722638442
5.840889407452474   6.390976535122678   5.4476174687178975
2.1785653816111963   13.026261328592428   4.887175719904316
7.2510489862704075   10.103309049839885   3.9570807485503647
4.4758515893039625   9.05316645606528   4.5556476346570225
14.211857710896966   11.581926259468782   6.272362402391542
5.456370718225654   13.018793397174344   5.699245498683478
10.314749815975357   9.866779729875418   4.943692228813182
13.298027760860215   3.3148376114619156   6.247698685898635
8.079974083367608   5.665431153394926   3.881082667721474
6.58465474466369   0.4647534500671515   4.152794719752778
12.648277909635983   1.4523976270518697   4.423045796176991
13.554924015019173   6.153990882141226   5.111099173840236
1.128510515553126   11.894257814756502   5.483943777056591
12.006372715375893   5.248436706735962   5.1282224825596305
12.854986027386925   4.46964286393419   0.4619044511097654
6.224069553617788   1.7662547704369636   2.532336383413421
0.6049956301051591   13.899137755051683   0.7447119918998465
8.136817347717752   4.283330661888744   2.4855065867327415
10.459599963565017   8.73479446038625   3.6340942770634643
11.572436917056914   0.061630267261337635   4.933209558693582
5.184743304865402   2.921336174801897   5.465249593654165
10.509713983034672   6.700185667065286   3.8651122888857437
5.038853485073996   1.2514109561839175   2.698724940169677
4.774166829365544   6.122319971491271   3.895663584913257
7.2364861220840675   11.187032626551728   4.001219140590816
11.367868997717595   9.336211662043032   0.10150788357031768
2.59865709144198   4.89031185662963   2.9440594964907283
3.706616075130674   11.024914771964268   2.8932606588108136
7.656975323015732   1.7049481126121848   4.832621794182748
12.400549257031496   7.224095789686741   4.2166744432769825
10.140714364166858   2.8642760957666513   4.1217015810810365
