0.1343221708988679   10.948493984396567   4.021315837199171
4.867843568509816   1.1796363045858702   1.317722629409989
6.690817598610385   13.920088426540161   5.704222045004011
0.601183185846419   7.3062090969322675   0.7210430198082844
12.410298590188813   0.26973151145414087   1.3995412653740704
9.534633190362195   5.710857940801238   4.992111689320424
14.134775181285063   13.50612094967283   3.6024102821234423
0.7744214228436889   11.899484221902169   5.223699132128556
8.665767655149535   3.894688716055283   3.122846728313694
0.1915328647335368   2.960837874290539   6.190652996033899
3.986632883896019   6.1911335991260685   3.858758771309491
5.632372196636991   7.855403725511313   5.281522156226951
10.406323630351348   4.026968411059969   6.115416478898253
2.436994229516553   7.503582830702304   0.8641947103191433
8.683114538821467   11.204523111225004   1.4593197671114255
9.950384610620022   0.1379548665219133   4.766914064854673
11.0662327670953   12.066334226979288   5.1203765539874855
0.6133760189170006   9.328399070240923   3.4183015118298816
6.155221635094592   12.56872252979196   5.415806098939853
11.14098374520068   13.978336861642052   2.7106269806687835
8.498312066772254   7.67493336191226   6.077340192171848
8.092418245670967   2.388466897997123   6.211277799208006
6.286906770610845   4.488972506266614   0.005729473202550475
0.2226432305114212   4.985534823709338   1.230975541696511
13.688878423915812   1.6847148521466624   6.162448819819559
14.332039579730798   0.5742174049561124   5.8604203073744445
5.486378424064833   10.212613547573401   5.639883610497818
13.400084440684942   12.50712883175893   3.114031044404524
3.2044460008806435   2.555623126833194   1.9544677839171531
7.132412550713769   10.567763792620415   5.668753685268143
2.356902618267197   1.3460373264690249   5.667476159923579
1.9346298698127626   2.666614306321408   5.608949732032682
4.373215269955736   3.1889452036353276   0.9411257848719112
2.0622142130477084   8.625033779493986   4.450803850624959
5.626048698406897   13.893381433934616   5.2495610095625205
4.361400408067302   11.049268554773068   4.279144604649538
4.114580919952408   12.431171356823732   1.0618576121484122
9.533524330821626   12.39980078594628   4.825892028079226
6.915393924294737   1.9059712619320894   4.940885004549741
2.4730846455713116   13.300455169069394   6.252426196393671
12.26991496003738   3.658272184688059   4.491034953893344
5.205282941435945   5.820883499334476   3.0973947862448483
2.267605077146021   10.246222808627714   1.442201180748539
13.079528569226062   13.569764570353371   2.575889406919427
9.30621667512251   9.162057927722646   4.40643398933757
3.4285109797783946   1.5258355428653383   3.0915455596844783
13.323190771750795   3.3433609226311845   0.6517515776812002
11.817020035108659   6.549144272608565   0.7032315190968059
11.880378792912667   7.702922315042735   4.071468151624999
7.723094753687663   13.405966948480549   0.15431012719080808
2.376388662639343   6.415039488215353   4.754222323249573
7.20349564241353   11.760890241291335   5.21185624633024
12.118699367557351   12.200146977766225   3.525982225038545
1.6440439263904345   4.773278248825909   0.3908370286248535
10.73637328649038   8.391149470083057   4.858243374909542
7.14796447980606   6.449033368009135   5.502779345367409
10.084255513107392   11.476669125012092   4.57863539039731
6.128622933832007   0.4569205636033699   5.469405934962659
10.14415380618189   10.025624006499495   4.865633405856327
4.185392974296549   8.553814705202441   5.891865431290641
12.724780780734113   10.670655837229194   0.28393702588733605
12.477620745907688   5.100905901224085   5.16080972514668
10.9690164549636   5.554610765538629   2.343262245069655
9.474028859874265   6.7698099059442605   4.670586664454738
