14.029720473032725   11.983112647968879   4.793630193807404
5.055648503310922   1.64032829305077   1.6056915476381646
6.572114676266807   13.36143024522924   5.666167569030534
0.4535701043079536   6.847590948795962   0.6494494234643066
12.052337784702935   0.5894128852818961   0.9583707984758458
9.071490753487637   5.5640570272969185   5.127888911559661
0.34172500306398923   13.7997048832077   4.526484934436073
1.3638042966534343   11.49412530653538   5.2621927161407225
7.795747261962849   4.027271025101984   3.028864784542104
13.853683056630974   2.648080321521207   5.923629279062383
4.542028035791457   5.116307871957683   3.9558378049088043
5.584769370055014   7.5913498009647515   5.253044376127565
11.096754231571245   3.5408763281153885   5.863040030251307
1.463876589617791   8.512708917628093   1.222357153682248
9.03106569160911   11.524785866370548   1.27154947421421
10.167253849766212   0.06189801629927866   4.799191564775622
11.16729012347922   12.443199759254512   5.190728572113644
1.6649442675632382   9.59542287118574   3.6905079120853843
6.385007950544399   11.985687348635206   5.732810337659572
11.000158417611804   13.789272860150543   2.5091225758217526
9.402021725402893   7.437347454044659   6.250510221273163
6.733981900830747   2.3886437701639185   5.935950243148101
7.1336931843797435   5.192927344116909   0.013169127184656015
0.47065276102207987   5.0904545447289316   0.595861202232861
13.430092094345929   1.5049195251583776   0.023833869136682395
0.26345215052531673   0.6898743836867085   5.679595312477524
6.070410470785919   9.515759719323048   5.749211062605533
13.068469157576981   12.577094943073316   2.9316727455883913
2.18089864360237   2.8584055612650157   2.1744563289456633
7.619563210116895   9.958202611304307   5.73978486939486
2.2720852524922974   1.5969657812495295   5.857878211515496
1.4440360424733174   3.9749703058517016   5.455869443295269
3.196649279900905   3.920536311863139   0.8342002594233069
2.9165533309941014   8.726490827564946   4.809356918750528
4.9947224874757215   0.5458940628850891   5.283633870690937
5.163285056972715   11.898086560626275   3.7307227593403147
4.242983413370089   13.266221217669184   0.569903791456853
9.716650776268883   13.409239399928818   4.631717009594988
6.927399644469152   1.0587298717333464   4.6286834437684705
2.330206573709757   12.74898488818133   5.953946574543321
12.352799696496817   2.534651364516642   4.648543829967797
5.306236632376392   6.564383898125879   3.2898998886776067
3.641903815052617   10.573530203720575   1.202926951642246
12.239966501926972   13.937452630950302   2.509544370200698
9.735334404238651   9.223779289296429   3.822276979870263
3.7254169049945554   0.7534174536214517   3.24963607784308
13.033710984461026   3.7572361060991786   0.4520844132401989
13.019017673204123   5.993041302115039   1.1447252765295368
11.864923468569705   6.981550020881746   4.038443250041181
8.797402149596161   12.872888597044096   0.28953248165726697
2.609337569460422   5.945384769294642   4.256465463868208
7.362677676290196   11.262960654848392   5.297764144751456
12.873546877365257   11.124629166792708   3.057298086013592
2.2964901476049437   4.8182255485989   0.8646282125103845
10.59685835972235   7.136151946468337   4.823159790775011
6.145660544956167   5.765484721832404   5.72792263815789
10.168777517915522   11.940316206583717   4.3435687548126936
6.462905146203034   14.393563047696611   5.499805208596207
9.97287544122878   10.277093546582284   4.678198318752632
4.018466539091294   9.009444608563898   0.14928001649724093
13.13652232570675   9.060001927302226   5.878037785056793
12.239929479428373   5.112157064043609   5.028589187776944
10.836731819557611   5.364943649887182   1.6219947263976262
9.9428503013294   6.253695900919122   5.037742603436701
