10.894499012636818   12.220542594754734   6.183211175050333
9.313798079167071   1.9314807321217657   2.7614063919307617
8.410571105428847   14.330632502552795   5.706466106554585
2.8725253843232137   9.711666954626903   0.9327159931184913
2.234451706911214   5.185540952639855   1.1190498974737264
12.321440251580412   4.95402521522517   0.38002616384658794
3.113963696708791   14.063276803020067   4.924222440065477
3.129364797153354   6.517425736025084   4.5634307112043215
8.476354138241328   2.85166005897611   0.9396607552951033
11.613031798984366   1.4953005292766894   4.656119031830127
2.3067919603595155   2.059374527680922   4.593151725102751
3.047697171326935   7.603355908985224   2.411282834149181
6.740577373444512   3.3247723035643473   3.359829853383175
4.078447904406532   13.334384193907074   3.103690534733506
9.231930923775963   13.442834548253462   1.4597834545941166
13.984698321682016   7.861387670549772   2.055519259626272
10.317594389662188   14.046998648147941   6.002760414570146
0.30133543810235786   12.2142832792813   3.524035563125748
9.307576939571058   6.57276509866471   2.638677277723329
0.37913047877674144   9.298157951338109   1.347865776833163
8.2062512608766   9.460833743360116   5.429450072389128
5.317525763493194   3.996803265741842   3.9104238687051813
9.619777835049513   10.460943376458022   0.3430167735248558
12.590203179134306   9.60714366765616   0.5686910496731098
6.525162265183756   9.919394380224983   1.0690404756033691
0.08364871328198101   0.7531315094139788   6.28139524203164
10.940714062480527   7.362050148797844   3.9501470817720237
3.0175576409024756   1.2003644530647493   2.5265665314076475
13.76558959782143   2.2202909258364087   2.1041783798828018
4.403006903580956   7.896654639492711   4.055969988361791
12.526482461731064   13.137259097750704   3.784807853476692
1.1622208985897213   5.409116854874104   1.7247453479142012
1.437840961488062   0.8117819514380937   0.06653334700181411
7.265241657939189   6.884209762654948   0.2822444202054103
3.515003595717229   11.304046533940786   6.049932709826542
4.289894645608093   9.826326843837464   5.019094841149481
3.6458499973592726   8.721328365198408   3.4104613918215696
13.642512027107326   10.105798507689727   4.632545514531383
4.79673496094375   1.08186339371573   0.02086249010336394
9.601234313931608   11.91978103679895   6.23846578374765
1.0767139917185728   4.038675623140339   5.100301549871742
8.358559586921487   1.3649276161612287   5.159985485577032
7.508166516640246   10.377328338737195   4.500313551837121
12.524765863210243   0.03830687161401894   4.675757759247111
0.5953301514367988   6.856244544386345   4.6996068897727685
1.9958147597353957   12.906494341631422   4.020975423854688
11.865976435764628   3.6930829608020757   4.624069295041002
1.1490559658123787   2.928679546662132   2.0280969172050893
5.353556854852784   2.5118672991478803   0.5853811869522144
1.293492818346155   11.81308954401742   4.023805095964713
9.287741105543269   3.8598660011181027   2.0759190001374606
9.176034288370134   8.357971971873038   2.4280588748788605
10.138231650319625   0.9200901585856485   4.351645414036002
4.447939161851316   4.68077809916184   5.82687149995152
8.070660268251137   3.945834521426534   2.917829226038448
3.294823200171345   2.841567225225823   3.474354015601351
4.09753430279145   6.007110266437851   3.813726409717838
5.889439418042857   11.447359355313234   3.617239262222245
12.79812168670006   8.325441030731401   0.3939595536981658
5.693438946072394   6.6486824534364555   2.281743012548143
4.851878571801088   12.142500131513115   2.228987948828804
4.584376716082997   14.324604349861332   0.0798519043643234
12.949644418919645   7.046157452538078   3.209633801907115
10.473199247330644   3.3372859280644476   3.4544108383696632
