10.18943827876739   12.108076639016236   5.998272400837213
9.459774247985164   2.2537143244056304   2.5097731434353134
8.165014080461399   13.532103664747744   5.853055763635985
2.5006876610713746   9.526601233530766   0.820462974805345
2.403800552511259   4.325627096888635   1.0208788291939233
12.313365307014287   3.8162824029731715   0.5963190905098577
3.3165169957896463   14.306711960302682   5.096050419492579
2.5257848801574103   5.803997842531927   5.08693971291762
7.227830633871804   3.7996646003108636   0.9713128126186431
11.119024500081805   1.3239334544208243   4.215342571194217
2.4858202175682824   1.915385375028252   4.60672723438672
3.2429644726036857   7.068077423399001   2.171475601578965
6.992338050498115   2.089168290824209   2.7209216476323412
3.6185624176048554   13.253506866737817   3.3571335984464183
9.401910708147492   13.551461682034926   1.0537858684804513
14.250354058851698   8.878270352601806   1.5446451564345391
10.446469730642404   14.170097394303182   6.163769689024511
14.007138567846479   11.474795142550166   3.840056102456297
9.263672715167806   5.477299199989837   2.015057011372248
0.21592903401625166   10.412844190094237   1.2668119305334522
7.451224661533296   8.8406300280968   5.672117853017201
5.091973641872492   3.8596413583334983   4.005049154101473
9.02872961073546   10.083524184315285   0.10998680547980225
11.783983957562912   8.352297800951744   0.3053431694054089
6.816891405646376   10.415975650852733   1.014972884689029
0.46644257982360227   0.8184817351293153   6.149629877745064
10.594463023408398   5.9702487746108925   4.181734852439636
3.339097425644184   0.9355561291725565   2.9057784767273995
14.06150621003042   2.414387319853278   1.9305076667914574
5.5864923316406605   7.7581898926596375   4.5237872768715786
12.583130953226958   12.650854283113366   3.9613962016569695
1.2385692628742482   5.768755598050369   1.3991197174414767
1.6059456980374294   0.39804156239987587   0.1502710521453169
7.563999570131778   6.9292095833926135   0.05257961216228324
3.9576996286562722   11.765058340946988   6.2737777177043235
5.42370649653099   8.932423715775956   4.9327242298179845
3.306028246512985   8.46948362433681   3.666684077215981
13.316098850914651   10.423179393449171   4.1944957685658695
4.3282670097731   2.4420587790846557   5.833720732407543
9.074519880346239   12.236892029178883   6.16475607188161
0.5694794225593776   4.353273797194387   5.145337901772024
8.091021744292645   2.038639501935179   4.554983175103682
7.832536813115379   11.165502565673643   4.084444894657465
12.254856102419403   1.5138441628411647   4.352898293706345
0.3657033326004672   7.06895661944495   4.544408462143384
2.4885443742937836   12.752374615944936   3.949666437089718
11.227031635878584   4.672684906603489   4.712770663440745
1.2021424865119403   3.101898257721884   1.551041566303908
5.797308537448226   2.592689009936027   0.36309328424379184
1.7532450572943827   11.717906574779995   4.940905888641652
8.816241496820988   3.3501744227730925   2.016072919988504
8.88850106121994   8.590047323494764   3.1247866456422564
9.489680700769368   0.4086197507317453   4.162018213854506
3.6441608665793868   5.7995503264589345   5.622706999778209
9.030922173437524   4.387437655275915   2.99642894072602
2.5376108819805077   2.9491754778525285   3.661447364604384
4.412290501468867   6.8026278879314255   3.90329678424954
6.7345499546732945   11.517480810757931   3.540918217836033
13.153697822903897   8.71267510820904   0.7741016081729405
5.995589371298701   6.460106718415071   2.145202373553182
5.3045008694285425   11.938533383340005   2.5663588747274413
5.878326378394924   13.769585176638182   0.10523630293271324
12.29797482043537   7.251339840555351   3.87016819946248
10.691379108431244   3.1959286696260283   3.4779524063476726
