13.989358140136039   10.174372818005272   4.123412545221244
5.3387788655432855   1.6946571338933318   1.9357159636751646
5.087452473885381   13.533001290038428   0.008583097120538882
0.5732492568580245   6.75960202183126   6.230945195086079
11.736237328024492   13.380946580320366   1.8858293395531947
6.495408986001801   3.0392233178872483   5.14498257444721
13.722570766767488   1.5137224128556475   4.746630036684083
1.0935950528421594   12.60088792481475   4.622356808727473
9.100828988205013   4.0962560784323045   3.5286134624832868
13.199917337936995   3.732331342252256   0.10050726040943547
4.831081439882685   4.076405467148779   2.8520442185112684
5.640088957288212   7.092540207813892   4.664460411252747
10.583173542336052   4.5197648311841565   5.379396681822723
2.400458729231394   7.8446050199782755   1.1318204808582328
9.402113506115949   9.598001820807944   0.7534007337965841
7.185324886084382   14.08238372002769   5.784767280623921
9.223351628006617   13.730698393950716   6.163270980725522
13.96453072215655   11.288386528593161   3.1129549658597817
4.665341930418261   11.286272739542413   5.358654564679777
11.321844083512643   10.974734276524883   2.6407552245179122
8.112798963873654   6.793828944774204   0.814953106513807
7.840491330049124   2.2093169805064523   4.97196819266847
7.389952398811467   5.1712548033242465   5.149737230031559
0.24565409796277105   5.415054747198093   0.9795603230847374
11.642291164713205   2.1418276460927443   0.6880966030936203
0.9687444945854776   0.3254481644165991   5.397457536954553
3.5525824058457305   9.960294925843051   6.106676850547821
12.995625642833751   12.938161327426485   2.260325933928856
1.6252623066502447   1.8242523270568718   1.5198178269466667
8.15871354877284   11.031958581762321   6.270010934638251
3.000187743399559   0.16856506065715068   5.918500587692723
1.7678442590160768   3.339299569355918   5.621070330111671
6.272323698855186   4.435132765917744   0.35945385932253304
0.021907279363505006   8.366539491515718   5.510336086573606
3.806443632269728   13.521853977524296   5.772264632790122
3.2096382988072385   12.084511325407073   3.7644289978712386
1.8741271138152622   13.616195901105895   6.0069376234594465
11.925073355185642   0.14953084117674595   4.93049463766409
5.694792792657413   0.35142394383664   6.091819806831507
14.049805845976675   0.4235100483056784   0.31763659657923676
9.677309368422657   2.413700629689647   5.191293346966705
5.602108717248942   5.32484077179377   3.890747118758829
2.381346860652256   11.017942504262901   3.059231901932292
12.95369575856084   0.5761957760337777   2.985923387130323
8.488677659297768   8.260104821700933   4.274569890986547
0.35212752296739747   1.466989406128452   2.6094529297336577
0.56651792941662   3.9385983764589043   0.7160980082935284
13.576330054401563   7.335123184679165   5.589846115023809
11.607013310768902   7.678565999789412   2.981934786997058
8.222444035598171   13.09699161541318   0.2427273574508193
3.2785179709970365   6.23399305649086   5.033057099881265
5.66705322771508   10.813081451985113   5.139932893574274
12.531861982960502   11.850049848877742   3.8889807284110596
13.731374511890268   4.763194761268428   0.23259985606136577
11.534704273211732   9.06382024621033   4.849576194124825
7.080712683378306   7.777048369086606   0.8346768936693925
6.553104283275596   11.705485439062628   3.2886886229156587
8.808110006118227   1.6351793746934828   0.00678525359212262
9.798888504453682   11.992493835643472   4.363450333534331
5.951518107948606   9.00726358872705   1.5864147638636286
12.789935106197852   8.899312763495148   5.234373277973752
11.490964616006544   6.105516155173926   4.587326558938838
9.966478078472754   6.141302791180974   3.900875669052924
10.48517346436604   7.375872330592202   4.2453871687319715
