11.526667010923774   10.76170775914971   0.971335306339655
7.44429540106355   2.2177989111587193   2.014392880537396
7.2770513584389835   14.201324844103675   0.7591758380584855
1.4769344580756396   11.414167805378439   1.5821951154374954
14.221513982905028   4.625715317267348   0.9097679509613216
8.377299740353891   4.983578517713844   0.569459015383216
2.0743442141097574   2.299754201818064   3.5244885062536437
1.6278402503837561   8.595190906895905   5.042095691093572
9.424708381463025   0.9633541673679523   3.2634303226568164
12.62971683387314   0.15866524692972406   1.59897584646712
1.6258531487939205   4.164024219685001   3.2803008469885033
2.729528345265683   6.479833223687427   3.5342617429394982
10.438095580189495   3.1610716548575315   0.694559294157184
2.7376655709501634   9.072393104411205   2.0008331706284648
11.808344085308825   12.731199131896055   2.7004229168427427
13.215720627514312   10.654705022655566   3.3713075983621428
8.758041360615444   14.343468762855357   0.12715137199369278
14.378821942044764   0.5709616815140063   4.393482590850719
8.884882427158695   11.132267968413784   2.3420724257585026
13.68912375306092   8.19352327559465   2.0645315649561757
7.454374051972636   7.905985701369199   0.4291599817566335
5.585589587801696   5.098778762291906   5.998401417382268
8.535181208743992   8.986856379644847   0.4783818044834145
1.0299138169687714   7.487043808414963   0.23807079944565815
8.185977115502082   13.149275892346564   0.6950264133560188
13.749277595760606   3.2121971889270506   0.9033597261945048
9.69332480678319   7.49270385787121   4.329076842456886
7.823984584087028   11.685937206205447   3.1762973930070886
1.1002834238268728   0.5955198422229079   3.2698341137964646
5.238798511393736   8.018640359300111   5.077762978946513
0.46727088919660614   14.04505672262548   2.902599167506021
14.324217058400407   6.485874059496563   1.2768604942246546
3.767947017172753   4.118775820450589   6.193381993255789
6.517395798799694   5.830319425008402   5.4507534700637255
3.253702103890294   13.260532715192452   5.750789017135503
6.93714486433212   9.754406407068554   4.124368112935037
4.024736206595593   8.624435833779728   5.416439539229586
13.340030518457056   12.973168431838065   5.7070040147058485
5.741015086306482   0.7688437758493646   6.266242869258882
10.172111728603216   11.86640112430056   5.688054506331436
12.548968623429147   2.3671471107265214   5.6404013015278025
7.772197277513288   5.9124150261693025   3.560144485219644
6.092871327635814   13.697552133827418   4.943089571242491
13.212359748777766   1.5150733156319833   4.664550017842979
13.505898910785936   5.552829281269625   4.686421930272949
0.1593164879228297   12.618221279179561   5.84612853504681
11.959333417195019   5.817691646007933   0.35422773578241284
12.067455727695759   3.6756721477437897   0.7216682616734083
8.335215611743191   1.584527740485567   2.254554582046738
1.3148672649494637   12.745871536976683   1.0894962660099519
7.676516859223404   3.605039950662213   3.381180734308412
11.34632837737833   8.338909358270747   2.884907084709018
10.488319033721316   0.12014023969940318   5.558765710896158
4.970048948620723   1.933743154882323   5.808816149716716
9.069630030398448   6.329641865184566   3.5255468240520345
3.5138190443776023   0.18588114491980673   2.4483868154069683
5.490408978644933   6.774849374829866   3.4735303029645195
6.8777345713734555   12.583520516675522   3.632970253486673
12.646107110991828   9.515159888622755   0.1328501546154368
3.494562998160108   7.445865447508473   2.7058982723308436
3.1528026239810107   11.374869375574368   2.3655283153814097
10.116097558054612   2.0732358383525966   5.3244289537186935
12.443376601960525   8.047908704867382   4.257455119984667
9.499930875840612   4.53492049893924   3.7677750599533786
