13.793209365119703   11.543012890703391   3.123272339486763
7.127714230989035   5.280777117349022   2.4311303938521807
6.052764178501025   13.446293485195554   0.9775227631875993
1.1414519420248408   6.402930888048348   5.388689934271842
9.564727197302668   0.9219366775956798   2.8969239105948503
6.121634338365903   2.9563100573484022   0.713026152776103
1.9452847584713482   2.119009323028202   3.9299484998164704
1.3877421483868249   12.064177189389722   6.140321069193534
10.058380192481371   3.6582691055617533   3.73481571589348
12.21792523593667   4.627159645191516   0.7714618806890721
6.055627483035854   5.5241900745252135   3.8789470015442684
3.8024920140111096   8.189888384383728   6.009365495797327
11.21193461940785   4.0991874902459955   0.5727334841997611
2.3870556534915712   6.637294818987389   0.5362011981733499
5.932590281653522   10.227996097578782   5.626607182602099
7.361997098562183   3.484903978259951   0.33824371401044695
7.492738005369138   0.5938706078579502   0.16739583929404236
11.757610091548875   12.172254127873073   3.228336209645353
1.9550265097146817   10.135682544544764   5.4677738759829175
12.658961255092649   0.5288618478797467   3.1714913573577586
6.301230206393625   6.760916966188019   0.5661577680821652
8.75699564632941   13.007108960427244   4.354020657189284
12.016216442741998   7.728932333317965   4.559216623416675
1.9000768739897085   5.647902905688049   0.278081719811959
11.228646390879204   2.727953883407115   1.052718032870013
3.0690578930276846   0.5016158846636412   5.024101717619454
2.9426570371125007   11.295274861519513   1.5915199930225112
11.529063807332603   0.8665940481037077   2.041476309052392
1.7476289046978797   3.2948818689302777   1.473249636994749
8.33234177156493   9.670249813809008   1.132947762920533
3.137641163504315   3.2512956717265875   5.230408717335949
2.8809329089218294   4.986406601039794   5.9185889960647655
8.817767382244517   3.1167437130451416   0.6822029915012061
0.025244057152029237   9.976761707274806   4.3210195539380285
4.0894360757169315   12.484206390862349   0.03314537801910422
5.152876684913835   11.774170964853312   3.8899758112483895
2.6222263229199747   9.210054805925253   5.551795274837198
14.022233950281908   1.081574895376303   0.00976690603069219
4.352266228687759   0.18240335767847604   5.381832872248262
0.5792127271770265   2.963761456276345   0.5146260360987525
12.551846501642194   5.857613679633133   4.247227479517686
4.974274812290567   5.091431740174374   4.9098439541744705
0.8116176445548953   9.003794793399345   3.5014825074505556
13.066327847169145   12.415164773410071   3.5904205948842844
9.891530334581375   11.58633104186893   4.6219692840769495
4.471946828304706   1.5062879570466865   3.3014132830221676
14.100530379529559   5.248346314952488   1.738863994973221
13.976642446088873   8.486104361617116   2.288860361814864
12.380455121556404   10.50118702769729   0.7508856886102271
7.574310966103827   11.560709681382962   1.0860576613614976
3.769577992730395   6.993023948516181   3.584650257945004
7.177132728106537   10.112082941581546   5.162065970761163
14.094440858475616   14.045493522631535   3.243729791663161
0.8506239961541469   7.488296028996673   5.813248731510877
11.7088596185446   9.105046417619418   4.171321684457832
5.0416261259686035   7.630836755255709   0.8947415813478911
3.8826338750361895   9.246446939976012   3.171423910228868
10.122008888109043   12.62892220219176   6.24485413485694
10.652000105813512   14.07904776440828   5.70282883419561
6.4461885450865175   8.96930666464845   5.967037946727113
13.32868562346538   9.906644558910955   4.473963913116592
13.107044193460442   7.342013664806999   5.716732973213307
11.126691377249143   6.49360988089092   3.8474132991186147
9.513291802848107   8.600281011065347   5.282468657471581
