8.588073667913287   5.716676779140817   4.799844280336255
5.359140055919069   2.7599634399223967   5.487642765978909
8.509796260567306   1.0897295895934995   0.4070982015721599
8.400425759348437   4.248172436412142   5.337658580329298
4.4262367297992045   7.822706371131588   3.3710140140078653
8.112242425229232   1.8473134332306067   1.1891640721436172
1.9750011627630721   2.0480456575771218   3.1514602052424388
9.664825625858688   6.423169470792282   1.459229081083556
3.599507434077618   8.127281728211807   4.408660302510919
6.094757101262016   0.9257418603007115   0.4992521943789481
7.077277107254059   0.5025980527358527   5.662732361105464
1.463926686821317   8.328207326754342   1.84027071698845
8.18529322998868   8.355875285656694   2.200315650267787
3.3127077913149185   2.555257828260766   1.549213956451968
6.568632608055146   4.852906187254828   0.20492488961933303
0.3722125681298163   0.5059667464670332   5.477945478466674
6.092358022109314   5.8194442984811605   0.30792182896373954
8.424365620345483   0.2120053337681322   1.8783811547738871
3.6229677125932627   3.662512652581598   3.2409522118589034
7.471594421817272   4.782695953344619   1.7995781004575295
4.409663198866688   9.073693109370808   4.125778205862066
6.013388701408779   1.7897622935386446   1.8303735898291067
3.5936073187334507   1.4570749930089266   3.6607095912642924
6.938507195851417   2.151727596643638   2.977771940913032
4.6496865300630095   2.2144500143587096   4.404274991553338
1.4614177071032195   7.333483272994495   1.0828360046559946
7.533798142105258   3.3718506303552944   1.5532416004429106
8.357007018020234   6.984659056729445   2.824438382302908
5.745205904460647   4.8440057207680045   3.7572222267313444
1.3911730918881011   4.949341607189117   1.0365590234539943
0.2839637227069131   2.427589763333511   5.806734676193559
1.7448967269579005   2.901204908851275   4.44594258859376
0.6616272742535352   5.693740415313214   5.925731837450182
1.6498595355806094   3.8796539160441617   1.627563262907723
6.274397967818486   2.8861971291637536   3.5328816893993125
1.052683124191801   1.525828873088564   4.253445368990224
1.9708969578565478   6.414728680881897   2.6523843637948348
1.306999136521664   0.3113817389013953   4.5663584663767
2.429966780149395   8.695888960501858   0.18142845242788636
7.195934777774767   8.686911641104546   0.5599598970083575
9.464854920758533   1.6483885507252343   6.119283757909047
9.423346163280936   5.558575266059683   3.3742502302199933
7.14974263546954   7.021942557899476   1.8999687815878696
6.986480911702944   5.961244067593231   6.034795999633683
5.542499468135407   3.903445076408027   0.07267718928985711
5.320254475346607   7.420118422515788   2.841591800972982
3.529076255042375   6.358651538368776   2.4695135197067275
2.2832205316993406   0.28137394775350083   1.7215871509562433
2.7848968717029683   5.667201408380017   2.3100259302633
4.96489875702316   6.230684842571843   1.7768569328168424
4.239475531833472   0.37033414370860573   2.1987608465840536
2.752396836987785   3.761033462015406   2.5550903941700565
2.6553994667530665   1.2428661795261056   0.27907885696887486
6.091629853147527   8.176878766965979   5.126910015207876
0.7133161708595863   3.4147388378038013   4.726228809670166
8.935415867968922   8.98126194593457   0.40404848373157365
0.19076666262804998   4.136109826700849   1.0279177316907053
9.267072535808614   3.292976646817054   3.6606516219231597
4.14330580743325   4.4621613753884395   2.3253585027069335
5.170269315951271   1.4573459051429039   2.4113092818984345
3.567677062452208   9.149751663508349   2.078829478657854
9.301818904161506   0.7311080652565679   0.43497481102726276
1.4115311553202015   9.210716747386243   2.763378946989382
4.504871450179086   5.267396912911348   5.776859181640981
