7.310596148406826   5.982424153720739   3.1395395658690783
5.468206369219586   5.1029602613277305   5.830822658455573
8.432158793655823   1.3224337942341005   4.632251666980359
0.18679710328028098   3.3439513034081307   6.023033476844684
5.224832719342665   0.7950384071903429   1.1926113078885368
7.8358652878318615   5.241664951493577   2.6670480055393697
3.9587607030227097   2.9960772348162648   4.06400915476509
5.75100268912174   5.978703343036691   1.996045698776345
6.0262238105209525   7.2321668892262245   3.6490739115642805
4.881273388705301   3.1876798724740154   4.838978739949908
6.903220909003352   7.326021336487156   0.9856662781478011
2.4067254665122633   8.165263530550748   1.8412351275846843
7.748169049320401   7.459007358053688   2.7618923945473624
0.6915159211537087   5.012256175125683   1.5964142629156073
5.957575651883933   3.3306906511400127   5.229765333924166
5.9772218898850955   1.9049893482740061   4.415087850775882
9.106794264464451   8.055896474466282   5.6462646094359
0.6994999518352759   0.8510208560693108   1.1974646781991032
4.136406242294673   7.527208328735652   4.135347707595923
4.141453888894042   4.899086035188453   0.979730713255015
2.4304981410017357   6.412877843347509   4.566665848582576
6.154594632776737   0.8804935685678142   1.3727865879367722
1.343736376547537   4.442349861863776   3.2420072565656026
1.767701664169079   5.529657277863748   3.1141926604246186
5.198274976739032   4.121712461236852   3.575466703068331
7.84165107784197   8.629842461067275   0.18765027444015867
9.597821312972554   0.0898952633753467   2.800681516431952
0.9864045554072455   7.01425385890442   3.4592036330176152
3.800780279941895   4.0458204791520025   3.857621619276862
6.334937506032447   8.105320134943188   1.0281045158505173
0.312434167180117   8.332125800098465   0.7896310427978344
2.810839514028861   0.3850121516762597   3.0760067200941363
9.757017676650584   4.470142654118563   5.147068841442344
0.19454709155653827   5.988763826851216   4.647697316658164
8.77960347440481   0.5526434746023499   4.7073601440493
2.0324005696526197   3.14094210315063   3.1038220078405483
9.00585551302418   5.30370622974143   4.2251263169668265
2.893950367393364   9.014171890031598   4.343662111023679
3.7595579556269643   9.363436963718309   6.177737075496193
7.735476233450446   2.0122295646275   5.878297734100075
1.5721697857278503   0.2535093245655905   1.1648442654144149
2.734892629703855   2.3793877940889323   2.9343751987244624
6.657979885301636   9.182718308084997   0.6022676974104352
7.523447985756486   9.676848674553831   6.2312222516600615
6.741263753150359   2.375114123850806   1.912603130807636
4.388966746745448   5.814247828331321   1.8010519842311465
2.722432030287545   4.074454963289976   4.124172314640735
1.794164482403687   1.438340564994385   1.2664827508971541
2.380417037024035   7.287653353905294   4.472396865008916
2.61937408457458   5.531062557607436   2.386007885860856
3.7456393229388563   8.51663930604478   0.6156224648928819
7.514956445227897   3.6134718858697235   2.0026698848661506
3.742200534274879   6.3843625423865555   5.803630112251539
4.231912955757476   1.4239336069689716   4.910914137780536
0.5899625633108961   9.356176894059354   5.0386081859312375
7.127199561564201   0.8439079974160825   0.42205729698074257
9.754426552231594   2.485444128451746   0.5608455234617105
1.3205277523090178   7.880407628132093   1.820034979465224
5.846464913704522   9.765633649120588   1.1370668532987134
4.4237870067783645   2.2706027286548194   0.3170096762134429
4.017192191249796   0.5478257917773676   1.3374267908529458
6.660239738321852   4.029217886457906   1.1748902991248567
9.686214620524291   7.183230039322648   2.8421426570639157
9.55954403312534   1.0496082041591794   6.053485279392489
