6.850992966647787   6.362009477754243   2.468247686307295
4.590269482479606   7.133886139855667   0.1633008555534806
1.4858231478697062   3.131025869116542   4.046034545314728
4.832561028285121   3.076616498051396   5.996304698274108
7.266079672030371   1.1612630320040755   1.2463876630599404
9.78283634050217   5.675098380124159   2.882593516118049
3.89801881746515   3.330132817821446   3.116320950512294
6.395434138972964   5.239756617879514   3.6358288284236155
6.0117159151076764   9.089025479103656   3.4429430455079233
6.568941108370264   2.948765841023147   5.265095872798615
7.4665373903771854   0.1901388509312656   0.052100558149913656
3.868183130651043   1.3102752218686533   2.269391612824601
9.301635860618447   7.441575856409406   2.5588046996394644
0.39239754300491475   3.7141980580239506   0.20867073175195808
7.3199230994735425   5.416680666781446   0.08565729722473729
7.8189189771080105   3.6260881101171187   5.631239241161718
2.27764523277428   8.548237821289225   0.016363321154664184
2.1572457411169212   2.46810900966264   1.6677775045127792
3.8194785788320806   7.486114750332318   4.412683274471121
5.06017714230924   5.306592342233638   6.089358907171781
3.0965357755726894   8.443222517140871   5.1254522639026625
6.758626085852669   4.193557873109895   0.5006723669481183
1.0346194624068576   6.570050966568224   4.04061760615402
3.4767027036807443   6.463853886037487   4.0769443348773535
3.8484787318109   4.8349745084352875   3.8185541279096578
7.23422256736226   7.716246634730058   5.298416331715711
8.622752406920782   9.403651224437224   3.3044231119900367
0.20049856331283955   6.576376659325034   2.0700195331012985
4.4974933844808485   4.055577266370249   3.9302652454959923
5.535670689594912   7.25318226018514   1.7177322385602385
8.458801128920348   8.00891183729474   6.080291054252006
5.52086461542564   2.3905723487223765   3.39866080366396
0.7473435994558068   2.2326307837838146   4.609597861696994
8.2676027938502   4.575173015509333   5.575943398540054
0.5516447850719808   8.04151690566566   5.965398955691862
1.483130367908926   4.304150723770921   2.611437276457843
9.714252587939477   2.4750697512106066   4.230136311418365
2.8435977041307905   0.6783882472846435   4.683689762842502
6.116560980160738   1.2927795499268586   4.685169962763076
9.08572887530477   0.46362828797217454   5.5470025735390625
8.955819732001764   1.979722401918865   0.1574998588591743
2.5254092309865586   3.42185537868216   2.4852068919875085
4.666015549052839   8.233064165367985   0.12414017177356845
6.602323674106456   0.006419270297368246   0.9121557915288315
9.019008605020382   3.8249313738631296   1.097520544972123
4.667935102126496   6.102080127655473   2.7671153005801887
2.419195325465536   4.795333379569472   2.73015212630709
1.649262838641826   9.214676253094437   2.1546253937301296
1.5664783445819135   0.6544698011507695   2.440176015965192
2.792364508318081   7.607794615660323   1.1684327914648713
5.552571074875226   0.11636318915473254   0.673351453013576
8.076943413408205   2.054839455713432   2.768227905209449
2.212699195130118   6.522213937977915   5.715444705435608
1.3251029659551625   1.5067159865548019   5.164064009928504
0.5684559758668146   0.770797055680173   5.9170611292125885
7.392011681318665   8.764589392556278   0.07444061571199767
3.1646448772279676   2.7016271702709194   2.011093373056732
0.6321157636036372   9.600757230943609   3.6298746455258106
8.1583617048431   1.0872487930176784   2.4018459756005934
4.665090122968354   2.0428760974982354   5.639616421149748
3.988078338570684   8.927276920962436   5.477046684496481
0.6511049615821423   4.914008519042011   5.46422084978187
8.75208849557271   6.419972965330539   2.4254044342693253
2.446698354999656   1.4767794183667873   5.861506255627897
