7.330306242704806   7.289835000779372   5.870503710645054
5.11209885672778   2.370280175139589   5.471138542149449
0.18810466017332717   2.726951229752177   0.9011948616252752
7.4707258912326235   5.350302217823106   5.417901817532872
3.795262698783643   8.501700787957287   3.450902760535832
5.958749495431752   2.4191338921354264   5.609698717594938
2.2416560962526155   0.6102827810168023   2.1940005616919818
9.200981644359782   7.313361995308651   0.19661108754475715
3.143115042094888   7.9428651445374845   5.409077869434274
6.762888942230146   0.2534102320778185   0.9092048771145365
5.841621111934459   0.6208536440224619   4.838611758108584
0.5806897188463729   8.917109222357952   1.7352614823063166
5.890880270429112   8.863713794475894   2.485909314346813
2.906426518107457   1.339014342244839   1.1911629307561928
7.319111793377002   3.3881489251594803   0.9151071597204516
1.430605416256744   1.5397658056959438   5.520804949331881
4.9418301147183845   6.696727794350582   6.215165494598206
6.550756338633082   7.813355878947205   0.6096805161388501
3.6953589134623885   3.115306412122382   3.2734907251208782
6.144101546622174   4.533651788692639   2.167093044926492
4.7066022767052225   8.256627136327214   5.632929029021074
6.804622640250051   1.1011613930326927   3.458319336520782
3.3746266673540966   2.1455861285435547   3.817535732236001
7.787202163025137   0.1445886829129585   3.2158447976871116
4.494626560451095   3.7681405193220856   4.386901886619348
0.389911202536288   7.203360109368834   0.8747124992819081
5.539041718826809   3.556313727068343   0.43080313454307184
7.932818971402374   8.693105292903057   3.4256231983004493
6.268041376377951   5.602529587085462   3.507299603981774
0.1654457928380384   3.6969466088122593   1.8872023870954662
1.6839636719047881   3.912453914818089   4.721970973500576
2.1063021357173493   2.594397204338416   4.329805087329585
1.7181424649744945   6.684216761950321   0.6838608400564326
1.026028035458012   2.35645071905259   2.153964132100135
9.254525916828332   5.501554810484009   3.667545132691913
8.142258643720943   1.59366033039242   3.5497869199668863
1.254226358058958   8.287498808349035   2.4107941595048468
2.5154905269909036   9.503077980051327   3.2485886722983635
1.5439598807799801   9.295557959132536   5.942840926151904
8.561136666422586   9.549358550997685   1.1277275061402021
8.959368766292098   3.0650646546157567   5.333529284340189
8.421605863835172   6.156869772895172   3.7301128507016195
5.973719364751065   6.947218758190632   1.323224121488745
5.43346127742028   5.942578364022754   6.250200529160947
3.9101879059612097   5.224286160241833   0.19047749017602478
5.57581783642817   7.956719645813426   1.7900886958440017
4.035406147287846   7.267985310749204   2.042721699117909
3.3360676717102775   0.10254358637173588   1.6857074759171837
2.384332283197059   7.443251501646693   1.7645659341029836
2.7812609627326275   5.992747434422492   2.2455198901693163
4.583808345838043   9.21626418004085   2.0762427733299456
2.6865702209087448   3.866130558671662   3.3834822784259546
4.145552393126869   1.6588979432043351   5.987238387101611
5.127339109076414   1.3732334602044864   4.19078359149012
0.03395849216120933   6.22784793692989   5.325368008584756
0.022903691697246487   0.19692243992808756   1.9095817440996734
0.46893144588854085   4.637483709156189   2.0436369080506864
7.920956547567991   4.373247968682521   3.360747377959045
1.4766345334946407   5.406417468632948   3.3294769322560724
3.7773499473458885   0.8631810460222423   2.7181962303548293
2.455896467161136   8.53213630443818   2.8574173455761738
8.684094158087017   0.8041843081305704   0.6009523721900797
0.8992204465945469   0.3787647791087214   2.484551395458015
3.9063822364118574   6.092926137002972   6.1079590081322825
