7.148050776294099   4.987796974508921   2.9345275567895497
4.940462336885864   4.567695491799171   0.08483743611552619
9.126293851358993   0.49037305010963733   4.942960487551006
9.112844998273983   4.073570613248084   1.0343869524284777
4.939463233983867   9.119222280549725   2.0734781805624993
8.044253810471623   5.966282874183076   2.135292257243761
2.9888348850485693   3.737055699498827   4.1461060889339985
6.679279946720779   5.977024736596302   1.057645217325871
5.967896487789599   6.691650707143572   2.6702897964771797
4.878434837520953   1.5714322385121506   4.537974138353607
6.753822363717518   8.8349683599538   1.198247759847836
1.8758685411196379   7.270020044778766   2.4064057914483103
7.3719870521820425   7.800716814780506   2.8311235135113146
1.6358550828570881   2.7437917783573753   0.40743013942705814
5.815825450357156   4.864991727960417   4.997745440361421
7.225066834239537   1.5930501049986723   4.717201608476893
7.748986651440683   8.673211730020226   5.521864653936834
8.841873250651313   2.512835306155704   0.4573164841290194
4.169576459281337   6.602229395396906   3.5379035729071586
5.227217777879645   5.804100611288751   0.9101498647009088
2.325433303290968   6.3346673067758354   4.477626483675122
5.999224540127131   0.9178622323969442   1.097759065703038
2.0290494488378688   3.998579701179861   3.2892675393497157
0.8400008827980048   4.83365008986034   3.311083313119345
4.434230108395849   3.7322053248027887   3.8608841741108963
8.55817639871837   6.941038495282125   0.47484970680382044
9.194273989886865   9.45232856658917   2.4947979540923235
9.749329270109587   5.532348675484345   4.140450801017617
2.7405672841309587   4.606150795502841   4.072045414164249
5.07169542842216   8.267324783215548   1.1550867745284221
8.762725902031756   8.458788330309226   1.204360173060745
2.89338603291988   1.2165071465467296   3.5780139856135795
8.20137511036748   4.611675445881341   6.10201160745485
0.3868719628807193   6.628244772683713   5.819742650221571
8.301627728191608   9.78901860721383   5.427998380276891
1.7149724762389134   1.7621382636351854   2.6153726873849803
8.896320523343146   5.836379803073215   4.672531808293048
3.2899166996806746   0.24282625967033142   4.22426749681762
3.0665508132353265   8.943357720977472   0.09659478659636303
7.773774777024211   2.581613311358747   0.6258491613467966
0.10207604617130012   8.587773814741388   0.7277570878986863
2.799252703525124   2.7796525587434977   3.3151127990500053
6.791679487639895   0.528191938394812   0.5204798149422705
7.439329677626365   9.553871241516651   5.370923956144243
6.417361620958771   2.3795705282497464   1.4742812701478418
4.636815559347542   7.459261470277353   1.9081093147909665
2.7290327510315393   5.436336376142454   4.265842967387698
0.5569616024750457   9.408731782018316   1.04420440368397
3.871494824519265   8.3378582625022   4.065848222231105
3.361088144694068   6.241860349373041   2.1605665815585904
1.9183938259707878   9.547173073780348   1.134208296319714
7.760904676412411   3.4371755886956565   2.040183148176527
3.3436405406990213   7.098243920232884   0.06773069271146692
3.9310425399191207   1.7059769941008707   4.8173781029506895
1.633457347231604   0.6598923459652819   5.276351406858649
8.006870462403922   0.9133376831248291   0.6602221346658307
9.788370063668143   3.2601196067941367   0.6800009614091005
0.37928094697262643   7.6417857661685025   2.385041455787993
5.919727844866138   8.579872800048904   0.7409156808023085
4.638561456684939   2.4539628788127943   0.6820850928506081
4.340858104941582   0.13036885146097532   1.4369338045198925
6.545135517223214   4.316072939305903   1.9154940361082695
9.211616282672088   7.697015123399334   3.0376428366435295
0.0778716234940191   2.0034674054182924   5.387086798235082
