6.880607761600165   7.15468685909277   5.827335847209979
4.999974306372781   2.4383646658472187   5.59444744714922
0.3076405422263196   2.5980066397398054   1.040616383248082
7.575565760153623   5.6405383277580565   5.534436896797773
3.333173101014302   8.875372781891977   3.4049299662241976
5.8064734454248415   2.1262322255864143   6.02531575180012
1.8381442715896137   0.670962383613808   2.120767981165478
9.40420817919934   7.529415222692955   0.2586965540893633
3.297341263825893   7.917001809753305   5.8098253439975505
6.6393468894458865   0.828247170462759   0.5069971809322068
5.6077947561387305   0.30493931129606267   4.653298656479344
9.78063658525871   8.37977934667419   2.1509787637972537
5.958115154379259   9.308948180389592   2.617437881670848
2.9005351132670745   9.781204330683526   1.2373110772990163
6.730240989281097   3.625878709408413   1.227664302752692
1.7169169127255763   1.5406970318559847   5.328410496639457
5.017737755686966   6.970127117383988   6.1452367197704225
6.8192671885622715   8.271049821885715   0.9607612375920411
4.207578008307748   3.530869377643546   3.497737388460601
6.4122598031078075   4.601947108676469   2.1644345228119595
4.7066022767052225   8.256627136327214   5.632929029021074
7.9111158469766325   2.566325618219938   3.1651949127391545
3.0522197113595535   1.210101908461356   4.116884900590313
7.459113769028723   0.5942107344181251   2.7828693542245473
5.368885308189112   4.7366056074340905   5.065688048240072
0.5018815743039995   7.45642003498581   1.0424114427116502
5.924524243935801   3.867302769023074   0.2118345582544587
7.753133625540457   8.994841029457666   3.3628518889643515
6.144332290289573   5.471959262282958   3.804089518726247
9.720840153870604   4.2498766023460455   2.334961786247164
1.5714914746309625   3.642368499700411   4.632781257822081
2.7402136359203624   2.6559665735857023   4.516153028526616
1.1346684752455327   6.67587520169336   0.6700224953946992
1.12753605603354   2.3245640048637948   2.1226837369554254
7.80230369098531   4.752892198293054   3.5849598239508462
8.965216586111627   1.1934725073510022   3.6890458054301947
1.099395166486146   8.464856799911848   2.2829031090272616
1.983525632543416   9.408547863707215   3.362787668946531
1.1924404677204843   0.06732764865809848   5.9063948020737795
8.364388583652959   0.23225150792938365   0.5596577310151231
9.29863864329129   2.9753841763296873   5.738060177316206
8.706592845890366   6.996043067627858   3.6778502948037732
6.243476599737829   6.319432371362684   1.164891779303552
4.398126553123911   5.6674237394257   5.856422974611322
2.9514935034726637   4.798167902957326   5.894536660829551
5.541343158424077   7.760531544219023   2.0055481206695873
3.9918864725462453   6.976849657317592   1.7656377448922924
3.7865214015402078   9.770888828891442   1.6006569559774344
1.4663656132726581   7.647102555376933   0.8072127508775443
2.3850263435727133   5.697923175432561   2.8050850789991597
4.784955257920528   9.47030114296792   2.309942375507442
2.86162860867835   3.6209722269845335   3.716996914117906
4.088245381510631   1.5098932282387247   6.091449743363631
5.629499151356134   1.21114452262215   4.158565392128832
0.01027508880441641   5.96983173327086   5.406028104015207
0.22219541784666674   9.434938764094804   2.0663766898487688
0.3200506140147146   5.052737197045766   1.8934335626437189
8.798648565169085   3.9883132629149243   3.3027060326207596
1.1880427549797121   5.223570718467293   3.4074032360886735
4.581374539907197   0.6917390902714368   2.6510335364340682
2.3472068229830696   8.362287531668777   2.8392898625809844
9.751545393134682   0.6609383420238673   0.5622468637078285
0.554963824004853   1.3537829329249607   2.2464486154490033
3.5562628891251453   5.856972710942504   6.07424060404001
