5.876497897966247   0.895111082199779   3.1576138827556886
7.5951342642435815   4.4237560312228235   0.15527622992927742
8.954898348835943   2.6935323866273846   4.137417213040465
9.659227786614167   1.5956237804019264   5.096582489207044
9.011608422616584   0.7945586403954843   2.0341918151800087
8.63301640891568   8.224895453815215   6.075096484476587
3.5932079738327234   1.8915746610993005   3.661573982634816
0.012164494198063813   7.7658369302552055   0.8659509843739226
1.4671665264739344   8.855331159420103   1.818906021352577
8.522170779242872   9.533341678316711   4.187290874145371
7.059219925003699   0.841766158796433   3.468721421592385
0.1575012624779506   5.194359826160082   0.6733967542733017
6.6743544450660615   4.547591081700226   3.257024768387347
7.251592200137754   3.4189357508163907   3.515950333621612
0.03269282344631819   9.044386891864017   2.676014520922924
7.248624885424017   8.766108919889689   4.015192051953
0.706759321168235   1.323169421620709   3.3824408534020844
1.17150227477189   3.342450301171131   4.947495832713322
7.555620897086353   7.254347271658654   4.35653542319867
5.464730482100648   4.220984410586174   1.2939183370263119
7.206525930837067   9.609927739881957   4.656760280447566
5.113231296408778   8.953100586649056   2.1436614788775827
2.702574574442195   8.188103237314634   5.346850764491415
4.204464571151002   8.402262693790377   2.009058330178423
8.132048205612401   6.36945073787289   5.3268549400223355
3.420703464408241   0.9262033834217469   6.191627493471229
2.4224520890581878   0.366992652255281   3.148775720799747
0.5956826285444099   4.322269161460634   0.8370622788967566
4.336867551258537   7.108553648079846   4.842568938795265
2.8115168326238495   5.984859662971333   4.810600778583399
1.0490818538343154   7.968795459071206   6.066750805349101
5.897266260293263   2.0517949441455046   5.011412494716074
8.005958911753664   0.7471129358288701   1.0950528274036164
9.421902190700505   6.035485696660012   5.045711761700345
2.624219593479942   4.658065616230962   1.5425804086677115
8.60503019129793   4.561697461418256   3.61753791761038
6.198215388067931   7.206759198023292   0.8120286794025393
1.2649730544760274   0.3186580186349271   0.1921968206542207
3.8532872106460445   5.900695381010463   2.0430848141245663
9.460068608945823   3.991660701749723   5.481368868134325
1.986275444865957   1.142427666998893   5.73985711793701
1.8138339003613086   3.8758664530681224   2.2518747290052588
3.6622540902028127   3.759777652728313   3.941346166152673
1.365271504676233   5.1031725957689975   2.01993332762134
8.7435166713328   1.8242833099511064   1.7134492790440836
5.408969007635398   3.0346078279291433   1.6666541465281781
7.99771281497125   2.4289764032907315   4.69300961396221
5.115212629233973   1.4431509241105331   1.6057100808551477
7.154563040716235   2.090921635150229   5.5948199422409335
3.490067768972338   7.723674708647849   5.493267094120727
3.3732921155830966   2.8061344861978705   3.199734078739662
5.759945522133086   5.561217975725775   4.74552198690888
2.920666611857877   9.43916594872054   4.175375864196269
4.58871507387113   3.780012043796782   5.864373185210259
5.141913681668312   7.951733166134048   2.1933377227218775
0.24301873109560293   3.2831697278009875   3.325783733806023
6.273885374280561   6.338034577095508   3.8653477643664145
6.5609686488892045   2.876719196909197   1.657954212128033
4.158199168113828   4.611689123027395   5.771514342926424
8.23306788350135   3.5950959898931494   0.479409423215865
2.2330483286104155   2.699168808639145   2.098458389447284
5.209374107938169   6.412870663781208   3.2891311528457807
3.375003609131762   5.168168652170543   4.315466773862965
6.2717740633937265   8.899968482920938   4.050952820340663
