1.3618420759969376   2.190754479191148   2.9510741988415954
7.754455160765935   6.770921841117463   0.7578889161385175
2.426807570985249   0.3046303771026697   3.4661592106680605
0.3353880955748191   2.031725445711235   6.07615836296535
1.986377237707582   8.162900596094339   1.2090237287838141
8.757313121058765   9.687388727928965   6.028236431779249
1.4827098597953627   0.18007982864792876   0.6011339458240187
0.4598417867367462   5.480756584869398   5.836483169934303
2.5052907910990045   9.233311105322025   1.8217928690232896
6.378499718760856   0.21886784903411832   3.3803886843997506
7.525066996037164   9.372045672075702   4.790677136029042
7.18302956909339   3.6933056069795773   3.80156916173859
4.429974716987249   5.0333212824393945   1.540123757363329
8.147314743756173   4.363796167645535   3.7293837378913683
0.04530494933096563   7.021044931666033   3.4377768554406343
4.3759614736629455   8.840555475259743   5.507579404284376
0.45664278499065225   9.326363360464605   2.731006896183999
0.8246143760660853   3.933360131196972   0.960845904422317
8.035570272949263   0.7237137856767908   4.574396537618002
5.766792702154675   6.374483431340538   1.6529063868476763
5.178899197174149   1.0165117955415939   4.654161649193512
3.4989399394827254   3.726590715816436   2.4851050286746292
3.3297980672281926   8.863786080738805   0.2720971686145714
3.939019102352983   0.1018657172853975   3.6483014903163418
9.382112762339496   6.063192194616973   5.088184763697494
6.151792407605905   1.0852288107573533   5.204968033550401
0.5098438803888381   0.8363492389997846   5.273589318058912
2.61992579813048   5.257286635946302   0.14928550388024703
1.939239744400074   1.37904890573369   5.226796437596708
3.8247499738443   7.733363999032939   3.818530268328781
9.475043262013962   8.804570876503945   4.499653617491532
4.965462147920733   2.4109029965430424   4.537453804809648
7.595116451497991   2.54115439987182   0.09031785936856324
8.721280349933188   7.613765404649929   0.13514450622937138
1.6732838008505366   5.9436392752071585   1.5331327839155753
0.4824110505619022   3.1013609840583487   6.128040178472258
6.621970910875605   8.182034284747628   1.7401600331107363
9.601843657541842   0.11624783593364185   0.6667188788975404
3.5298484163882837   4.663329405608467   0.6948108456641789
8.351193090484932   3.291450285488118   4.769275498744612
8.990076238488141   2.573218911848937   5.112428590461185
3.853945878457087   1.5986997348372851   2.1612967445144493
2.54895844256757   6.308472151849528   4.888811300319443
1.3453589848628278   6.981644963539439   1.0455936491064886
8.96979286632284   5.1132804671043335   0.2656221906011121
7.391540933076564   5.693543235086837   0.9942693147298479
5.283726940252064   4.117724555518488   5.499398017065838
2.6756806920239877   3.666110831760896   0.6402278844122247
7.182232427366267   0.7460006175805141   0.6715761451935655
2.963773765025148   7.662969842537926   5.375829275840232
3.2219320884152096   2.7305271516000325   3.148733745153615
4.924726974014395   5.777451296916036   4.933355701885543
4.443443071341476   6.935857075731405   5.684860896220349
5.824937354249406   2.127488150780405   5.401786691179703
5.261504063990282   8.037967101980678   3.838182023407753
8.427469491763238   1.8243753968731844   4.117539650187071
8.160335611539711   8.58315466189109   4.335883222411055
6.360164936837627   3.4030235113355833   1.0048955778255289
3.9688241970779714   5.850206443835016   0.0005177531270730285
6.96161671082212   7.367852655703582   1.080698598237509
5.622193100361457   8.932076741697145   1.871536546371958
5.935044100668621   7.392756390909494   2.850411740725763
1.9088051251993652   4.268548075931322   4.686955795202926
9.155266164666328   1.1783347516461715   3.6030550632963734
