6.05751248255112   0.9552462671831509   3.133737449209549
7.5473194689076255   7.549540721572957   0.7257469404489599
1.5377749195783914   3.529710305710887   2.2395557257487018
9.400925906456724   1.443509273569716   5.435605026463194
7.527660481786807   2.9856049467620505   0.2037196605984883
8.587687939903667   9.667298081103771   4.321208234071279
2.161404703560753   2.1289585729086844   3.5857658098041685
8.547825532897523   7.927932468396838   2.9025637744963655
6.006656224585934   0.004274595127506942   1.4066966071361373
9.031222677923324   8.700448713606855   4.366242456472585
6.367384227205338   2.060936495156125   4.0548918869705615
0.3391964840054416   6.18708871696861   0.4127235895923964
0.4922979414931212   4.049263216822073   2.697753070387909
7.969184793703482   3.968752123822887   2.8680036127077413
1.8078736601300514   0.6367492537705484   3.323271584598849
5.727005859255755   8.399756509220216   4.034275258015192
2.728447178488488   4.922082861089302   2.345121844469648
0.39238417504555867   0.7339779857912027   3.7155841957743183
7.024806630026418   0.10671533097908359   4.946740281552203
8.427643927090918   6.851248129994765   0.5345201384467244
9.735552043569264   9.252408846654166   4.326215403540767
4.613792949595171   9.670320365332898   3.993646054933069
2.205088083871679   7.193085830010196   5.698453659490805
3.4274766443277804   7.037304907676921   0.22172103958655043
9.112773756126863   6.013479080302473   4.0322775531435795
3.582469491549759   2.8243752793848707   5.099307018509639
2.5867267399550053   8.397236347264483   2.491338812942352
1.5634343484986641   5.49303943393332   0.6398716181582738
5.207435001469122   5.305881246956202   4.655188572337972
4.607100726645803   8.603883961628158   4.574303213594227
9.630528525387819   7.542171087099691   6.196663525558044
7.015310786440631   1.093961109823833   4.671941565808097
8.299148359145851   1.4318099689127757   1.7867002686801072
1.2960121465454881   6.5508514217391065   5.371095434380765
4.0974064165793385   3.923863665977111   1.5646577536330453
9.125160088373839   4.6590862942644735   2.8450226611104323
6.608865551985602   8.47036903746999   1.5269456763348943
1.1643436554595392   8.29808316242198   0.6685838748799378
4.124934621790555   0.8209291852698637   2.7081007494392884
0.7266239330813982   2.812629274736566   4.55165958688338
1.6276340221244912   9.357515210776508   6.109232825259341
2.631247741146205   2.9945203892783643   2.699935190311905
5.20633069995627   3.635905482056872   3.107009662165797
4.185753326953517   5.731470902413137   2.5123812366585065
9.263076518773152   3.7865710640179246   0.6196781340588301
6.459236211218607   5.3823786421630375   3.020418428458768
0.03852312551277848   2.1806180026422455   5.240891185072638
4.237788477623151   1.986490888148089   1.6754118400601945
6.534519242658307   3.012866502313525   0.5658300747655691
5.045081808283709   6.222084955190284   1.2751958435152908
3.223597595195758   3.882661779232302   3.3380242589175273
8.08964032213427   5.906300520793943   4.2804763324142305
3.7862166340021903   8.254870479482362   3.451893844881014
4.792313436811961   2.855228536880271   4.009252594406722
6.316283748121338   7.240038577244224   2.958830959316737
2.1928450855081394   4.196151789700813   3.115356323909398
7.0704780391403474   6.490505101824539   4.048847439350763
6.980444100677359   3.957133560034493   1.9599088044358202
4.24838268109491   7.146010327818565   0.23760344151141144
0.8919098848280254   1.8981333221158745   0.4492496910284186
3.1960179931224135   1.8848427321903563   3.9309002701156768
5.865085542711652   4.647299788782208   4.538684164393429
2.621787569414871   5.842322112494102   4.26777913379979
8.673244061600782   2.3382808432250135   4.397155475800518
