1.4931276297146137   1.597225964269808   4.2878628865839215
7.26105512651995   5.219966664359743   0.22600326588938097
0.7057263831949477   1.0656913234161305   2.84355707174758
9.588178161408784   1.499702934243689   5.699694275190494
1.473792023510462   8.616225019085546   1.286673677279908
9.746268170343738   9.308501166761236   5.367451973452503
2.0054862835371785   0.6384776811486081   2.416354770704027
0.29411342108942085   5.678611467626673   5.930255213447653
3.049234433528097   8.897509326109091   2.38911920093836
7.660865110379644   9.272616502879902   3.5676299195507384
6.810198293239837   8.654580687138601   4.624445659330979
9.804709830441565   3.0868562940963566   1.8314095800275862
4.828697454887072   5.557722946792101   2.4166447915854947
6.247468407221998   3.8715595848953717   2.611812550495435
1.3401489217579448   7.539114141714144   3.5555131149068853
5.222440390927146   9.459737992014022   4.742129421066582
9.199612441165009   0.5820311390868806   3.270395156670011
1.6088288887094926   2.942884415206552   5.54469171714196
7.968761496460287   7.861234972816366   3.6176451819568376
6.270259470701499   5.7447769869851255   1.9382450069705723
6.2679064685225   1.526543812004073   4.7320220806917845
4.264084059263689   1.8391109646837356   2.2095927538166356
3.7089529438605378   8.086767435268781   5.691553688991823
4.44341662823139   8.550859149005746   3.5186218468643156
8.152205709741533   6.861123263999108   5.611637370961022
5.353662788028667   0.5678630259215413   5.531247432548949
2.056902250571697   9.387725219296655   3.979980848141002
1.143623870398404   5.72613137267886   0.48680743521134046
3.4805381820695356   9.789961570258226   3.950700356857097
2.222648901401639   6.080107553457687   4.511155342661198
9.805460865755048   7.7516701798366645   6.240881806467733
5.375939847259381   1.4752319640864329   4.560057462282437
8.72887277951337   9.270897955779835   1.2207204891089174
9.081580610509995   7.0001122873437165   5.463716566228218
1.0311008186126809   6.71337735076686   1.0187884547059223
0.6981864073032489   4.895946374086972   5.936445524319458
5.863431787845405   8.124441130477997   1.4486503129352784
0.8481039058235562   0.15597978120152867   0.37122897398561777
3.7813337871925436   5.8266759289815555   0.6500132008464767
8.62101076921672   2.9998066148797067   4.788498042731297
0.6479558418053283   2.2313395083853864   4.952133394955499
2.639649402290928   1.9793229874867349   1.5596749453168819
3.116981607774616   3.8153096143363845   4.616853366871216
0.17956993734193555   6.737849958245327   1.9323782087345835
8.981646726943657   4.661107919741776   1.678327082300327
4.638769183430256   3.530298090763569   0.9985082927386075
7.643724521042646   3.789321543983608   5.342763001738679
3.4076838821930338   2.4606011772040697   1.1081024991875825
7.269819497959489   1.6807857307120793   0.07025974957845627
2.8496585302749833   5.212189211526494   4.8021275771533585
3.941331501788113   4.137260546180918   2.522833854798977
5.992677245045258   4.787215902526459   5.187098305902238
3.325092869963844   6.736985403973583   4.934951267539889
5.385383085380281   2.574774918637239   5.525482169144756
5.0807797534448556   7.428393771153456   3.442479212382344
8.108640081929375   1.7758063745410735   4.076650152104584
7.146692923987996   7.6630034408983425   3.5437516032736296
6.329461408800699   2.87611017953378   0.5275813187688357
4.740143387433973   6.608653609989235   0.37077305786543213
7.362918076071001   6.074831767726241   1.1209083240117161
4.3222792682201625   0.5251881238411786   1.526569945798596
6.003056938451582   6.632398662809093   2.8944487792857765
2.6480609138217948   2.8693170353733195   5.227328824431876
8.12324327971108   0.48745181288350825   3.3710246181293044
