3.878960445520752   8.633944777145704   4.43377402671901
6.343320474135889   6.364998946668164   1.1301890708189672
1.5668603630720348   1.065830270267683   4.866691237127575
9.111819666305081   1.2776595057357858   2.2454435973709916
8.630856268902843   9.07724324810445   4.399028634505451
8.665417770134999   0.47453706943486507   3.4914259553614335
0.27409339123106236   0.35110635362440257   3.661731546266024
8.005993990522592   8.356687265772377   2.8707338854253983
5.597566209296594   0.202852798594099   1.8648634672321325
1.927921064788698   8.457240314214491   2.8803689317806374
6.1941166284795015   2.7710196524562862   5.649552607148179
9.773358519383164   3.3170162223037707   4.166448966627586
0.4699015308581628   4.37541596657633   3.3208149980619104
6.993500587321072   4.68505253251386   2.4075588825993455
4.640591510393168   0.48463500279719773   5.240178298748166
6.881218192783958   7.517977346226313   3.2978314600245175
3.8087155328567706   2.132281591479175   2.8597387177631552
7.807445642532035   0.6296119057657907   4.180136564943085
2.9635296097141017   3.246679694009888   4.944895750298748
7.598416275443317   9.292296269577285   0.8454609004489528
2.7460345949166736   6.962720050718884   3.345730895589906
1.6176702104103216   9.675836536096538   5.805415689598479
2.9499267238840208   5.037889576018463   2.5519570291039573
5.9438043483986265   4.725156095425234   5.89963918019875
8.82010890845479   6.701188710557681   3.5878207397472566
4.344542055540495   1.4420225761609538   2.5324455543116415
2.892396602287939   8.399608574986408   2.764680608310456
1.3548419224209964   5.681960016821266   0.5093265581734594
6.958684525904908   3.8268323264175312   2.209800932396833
6.083691449048617   1.0460738940200023   5.1406529860556
9.777695915417972   6.796539710306109   0.32103881057688266
6.8996960014192386   1.0079334407325606   0.8957023551417204
7.740553969168791   7.455372685458612   2.9313256231736315
0.9746034055134816   6.531812081921409   4.610128096881728
4.746643744854574   2.3905735891664226   2.3329045053305832
8.293329331119338   1.7490355075664406   2.0397355640456754
4.334259190903248   5.0192044031376275   2.6749890161269336
4.483298431957438   7.767808973165628   1.823777212397105
0.6834822539264905   9.348519637934446   3.6496184264780807
8.178042232413691   2.873236663495809   4.87688873998939
0.015145734200832095   7.939933630426676   5.254463709539996
3.180080662745097   4.103056833333928   1.995372366968904
2.3168013662353912   6.136926250998123   4.836215628696501
5.078748989449742   6.835113223051103   3.1657759374612
7.038404321664016   2.8475800660660457   1.6138730237262333
5.931675595103534   3.701906843418711   3.807422770012896
0.6243072100813527   1.7563637866076722   0.2414657740024103
3.138553190587726   1.4054956077263112   0.8187710509837649
6.171016555937857   9.098560854629673   5.516456211990546
6.074310030881657   7.790425740845043   2.856695394316883
5.016716541551705   5.8828611730506735   2.0448191266390383
9.033232028079848   8.307262031122281   4.878640003969951
1.255579254936388   7.381560589383092   3.236061469967853
3.975839975063775   3.714682566868919   3.045659186054508
8.711225546066716   4.332341371297847   2.7198073159990037
1.6614763375297688   2.61974979774875   3.118700074445322
7.181542571187148   6.3462226135279565   3.476037722073722
6.586506251710777   2.002222466063424   1.3257012790064653
3.895982705270729   6.897313827236772   5.6239812634539055
0.7662979294905337   8.3929165032326   0.372146367692716
2.5060797071335554   2.1357808792075335   3.287239558215901
3.7060478374129193   9.793067646765394   3.7783392817105406
1.4526951535732033   3.7025366238070347   2.3453632577743564
8.068072331302123   6.253665921493337   5.171530681785898
