6.206017458538312   0.011025568833882171   3.1622646557788117
7.8598041010050315   4.303375966537702   0.5651437134619073
9.07522236681061   2.10889106252475   4.065624452492666
0.49605110021050175   1.3200493588508193   5.135646019567926
9.047208641621019   0.5549627257921066   2.095200487698075
8.453691457235292   8.098507136985313   0.05347923444475622
3.6370956707133195   1.4295258979415402   3.3800095876651652
9.692777427951324   7.267015870096913   0.6047181668543706
1.7159050117226673   9.122155525598998   1.8392154622978552
9.049835427978923   9.085892768118423   4.840357521030962
7.036459819492446   0.8745007455462006   3.6518962457778694
9.551216469733907   5.629461306164421   0.8852330873220507
6.718548469852978   4.176099367203211   3.4590354485943626
7.048707721125769   3.2645610829298604   3.69765764039791
0.7055274162757718   9.334284872747306   3.0531118970171205
7.614803511427774   8.38789338062267   4.24007106175338
0.33780728425441886   0.42092582501705444   3.17118529155412
0.9004565863594983   2.782840036534138   5.073752045356647
7.221943047856794   7.607549048152058   4.278886798692215
5.225820426795783   4.162262826821449   0.9911783503515127
7.419578059211201   9.60861317252554   4.677951688227584
5.3660733846105195   9.200660368069933   2.4274789559779575
1.8896087789993516   7.453565816125472   5.5741697321676735
4.353388634413186   9.20096523152002   2.0207048552587423
6.869660191482445   5.065711755660525   5.430085741051318
3.655014512851172   9.737777458347132   5.909762821773917
2.432911388657396   0.5221314102035322   3.2012726197789756
0.7315573771597326   4.3231921083170315   1.1190734926935078
4.555855924363227   7.368891408553062   4.92220641393797
2.0293196507552143   6.171664728987243   4.508136458783649
0.6653205312389299   6.772226649518893   5.309727143274146
6.092565664252293   1.4872385631731584   4.990521964984742
8.15625490229964   0.2730504411372371   1.493027008218561
8.09564578771639   7.016422204630209   4.655479562825109
1.8783161786817977   4.901303274250374   1.2447133700082118
8.95521169890916   4.859747360692375   3.7714895246939792
6.345278714049431   7.611618399420866   0.862022546453643
1.6236044880844211   0.8438291926026383   0.25835704288561895
4.091473131740267   6.631593770725002   2.227587366236663
8.955302612174776   3.841411713833087   5.678289418029483
1.272817470581865   2.0225704637381487   5.119503118449776
2.6526353730417354   3.687110640808201   2.2520919748823274
3.4260463610751026   4.107600731187046   3.8814580267643257
0.9858689865781343   5.196811103370402   1.6694137776865339
8.454842145562663   1.5081944351787182   1.5432864515741112
5.718706129291896   2.4189967384648514   1.72390844349669
7.522552759252341   2.3277997490524234   4.692178711829949
4.5722444399032   1.9317296998050415   1.3536277523057174
6.67449019304546   2.4222898893509193   5.657787263855084
3.17621320567404   6.999648915797107   5.853734009739474
3.442584345929049   3.2498833476436677   3.3652172532920823
5.402880771386252   5.4237604698774335   4.606229350301315
2.630576099076832   8.92401496676244   3.9333672625374714
4.2680650317273265   3.607354108465263   5.975137954934445
5.44793546151802   8.10100578941215   2.6720557645789835
9.679146218170386   2.9193498214971574   3.376583649468094
6.457589158156953   5.989414002991517   3.8576616140555884
6.074716550247375   3.389810550166729   1.3660826731778328
4.557433722999418   4.854601378410604   5.904586220384335
8.30749020523679   3.1319526610727784   0.5807789366957798
2.178905780015689   2.9251945659441048   2.1507869158406656
5.37825264220698   6.577606821255913   3.2559553950611884
2.74025256357718   5.066494781179028   4.428162777777639
6.4575242505117885   8.865987085638169   3.945027800527447
