5.7347431999963785   1.7991597927991634   3.4020400412005083
7.678711080935395   6.924391021102578   0.4875833588889288
0.8164938233278931   3.6346757498817026   3.254809866512992
0.12757185720070058   2.482669075935278   5.484206467572521
8.160740169173   1.4293158998787168   0.7341006772000809
8.268648536103868   8.295955332345523   4.984337313072409
3.234668791959857   1.2223647032904867   3.2191548092290083
9.118295013455208   8.491038151338703   2.1828257925650663
5.618830621223212   8.816739700723426   1.334081847162909
0.14527294272781888   8.822640679242305   4.441533105762105
7.182892362893835   1.4126732026798923   3.7074920070373234
0.8350923812175868   6.308117910526274   0.8253506497672527
8.577874752010993   4.847594245665866   3.3796203722835716
7.445005741982483   3.7617096843536943   2.691185133753637
1.7597335979972357   9.41586840881133   3.1363307618838734
6.578415098803714   9.235119872651001   4.079777609454746
1.554988049965664   4.4474902181908185   3.2941611453363495
1.0247028639125313   2.7098013825323903   3.643500136102202
7.3751591187218   8.557800396851585   5.39626724814811
6.661997359863916   6.876762670014605   0.5981185343644118
8.880771726691547   9.763539026678016   5.389588281651141
5.975008615127752   0.07039433308942894   3.2821614406663713
2.4652273943375214   6.9374144114331635   5.4018307608786325
3.4961482567790547   7.090538500132562   0.9769384451284994
9.579775768238983   6.475624932939103   4.182922111912495
4.135883563106116   0.7224008136909446   4.92673686857039
3.0017445889851646   0.2844975737481962   2.953311121401076
2.5354833333010727   5.365615706399659   1.2223053434010265
5.74438304382207   6.862537673593916   4.813357200128623
2.8440312085855846   7.785799277352471   4.1445391281576445
0.5100193129736506   7.561768598860303   6.17901360481593
5.644566389388668   2.7614601713585354   5.047556084344138
7.569956991028296   2.2314765944346067   0.642249006070415
1.7613952129990418   5.81331500452139   5.448574719329621
2.285063073958494   3.75821430287004   1.5016738926955369
9.605167879281034   5.5026303640815915   3.4509572002154143
6.512060777966548   8.334190693970562   1.7472845780190942
2.0789724635076365   8.431092651508115   0.9392940326615878
3.24712520598768   9.079800047575795   2.61953408435149
0.054726704974536494   4.186267771046406   4.98664074044962
0.3201473130377195   9.728121387791058   5.5442174940932
2.0524941774847973   2.906999005968675   3.716663680925305
3.628348364924219   3.0311276510989256   2.9058889082179062
3.3249438919600838   4.9901783061198035   1.5781397765079068
8.127040724218222   2.9277582518736405   0.8089840024442092
6.394840337101735   5.156394351712994   2.2574715871234323
9.676486127731721   0.8973713585535948   4.659069865027401
4.679223618055001   9.724699772299488   1.9389760432287655
6.744343209451481   3.089312037778841   0.29742302402051146
4.486619781159988   7.8425303025882105   0.8586863810808051
4.041833431842015   1.6653452061324678   1.9558225559654296
7.3122430015668405   5.518089635249707   4.848096712288803
4.598744513707128   8.876166086214504   3.7625102896287936
5.229930199947987   3.803853731930195   4.4206665397804406
5.6693482052819855   7.702626110918781   2.6050122671839664
0.666999157575059   5.304299300804116   3.3433813069376788
6.0975250147949875   6.0746375946291415   4.5491779330483055
7.087708205427678   4.548919056082198   1.935255140836379
3.5192551481667023   6.142438103791928   6.071522938279179
9.11741287196338   3.0614831660748485   0.18913108609456497
1.9580322945073358   1.644208444071635   4.121470550664065
5.2367579585157396   4.855466851959993   4.478612368723563
4.270032498105736   4.417422694354426   3.940653614300564
7.7756367808780915   0.027756020710862472   3.908104482995063
