1.8117677271916808   8.624454994262223   3.5142957051627164
6.004328181005873   5.635618913169507   1.6015086776947345
2.697028339372853   2.097815449512279   6.094213767271596
9.40279796491665   0.2530960818311453   2.7146148711950895
0.5047826112496603   7.200628142095573   3.054811227661582
9.272135669886598   9.182948072102109   5.429554973445118
1.6556839229249467   2.833371665351434   4.30881281274814
0.05457535637691535   8.336125454674209   3.0339128863054565
4.338172334792343   8.09287272679456   1.7944924264271007
3.3468611253574405   7.982166641539284   3.052628721250422
5.46270110496955   1.9887394708264021   1.2034746323478644
0.7828140969500545   2.874303433534252   3.791130575116541
7.333995487064483   5.351656576251254   3.3283144592831544
7.674803455616679   4.397993272569415   3.9288917073143717
5.003863517366792   9.539958750495323   4.078706179041251
8.221149655015775   7.408372362045176   4.080825701934134
2.571833783510407   2.9411735675348782   2.69979393687204
4.733319654481717   0.6212144727773397   4.4057374890974
0.4246743549285187   4.646736661995161   4.443432225841986
6.7162385612783   9.553142493615052   0.6447018119007648
1.2811565484525553   4.78407736452318   2.967947618035735
2.6954850600639055   9.471035868574031   5.795300636150018
5.146195872039369   3.415322084128242   3.357486588656663
5.9730497168392676   3.8089760698517665   0.7182104956661017
0.31845767249006507   5.701236042381469   3.657333397478278
1.4078938460917523   7.527429120347281   2.0969287654881152
1.0260057297010028   0.7290735244695897   2.8739182201131395
2.134289880960434   5.969899108337624   0.28569323844609074
6.8960123630512316   3.3586436579103656   1.060270203303077
5.892673574114666   0.6043382589472077   4.569674475118071
3.045577149902787   5.985253090265313   0.33089347668808405
6.957676630437444   0.7952678761625591   6.249060317511148
8.53354386497173   5.647752465341281   1.239871512931327
7.417705680053944   6.391772130015306   4.901271661569648
3.6551363449157606   1.669410830643104   3.0021640207355307
8.353909342409423   1.9477729755954927   1.1994399771253648
4.2455243108593335   5.074465953004645   1.8224242019896018
6.557415913727363   8.585963952289582   3.4069857624321913
2.691098863094867   1.080997531973028   3.670500050766296
9.567998195072708   4.0202751718921945   5.574168207917392
2.3641207583711736   7.216482425672034   5.917840375471566
4.845296772100996   4.378089485801583   0.10244750266408323
2.0491198159559803   3.6655754463767227   3.3651582974377154
3.2625583972271266   6.8388646956599715   2.9197963694638656
6.350181842644685   2.4954103526815343   1.9960402513757871
5.032681859515697   5.735027845372045   1.786477528780869
9.592025795740616   2.696517237754812   5.790227787380177
4.7342584470023565   1.484367509569818   0.6701660196438193
6.23690860181706   6.914780953509047   6.067569126302978
5.247940700671216   6.597403756318188   2.135798853597539
5.725642849005537   4.734724125334786   3.339671264441985
8.410872793825648   0.26269234461584756   5.046956760919675
1.2543433377528448   6.535116917418111   2.270313750038835
3.878953033469813   2.666232304538692   1.2752697019339576
8.734011580459791   3.8547406248339735   2.40554826156645
9.625977222125417   1.8409157582138276   0.40889180799282066
7.665781512208097   8.762110395749474   2.8176317008123184
7.211617942539361   2.3792635300259595   0.9899513301346066
2.6209546316788415   5.169162994674559   0.24373989963327858
0.873247955508199   8.671088751314024   4.854732307107622
1.1880730120848055   9.521121265914386   4.536053132428829
3.4644054926014167   0.07381840254225658   3.779971804190979
1.5920695510415384   1.6715788334201598   2.7062389976108854
9.502758214449672   5.113450669100661   0.49974760306973165
