2.6204171012689423   0.7630264670563038   4.452293510912961
8.41230512486822   5.202368584890613   0.2680423277767542
0.2709644494709945   1.159367331940124   3.354992816601659
0.5449729748368731   2.0055031236100866   5.504955905838369
9.506252374274812   8.571089999146926   1.5588603270154033
8.673245966451384   8.153733231986676   5.898186565009223
2.8925282987756855   1.666309813762941   3.019639895592934
9.092590202312183   7.341453822591224   5.947331280440214
0.6873611828153026   9.015050493329479   2.052209895559202
7.429085548791801   8.70113845383459   3.9611615714430544
7.507879325603398   0.27152900652970663   4.895375810071839
0.7818862736418628   4.584229697169807   1.398097888858242
6.0125072498875705   5.078349583098594   2.5840056922928314
7.079960458500688   3.3756449532791786   2.926010235997668
1.02580617051508   8.177447432856484   2.6789329194400207
6.160428559161676   8.351677979713774   4.782041793414667
9.257241983883672   9.480947844649105   2.9459689202318313
0.8779169219002386   3.073145362831962   4.93746322679472
7.395961147025713   7.838783284094042   3.493357319677637
6.033601756540291   3.8374382296464957   1.44226709265989
6.705755219918185   0.8937001940515386   5.2859431290138055
4.703741065280434   9.516391988953693   2.57351765640147
3.4101643039212703   7.052410257326418   5.740961489129757
5.179575606473349   8.336942163241984   3.2325570888147968
7.297278377014472   4.94184072283538   0.03455942941361331
3.4239223493104483   0.3803923381684404   5.1741740396477764
1.8286663213613208   0.06423696243807697   3.711159483258034
2.513537681084126   5.312065441249144   1.0937303544438994
3.937960585716392   8.62507202321481   3.937269240630418
2.479963154030137   6.563377997892916   4.872793892322086
0.1497300412355792   7.553702042353116   0.32367553485594236
5.61155306149006   1.2141339411096286   4.923191749413241
8.588124289749137   0.9114405256136755   0.9156098411330357
8.22934118226299   7.208678348829876   5.782927920964837
1.3334775836857906   6.166312507252782   0.1697959982378236
9.379372430663706   6.300005053197861   4.99346750423783
5.576405960375946   7.1645019972499995   0.9166992842895809
0.879668416284051   0.35873868116302576   0.7290603335408602
4.035894456325672   4.884775600506858   1.1443639346364218
8.844736167064701   3.672596860716884   4.352639528974621
1.9858927705684932   1.8897363217566134   4.810829836637434
2.818822703889656   2.5054325981304477   2.080621008169766
2.783905675436711   3.4857939355748724   4.719528864839444
0.38977575894413674   6.674362497081649   1.9543235971876902
8.419676416300817   2.8596063508376326   1.6681662114852505
5.0012282986110135   3.1152137396954416   2.2811070205224433
7.453496357861974   2.515010507273031   5.322379730661648
4.353789005319938   1.9136834627576447   1.4241206470948276
7.941135335946191   1.6014164217929612   6.27046035496702
3.2641146949178923   5.936493081456519   5.585562934921554
3.7185520929531495   3.1730120546209513   3.2902152701156195
5.154408765270529   4.122332806221721   4.526607216972735
2.8086028020551623   8.132052665980028   4.835124771330125
5.215034243484238   2.210040623042835   5.696578341336397
4.5790142943920555   6.964489395357025   3.4253877560397505
9.377230546507477   2.508684109883385   3.199318878606832
6.46293221904026   6.262498732700195   3.5461400995240346
6.314319109327935   1.8843119978195597   1.3124507943311006
4.109996109985001   6.162165902187126   5.66932881931741
7.655596406885192   4.147893793467178   1.3133079901858298
3.242677247578736   9.184291840576778   1.7797219413468668
5.444770605602445   6.173309528718673   2.532385026440218
1.7265243753205035   2.9743065598006306   4.729699150615048
6.399265357893946   0.004939315299584579   4.008312500665237
