4.767409812472306   9.196797627875853   2.987700172754258
7.795780978511468   6.495460676891766   1.2836371121843462
1.8686448900695494   2.486263570078059   2.8515063152190354
9.239213440549582   1.7309599964187556   5.913305684725956
8.26958282854065   2.584161452615411   6.207740578838216
6.79346781864327   0.49726410129017024   3.634138495353474
1.9666991948929384   1.2016273668274566   3.245720029279195
8.366702314913136   8.388143019592206   2.6522177255893484
6.803418088594571   9.010581479257528   1.4310210664960654
9.544321817870369   9.396713054709265   3.5194476074017773
7.144039475238057   3.1254466238897187   3.730833389812066
9.45019786795238   5.913322975115264   0.0481409988557958
0.6112948036959145   4.439247179611035   3.028646915705082
6.454539369842468   4.255190294682329   2.0477259697651196
3.011930910624959   9.74698703013222   4.0895206905276025
6.375193194172279   8.016989947440175   4.290560809251239
3.028859493041734   4.309072535655361   2.62056358190301
1.0002349077316222   1.2002511340483517   4.76418123143088
7.943172360165219   1.6508060742063921   5.081476561938112
0.7712217017024251   7.614476822267817   0.8505086740725213
0.005590095730292455   8.241844289684934   4.691482947503038
2.6701698899563535   8.917475360389137   4.936938844430977
3.373399363919772   8.226369560905203   6.024885307601394
4.406955780124868   6.04280087741096   0.19522611054249625
8.908803785801247   6.861213572017711   3.5326168987929734
3.9115622135420147   1.3271425731740645   3.848762523798802
0.9588061934895208   8.475701160100918   2.2076494388703742
1.3363026752505847   6.11159164835297   0.7115967650724025
5.86031852721857   5.723946259797411   3.7923740284429397
4.967799437260548   0.25979940374365157   5.738756468598458
0.34565344355600414   6.825147503165497   5.444116859984521
5.692353359978383   9.219346545705056   5.480677778075485
7.89110759369301   0.46296442835641033   1.8047148478552555
1.610446080706081   6.987224795006367   5.079987571765426
5.58661401640807   3.5574531012604638   1.3638223954710558
9.115625675161658   3.3976653029157142   2.3029157803007205
7.275371248805507   8.04541986094845   2.69895131681234
2.379163961354388   7.805133309109788   1.6807592388130967
2.0263300945506506   0.1825786891154199   2.714466580467638
0.37772544372935063   1.9006200038538092   4.288328135404142
0.4757232490756892   0.15398341354881823   6.0501522645550745
3.568214240547288   3.1289947789390835   2.3795578220865714
3.9156251131336823   4.85689321336743   4.320809797362454
4.424414487705475   6.9329191750233905   2.3885187944972275
9.406407530090132   4.939196148238371   2.7836623932787603
5.402755156881985   4.837797382514335   3.883442623996069
1.0127703239779278   3.489627293281085   5.9823847601370685
3.0543098614528423   0.8115085380789233   1.2730952597037284
6.41818697124636   1.3279229565432318   0.33609100708677453
6.091498417820176   7.100072166084257   1.9398309747732578
4.250844052952544   4.0238247985928774   2.8791794320100683
8.555643100653727   5.971274280180951   5.0406019814432055
3.8498915944074272   9.209331848761888   3.2643587583189277
4.53830629702978   2.779074130493058   3.9122072277283744
6.691117180102256   5.962862817755965   3.21744066504116
1.9033516051080923   3.7774363218526252   3.02149434785991
8.162611268198296   7.441329372527331   4.4314653209445565
8.015230106937222   3.515004942813134   1.1285734477745715
4.450475557654716   8.041488916989865   0.4647513288227687
0.02434576440452929   0.930229588698974   0.9806677526820838
2.9874385474782543   2.4596523535491084   4.152946047099154
5.4409514599536095   2.5252319192626556   4.744720812548974
3.020254547495152   5.3696705586849545   4.365497216995323
7.47851468351477   5.42841506544528   5.111208458255268
