9.214459111150996   10.20202161658778   4.198397911606458
6.586587071595521   9.321364007829212   3.5988825452339164
5.506237004474331   12.849121587986168   4.777655480197741
2.994899046966914   4.591845696304634   0.1406505072561996
11.678495441798418   6.360159543618803   2.391557499635177
13.055100366760731   13.304496770939753   4.694865076110139
10.28807449094752   8.858325788719254   4.251892433923069
9.408351939938544   11.48953292033894   3.87782794921274
2.2498398020530783   5.541377643753533   5.597575975206513
2.7955222888981663   6.409942638960076   5.106142428045486
13.159255299733685   11.30612199957379   0.8062681346805421
0.17694800684228684   0.6883721692237459   2.0222603035447553
5.720159072486871   14.093990284919926   1.6201457565523685
7.38387379743046   3.7392081500339045   5.821186049811187
8.41356793465149   7.227653191428974   1.0734371981609694
4.522306866937756   3.561245738487837   4.436954721970086
1.5186024614647928   1.406608244792209   4.448996232649848
4.7381043589830245   6.966301014965064   4.976348336564348
12.626282358017473   4.319135352966741   4.506560088338891
2.583119827892596   3.22526667566326   1.0844765747054574
3.7247110071532132   5.623639174722692   4.515091911714181
1.5959872400316262   2.800989981032121   0.25872679964529316
13.070927529372138   0.09852887926574355   5.691024787277705
3.5352405517068473   11.07722942427305   1.0853800061760348
12.640066354561405   9.000695375379168   1.397827833340754
8.16693144189443   0.9533081580444245   4.439609407865047
0.01672940650238705   11.339163880626144   5.011133069797704
11.71827785335859   2.4182723471153658   2.8935583351756926
9.976445806483222   7.46696542090047   1.5674716995075386
11.405714417482097   8.301834197484018   2.261736511963613
7.972649079992057   5.435927983912275   3.497281734321314
1.4261364423831986   7.141793685018531   1.2865667110025827
14.008791972439512   4.71471097196859   2.589215775027426
12.05268181029519   9.925318561636942   3.1567097522209746
1.7997295113639795   11.39025340387825   0.000386242600472958
8.27107450687565   13.547317399664331   1.8640294887748237
0.016018736753707685   3.402495562946051   2.874082057359653
13.895980037111261   9.940993646876311   5.080368315050204
12.810607449583467   7.26112441475634   1.776314749133231
7.006195839133764   6.217111647650045   5.621703046373489
7.8351206795327695   2.078943277203011   1.247034358389199
10.476592628376816   5.809466046044981   0.7305107573036365
3.8183714498591526   14.138560070729996   2.8636682191357936
5.841582174025935   3.9341135874128037   0.7349080103866363
1.7591329757889713   3.9102502984331853   2.189442626342217
9.21434594929242   5.76104511847043   2.6908106152790237
5.453586736507806   0.8917033895815073   3.5256511205511405
11.264881310427086   0.6331534972379694   2.8417050516709237
10.899760678629821   13.458715160796379   3.8949033845046883
7.0064080262023145   10.931948040449043   4.022525216102618
1.7731954192531478   14.093934991427602   5.017612909338802
8.495644782491047   3.667239492628018   1.8194820449160396
1.1243958197285262   9.256191773669066   5.482734109749314
9.771026759376145   1.580857624480297   4.676081986284858
7.620053943574543   12.239156123807268   4.713109545240908
14.370300965108772   7.417010048819901   4.547539175696387
7.171035673335917   7.897072431989645   0.9769315081437207
13.828626615890022   8.5716528875578   4.673771683103004
2.6379023545571854   1.3789195235175304   1.4614112428805568
14.172699561931678   2.380132531524171   2.3566803266233234
3.4869870760954558   7.316585346023178   6.065572330382678
5.87338132334132   6.974638624174741   5.64914662313231
4.084726809192945   12.780802436405834   3.5180579795902904
7.869562981362283   9.958039861663494   2.3296742905363472
