11.92518382175873   2.719818392835776   2.6199222142065004
3.5744373257427173   8.3583491757898   4.013228706758548
6.998754340768809   4.652515895337993   4.141343839362745
6.8434467927143   6.58032672508217   3.030432945489097
4.0996933551628105   5.666085170469837   2.5474441818276703
10.655030844834384   2.138728288562196   3.669559923456152
14.21475106383506   5.6114931445242044   4.197039083306872
8.246499315650723   8.417969798212729   2.9454435623333635
7.931210112048465   2.6271501920739815   1.504492786179124
1.710075906381257   7.2055569019399845   2.124383554818247
13.47837093295581   8.88410815302471   1.6456083768812169
12.527367222924344   5.307139996970176   5.043588780148786
3.6203964222862393   3.4195457850532565   5.847356406951818
14.06220490189662   7.225370292821082   2.8171116773768374
5.751817479637562   5.0049229176441   1.6294503139251344
2.8731888310449527   14.294040838890144   5.512050568371272
2.662302195112641   12.882787966217931   3.254557217745759
5.710191442134466   8.630570931366499   4.020806007789919
0.4423560885783154   10.061174184537553   5.125988573439355
2.4115176954622113   5.953920620288205   1.292534579166249
0.7559954374730107   4.365336391087809   3.7334027988340894
9.16286170280156   3.9833749763640367   2.2948445627735294
10.866665440240135   0.7831637356037275   0.866542161662491
0.11261412594925385   8.171041966091611   3.378982203144735
9.421118696303456   12.471697712164815   1.1416986106101752
6.165976951985107   13.95928392530709   3.7451079230185815
5.167118632355609   12.858329637586419   0.19599614982312202
0.6095712842052725   3.1468698940249467   1.3975171186075603
3.909365891508944   6.7646141225020235   5.926247220712502
2.539115312128582   7.997128188246255   4.446737573264906
12.169456783672915   8.28407478058174   4.741025051479983
1.1853674895616595   8.403024619370466   0.9905682867209815
13.679204020467688   0.2860002398945732   6.1336687475350935
12.128946065564797   0.8501529531104854   2.8874446076039355
6.02239999199025   0.8433040816434719   2.9366321341876747
12.815685412892549   11.372550624215709   2.089574796720673
9.239057393292704   1.951276736169339   3.0324424203565155
0.011909672190661524   13.376498335864333   5.122126102478321
10.952666292200034   5.5176899458414965   5.5747812208692595
9.802568419649084   6.754547433104921   3.4140849737703696
7.417718799789654   0.7002487985903785   0.6303064613407445
0.05187031084796678   1.848690801640522   4.547394649261068
4.279157596155071   13.887751935802585   1.4352885504950563
2.9112292177303676   2.0743865497669005   2.3725016779743537
1.714735259531133   1.4163402362762678   2.8040524942719744
7.41655760603723   9.183260516357638   0.8839280629666029
6.0156859168631485   3.5801029729737324   2.9266156791543705
0.8415613099325766   11.875347381883396   2.285925671464475
8.262231936674672   12.956432299527783   0.8147113568784214
4.238779115203958   10.679612138413903   3.9051048402103268
1.3821852638202485   13.97176048947662   4.020193939037568
8.31951070910446   1.2901847297654538   2.0130171327145905
7.1562113474894575   7.71347158621944   2.1350866161617317
10.973372142722885   3.7807895008847328   2.881697127967754
6.124407950670976   10.707886924404153   1.8617497441402364
0.531713872722178   6.45129695840753   5.06107840966779
5.687034473364607   2.038343380279863   2.6864240700174498
3.742449546026048   12.112599215264435   2.494996792534974
4.828673796858639   1.3009072116691704   0.08935704292989327
10.40820071220229   13.240403166106685   3.050224925203069
2.224956791232728   10.70771949896214   6.230367083015254
11.462885626939821   9.902886778390105   3.6916037872448917
7.871565840318544   10.585320205968268   3.641062966706733
4.6774237636101414   8.298680670596037   5.481054757676354
