0.0878712955760701   4.784146819236356   4.215982800984128
9.345658411558185   5.582749666523048   6.224607930964594
10.83649599250286   7.030616772306615   4.283525259302974
5.592102965232784   7.826459633989348   2.872163140705939
4.409780017952282   6.446854646725434   2.2578476731967583
0.650110511876979   0.8625061222371346   2.7808908021107657
0.3365013527508018   7.213950529886727   3.7707200096756086
13.541310653491038   6.893747946187295   2.69421681275874
7.540019780856556   6.071845750802441   1.1909955737511482
4.132899847430591   4.783266171905296   1.0234826430282333
11.728172919788404   11.97538070045743   5.221420082199763
11.49831456624395   0.480214574561549   3.245371719027496
2.6269180209476146   1.226721920358822   1.346081588784254
13.750347208930872   3.9619164420389392   3.8695317243484895
0.453615027901453   3.092505707686198   1.1594260444987496
1.6759154332545192   2.70763055664252   2.9820842094082747
6.2149306491809995   13.646796311799443   0.22016732787459625
5.9572627019276805   9.402317594788906   6.176074960177654
2.5823158129293065   10.166579646359207   4.5515764395542355
4.321731957071821   8.170828715963205   1.4624005445344495
12.432476676873465   8.577522498194574   3.8840089408186205
6.3324925294916765   1.1206039066781472   3.002588012732854
11.59806802064751   1.7764615088784328   5.648894707061296
1.3955258218488416   6.5888700516146494   2.6703681653870897
7.895445339248089   3.221426527327325   5.355971405864992
6.218898585311735   10.861580761899734   5.431154967268042
8.33751878180553   12.967216657584636   0.93628433220391
12.657190174686885   1.9145735386977243   1.495256448575727
2.896939468424468   5.541941923245254   4.3486006057795334
4.974148128681852   9.843920141330475   4.689678322197491
9.117594424218858   7.153642382440185   6.039559365875422
10.972803714589372   3.9856240300757553   3.373550963236297
11.03602702200897   5.48304023111065   4.611009220671215
12.086710916365906   13.418872156043612   3.9285844202688103
2.76300021019774   3.6309148733966814   2.6528664297852944
14.180324575932218   9.751792508193283   1.0595540241589962
9.866933838335923   13.192746322279802   0.9786368833873014
1.7753972811721022   0.1914151466988098   5.6685441708371265
8.384183840639896   8.237662475440661   2.799007053497626
9.90848099985702   2.845937000052199   5.0711469114782215
8.263485501347938   1.4222298112846719   5.451939015706276
11.966443862039485   3.00543882142699   3.1208448453650774
6.5601447341367445   2.692241603093926   2.2705571927515837
5.099856623683562   4.032543753121371   2.5887547611993282
3.3217048635865387   2.604818968437134   1.7095771108017237
11.354667809721658   8.49939838621679   5.291856053644784
9.006848643590406   11.290764974413058   1.0887644665987786
3.165665378277036   13.75416269610435   0.8996194868821829
7.118412971773976   8.477636758496306   4.5677277131050165
4.949035275823445   11.182125314813353   5.558100323868975
1.5734301855406916   11.14346275535388   3.797266337833636
9.8362653519093   1.7910661422998455   1.545087064772067
7.422101433941863   10.911323694143988   2.569318996297157
1.3469331435503626   4.988014501863793   0.633065849992015
3.7814713674591727   10.837654787151568   0.5254990454910353
1.5301893344652306   3.8476240760642995   5.843414166353405
7.120353950390289   4.118440698004604   1.2423257765420714
2.501529175743398   12.71767889060598   1.5566311606840122
4.532496394045519   14.228981801655426   4.622712521887261
10.52217736248245   10.20787098146721   4.98441426187296
0.6235037709557603   10.402686091387109   5.305416202149493
12.78678719825143   12.17783206034165   1.6981286567366924
9.853049545929247   9.084677941009154   3.843589904705098
2.0012907935047966   7.720945130240306   6.2383032064763455
