12.105142408228494   0.6409496049197303   4.992765829497492
4.382652624574217   10.77293862865145   4.4894065880160925
7.445038936860483   3.286330881737052   4.230857296799625
4.811860330983908   9.390087956095668   1.8212987711987223
2.2838092893770168   1.1334155552154708   2.2128038761538598
12.723510815452947   1.6728838863757334   5.2357743971199096
13.076212481653302   7.168207409339423   2.9121044702821717
9.30168024258264   6.867460454188515   3.6735995779416997
6.370614654818739   3.794886100750025   0.01085491124718807
2.8198738123769527   8.483017313022303   3.371197810617985
8.962202094264313   8.426499762947376   0.9378088834093607
12.025474165560954   2.8941614175370436   3.7868002313440092
1.8046458513350285   4.0468500838609875   0.3770437804339742
11.926803719209305   7.223574571232973   1.8844690421688588
7.522454880684855   6.143276817392217   3.287685837227262
3.8019944111986894   13.78771797165797   0.23241809018367618
3.118497791970642   12.57466351790828   3.822571131284947
4.80977426805117   8.268028240353635   3.7049943918393713
13.437299719381794   13.41779838265582   3.91823776051902
3.0915832795843414   5.14750312430028   1.9891462288003543
14.35354955272533   4.481085016744223   3.1329738120477693
8.520560370505283   3.7393808783964557   1.6051046922063672
11.533537501606551   1.8956452796781003   2.2014780110598533
0.24788055376260934   9.692039886581506   4.527129960543201
13.328397529950388   9.86571676605673   5.454121492094413
8.687012012529056   0.061783878094248124   4.007489418006763
4.594367995284349   12.144827827979453   6.14519240168376
0.8396504031930325   2.1490197241072986   2.191571602457248
1.2191357399442884   6.741255533745306   5.915138845841061
1.6189935752140319   5.584645460443904   4.593591303649826
10.258308391245697   7.947745411877873   4.623721480914814
12.833097355120461   5.95238900635638   2.381202371729172
9.831424875856806   0.7561515186923482   6.052304551039524
10.935227120618666   13.416509795013656   0.8184275144398991
6.177220536815421   13.44309549921177   1.9930792259388437
9.35745602067203   10.962775325493105   1.7388969096754396
12.144169329943962   5.2028264386135845   2.406612089848122
12.144693401640543   10.275850458150561   6.148138015521165
10.904964076429863   6.47788534023251   2.2023395023075447
9.37509820987088   5.720884831686904   2.5448885134237846
5.455706750494111   4.627386763116788   0.6674041983305603
13.993873139272047   3.0951847007945354   5.4834359318388435
3.0984480221634296   10.247459074569253   3.5226949983294715
5.990281487411137   1.98251937592282   1.588999322189961
13.695882810613474   0.3425494433953227   1.8454107438175178
11.558076624611504   8.351731882708469   1.0621155690927528
5.00755250704277   3.6600728180685103   4.191168789798867
0.4989502777017232   13.157996598006443   2.689908187854292
9.045169421012018   12.419151057392657   3.2221176792607387
5.994055598064392   10.23711116509878   1.9881057906764026
1.7162524695877426   12.763698085435708   5.627087931868391
8.422118417259137   2.151825139479601   2.237842930071158
7.917904423006418   4.77934825599527   3.0773780956498342
10.405377604345691   3.9084935305900625   5.776200166572667
7.352864302778387   10.438543775765655   5.900879377871422
0.6000259885704176   5.374980377731769   5.6338295172445525
7.193219081389244   2.0753395726687884   0.747954018772859
2.3325293576201602   9.525801697506216   3.8455960726703715
5.688236271713095   0.7922948581990648   0.6959064401349377
10.528929992130982   12.327033679936536   3.1236516640396412
1.4396531751188868   11.033635685802714   6.079811032290809
7.3315725332714035   8.841273741934952   4.809920935180566
7.971750269964711   11.281847935325246   2.7615455793167643
5.900791687968303   7.036285578907202   1.923579360720202
