1.125987136461866   0.8824167990894248   5.5412079602256625
5.009832568567653   5.035521564603316   5.6668217283922555
1.5908194678221341   3.5976656387702404   0.5993382265293716
4.580829203555905   1.6385139865229246   6.271652270828921
4.00040969178959   0.6834314675141888   0.5203104232098049
4.744581691181147   4.960121341943602   2.4137875215012685
1.1399960156520337   5.16464075632696   0.9475330681502888
2.1726729579152204   4.883147811301924   3.255262504290142
3.8032164290368327   0.7386828800321636   3.7202146324192045
4.459190224246385   3.771828042167794   2.360727988465273
3.1118111296827404   2.063104231174085   2.5194111045964087
2.7520927873426695   3.757125871462815   3.2954334795950064
3.691499015238559   2.2079349894267515   0.2942024388643698
2.411081953812081   0.381590108569241   2.302427158336873
2.585595024409438   5.1723695124880065   2.5191729438769666
1.2392812066546206   1.7564425031837838   5.085979094680114
4.804181608298621   0.7787122012081665   5.977724617352498
2.091074543965201   4.157332572021396   0.3627388237245409
2.816804245385012   2.5246428074783935   1.6865330011266395
0.67604092819386   5.184384268690733   1.1358678441940488
1.8609767099757806   3.0031237299595923   4.131855243942384
0.6673937825644078   2.3221413667598263   1.0385503831059288
3.5046414824692587   3.862205649904848   2.7888440712832403
0.02620704797268225   4.842317062519065   5.813973159403206
3.5842861294802595   3.541876154431013   2.6210266540467066
3.055724648582446   1.3080202170264803   5.104673977838184
1.8792187068762376   0.6761094802640977   0.12357044079027169
4.601280885597748   3.259646162969816   4.8867272392675005
2.3882094572348875   0.8995122736721155   4.55428605940536
5.035197802537255   3.7372405065250374   5.010583294398545
3.1099217036694853   3.4172502516499295   0.40597511093212
2.487078445553354   4.163520494778558   0.019166390674810074
3.3779162530309543   5.101677065700802   0.5577963557977417
1.6448751014029788   4.678091833811231   6.173983378915675
1.283964277501155   2.5800440455663662   3.9311064899032906
5.219701459254151   4.45816883716948   2.501805627131819
1.72206823916656   0.39477455441187354   0.20164478581879558
4.407062929257539   4.503120265413283   4.403641217214511
1.0389211982250213   2.2956487384543185   3.8763146630916268
2.717589753041807   0.46422352781446596   2.4252940197052055
3.65868280331058   4.5272923840427515   1.2221447860412094
0.21727647078130566   0.6699612397449046   4.726719700529181
0.11768148406642487   1.0281606059851138   1.2317401793303446
2.425825173417469   1.0318550765281247   1.4021401387462316
1.7645854732271578   2.863803346791215   4.160570519907187
4.861523062978321   2.686627329661428   1.3562088595870927
3.21942777653221   1.6881353672754567   2.2588788412017307
4.636193951237522   0.7550361224459428   2.9714637538996804
3.0703981702892578   0.38875657939814745   5.712351958342186
1.7604405770999876   2.6519942440092206   4.33445210802822
3.7497217346973724   2.6674423938598664   0.159576962586474
5.186611368456258   1.684239203920053   4.6787331492435715
0.606881046102563   1.979446969093856   1.415159629689322
4.338626477888577   1.5272097851253181   3.1830140975731394
5.180600241517927   2.347134118087427   4.408752817378806
4.898522886267221   2.934177851389021   1.3538556132741697
0.7974794697366899   4.127497545597268   0.04849406474255294
4.050469362116577   0.06711191187663373   3.606614755571189
1.1200839197298083   3.209661707687538   5.382168601001947
0.32221879280036336   4.150662786257314   0.16030569822548327
0.3917155262756974   3.058556564525735   5.426416866439955
3.0336473780092312   4.422508644021564   0.704611374595615
0.9585070148368966   4.847569864867822   1.4189362309296973
4.026897856772465   2.6323014779507745   0.21635580833698756
