0.15522037928746477   0.7032117725350374   5.02289978613124
4.6464805327319425   5.233895350876703   5.781998209180855
2.155948424102869   3.470153683105511   0.7388278003777459
4.342465650356336   1.2517029367089305   6.2051806997893015
4.03890464200855   1.0615251591707673   0.4373374160616233
5.134295616291006   4.536636445479887   2.740141881306627
1.7627819135207279   0.280889838800527   0.6293559390042951
2.161270486352957   0.012475654354035193   3.4016863372091373
3.6831396977650686   1.8558023675002309   3.8205021627721303
4.931008004935932   3.821458067333885   2.1792354628394413
3.072298375652379   2.832103714668241   1.3583542759082934
2.8469453521102612   3.919785668658895   3.2753359954738066
3.498445515058732   1.6757796520835768   0.6636816745295916
2.7054463065571195   1.13251325508588   2.103566180205238
2.595733082213287   0.30579672842446914   2.520714554659773
0.7857010796267972   2.0062363025457772   4.36912873475733
4.955988355201511   0.42800341378924334   6.076390438120397
2.423598760946038   3.923231843869703   0.42496041913576077
3.539334678006673   3.3534476771244597   1.558973467413829
0.926487289665008   0.7273993205577507   0.7600409345362477
1.9291940771157041   4.253576377989559   3.827990259747558
4.838972558533113   2.0137674980629603   0.8914872090043373
4.361296812428789   3.4534063995141295   3.1748964700881155
0.3826538917082868   5.183657411812802   4.8511143827968235
3.0726150763334728   2.2483435828069527   2.6579510201281553
2.0332999688129307   1.3926096277192823   4.818978713173796
1.8869207828276442   5.088110691131482   0.32496361778436933
4.828004396120343   3.434868940527123   5.612990172952107
2.0364403237121738   0.8084518028421369   4.401970338662962
0.5092275984518992   3.3224106206142885   5.2140455773847885
3.210720738817934   4.4324913106208195   0.14154286273571642
2.5702073454245644   4.246293351710903   0.08080564995465972
3.494309154135907   1.0657297051934402   0.11003704258998326
1.316934279297922   4.39478094373843   6.023233860622773
1.1958846264346326   3.1048932885921667   3.042521350656697
0.15569780534251465   3.6453145137488776   2.6623980617875427
1.0056442563812813   0.34839763401231116   0.8671667057862562
4.144279721426071   4.344457902682136   4.465385778313748
1.2439327540941216   1.330482861099404   3.4192159258111454
3.1624593477283427   5.22493836114105   2.405436930026111
4.349321305929167   4.694487927984435   1.7259566875605037
0.4296099127730439   1.4166471462376338   4.534752907567856
0.6975155586391333   1.7049251540876145   0.9611108539090742
2.235637122690247   1.26457342142925   1.6537585686208978
2.3378337946167878   2.768492765965653   4.40920670510953
4.712368973726337   2.6517382754538272   1.5177384904456201
1.7762523964855652   2.2662750110796943   2.0079129367264374
4.647103091893461   0.8031141933938855   2.7507498449185612
3.530460466271375   0.2865944230246498   5.1260720729336455
2.8724441354224894   1.5678812742029007   4.3180537901628195
3.7338090025989423   2.7674406674486716   5.914567467167612
0.021375016070430047   0.8736057880005326   5.063299785690209
4.419604803529231   1.837996194178833   0.804374601710373
4.547312534216119   0.9040345013696085   2.817294579965952
5.271369208662889   2.4986468958986796   4.77460554040463
5.096839890607014   2.9192348850972083   1.2361666913961917
1.8641849841530853   3.2918551009436334   0.7587428955700384
4.210152987953075   0.18224766836977274   3.4352766422820222
0.547614606065242   2.6397592889796972   5.157479399010064
0.5822753116372985   4.731908566100783   5.766767173169905
0.6437955012439148   3.7767676383721582   5.433290079083243
3.8811233526214317   3.934380928309263   0.7757506592408007
1.1224043184091173   4.835260293032342   2.381020654000849
4.199246971113488   2.764277940955016   5.150809043361243
