0.981944313733367   0.4442693884006015   4.9856960961296934
3.731137047269229   3.126640369003177   5.8552729581405325
3.3410041059395135   0.14259253268123678   5.789879108177531
3.1532073156380847   2.4035590066279897   0.03051436865227973
3.1675248848258284   0.23468421782722798   5.6704412398324715
3.5074392522803235   4.334096593067987   3.469351993747036
2.7800518598355337   3.007755377964068   5.231656263625341
2.1623817381993025   1.7382064187310509   4.175046230981436
3.458679546890922   1.1959572221772456   2.471929659631308
3.0676607463922982   5.157290172467036   2.8927560869683777
2.7013852459498597   1.2685410413817224   1.145966270427146
4.433404949865378   3.767908674226723   5.1658569592363595
0.2691673662420069   3.068407330580737   1.9226010251657262
1.5107223554402172   1.8686070817536704   3.899417944365679
5.0745180514019035   0.30401971919686727   2.5081996944130056
2.9102255889742796   4.268304885171454   4.449628438218531
0.3397962606202723   3.702232613204824   5.763807367109493
2.2364438803357425   3.7322579221965215   5.508940213008869
0.8926077585177923   3.383390275708271   6.077771895289224
1.2154497280843013   4.976004588425494   2.134131810124255
1.9713210470241056   3.0110011657670497   2.0910009028347916
0.19080056354869723   5.277663211275014   0.27852775801259433
2.536987334748108   3.658161345817701   2.4614554485197355
3.9934379566139855   1.9521221927451868   0.20638362825314296
4.796300249217113   2.182711601005956   2.648309497362961
2.7669230667575064   2.1307142293351076   0.40771226371007707
1.230294246046818   2.727870870999334   0.6421282360772558
5.164458964955833   3.3934728128586884   4.670252343896066
0.03878449496430747   2.2965843575896105   5.464045428049651
1.8646573608769588   0.8226739213541863   6.0214210912361965
4.41602002817823   3.385828574110686   2.184219042852694
1.915437677761994   4.061561145456459   5.3480789194791685
4.694489512286964   0.9249488089753215   0.6682985371478596
1.815532837661416   4.635357662624837   5.572584411099899
0.21073932583268196   1.6663621877189554   3.7335169991069623
4.651670914591186   5.101863314273121   0.8898739673108615
1.2188512806491423   1.291574156078691   5.73220445528897
0.6238867247466598   2.030953024627189   4.671587683734254
0.8758493352158884   2.6206211373250623   4.3478103003480495
2.621773826019498   5.193253757510338   2.9683916941907342
2.699353939623568   4.561133719469172   1.3124259613862832
1.9913423981498044   0.0061850844383039005   5.4794153042417655
0.9252098163825272   0.23790681790110835   1.6778176550962234
2.8589061157787143   0.6279603307963244   3.2300730136191484
0.670646213559698   4.047931989390625   3.0089852127921133
4.230612515636205   4.875353419290269   0.7635899585608863
1.9820748695875348   2.7308093492905425   2.129833923103444
1.5607816011239974   1.0159569730125813   3.189615024607074
1.5102143166029411   3.262170397069465   2.785388423106581
0.11183308080447732   0.895702542234815   3.291374858314711
2.9434495671236856   2.512821528452822   0.05973156333741039
4.386046055781379   0.3687293909736295   3.4645107660147754
3.7383861800148734   3.8096636170688964   2.294336898086612
3.9571502324344476   1.0018639005379752   4.987803174170712
0.14033802970920775   4.415378750195942   4.526740024696692
4.84673402753124   0.9579740896085089   0.567914093669523
4.307267939510495   2.4732486791193478   4.444049883974551
0.03343520017043833   4.87197991488185   3.806031274453806
3.5415915244967833   2.238549782490948   5.86268547748591
4.00142222917838   0.03996943690492649   0.6870929297810767
0.49985384794540166   0.4591496103222424   5.18883354795302
3.9754220111234098   4.473903368721348   4.357659326699003
1.3878913366138736   3.520549541758651   6.096326564362572
4.252484711932779   1.4454098384194796   5.067472505008854
