3.6105651670544727   0.802589666260922   4.798000743066652
0.5494209847045308   4.349337000060133   0.07026993873698598
1.8259092198411064   0.9844298806562459   0.5005234759643227
4.6768748994567275   1.9212250547472771   0.06151541247910686
4.421965131013485   3.6945913361963956   0.1208667316847801
4.086055867005254   2.0569742936695157   3.069741025924799
0.7824392776340774   1.24264919823721   0.415957216405619
2.681032217188154   4.044647084133523   3.028478101101358
3.033960525245604   2.153158541833079   4.322116883614567
0.6090775508431827   5.178828939822741   2.5999705921443748
2.26087502070289   2.646810528214565   0.07515172814174098
3.406380868225271   4.8099541780811785   3.579017491167087
3.062307259353101   2.3893766026811223   1.4297009149718398
5.199251738897911   4.880634258929402   2.8940084903604415
3.182011219836623   0.34859222602307843   1.9157845989382027
0.11089246741703018   1.9489251087766553   3.681951200006219
4.49584617860928   0.5702369897144199   0.11282209027285164
2.479082035783016   4.411005686408549   6.081511237658022
3.585771765285807   3.919420740475291   3.635793264053463
1.5579512044939174   0.6102322996835936   1.19105274711187
3.892707868654097   4.443260640732938   2.4115932217371117
2.8421706843616295   1.31522102997206   0.742965549119357
4.588724632495923   3.6323572768666295   3.142929845370663
1.9396947706289915   3.876552813933424   5.806680651995143
2.399875967703316   1.2438846935739956   4.359028537555911
0.8332577534440231   2.5531676490237087   3.609610380833884
0.517175767852742   3.1309542158414976   1.2392605776293621
4.382983011652937   0.05571592193842137   6.259966827525983
2.9480358997393408   1.510475706070644   3.6831460729452634
1.4265307663585607   3.2596380930001625   5.894732777467626
3.0327845487007012   4.546436751547983   0.19796281475520738
3.962580978710304   3.9210997478789102   6.1847085317609665
5.136357806014698   3.727477051024965   5.822492287212622
1.4540022685624647   3.8858225842601866   2.987713889171006
1.5912064628443152   5.261438968717847   1.9030327767593636
1.677463374737763   4.661193208249816   1.8355056454142706
1.9555629524906162   5.099145464186793   1.7755690276629448
4.703115835929152   4.762868652541468   3.633254310499934
1.4466750936293566   2.2689229466050405   3.3765292906660336
1.153845514800689   1.1838332724333203   0.6386665067273976
5.241977277726732   0.12726624667623337   1.819878607853628
0.8739852560885738   0.05634163672813408   5.349807164314064
0.3778944825348399   1.9482103419995005   0.28899756808410654
1.3536499592476265   1.6703495302897324   1.1585035135161352
0.2815893717930531   3.8448052251333653   3.5068123534574154
4.740481460543309   2.5702358839345805   1.845539963441232
3.0022312673289946   2.9009930219501534   1.9814749839143104
0.016262159015878463   1.1419051655490353   2.9555081995935186
2.7308757115023226   3.223105343168906   5.812303749189948
2.4032731319007197   1.8896346592577251   2.912162476182961
4.06029752757653   3.3450554953339378   6.09695400478356
0.621675149580737   0.30350911031771327   5.267295650709463
4.151870136800818   2.6295909606111856   1.6279984048788103
4.01747224527012   1.0956253117742727   1.8661700738515146
0.6688987167601605   2.2844219870249307   3.9395530652698434
3.657640335714647   2.851487785078678   2.5660272646266375
1.80155011189101   2.802652311160415   0.5822600421416723
1.875494961725932   1.878984030575897   3.797377373458865
0.08656493746835922   3.156647068347425   4.379373879523914
2.283775503885139   0.4334546542786741   5.360113165992921
0.9558909898285394   4.385882396454534   5.958190437360165
4.795137532869416   3.156906343501572   0.11150878568392948
0.8512463852222982   4.959220865960139   2.694921434075306
3.3777501091601527   1.6863965311087035   4.182012697129794
