0.01769530454032972   0.9632701679117056   4.810698959168912
4.283002072692459   3.8941971484222946   5.355348988686935
2.8650962828432056   4.946843392792902   6.2793845701965605
2.9021977892680657   2.4740374761235793   0.1876773260854709
3.56193076240381   0.38749132298505085   5.759933476711896
3.5952731489041097   4.217385416143317   3.103961134942163
2.300937750842468   2.6982945547227235   5.365095163849612
1.9515321381069215   2.18511601999165   4.557654022471278
2.9674754088711857   0.3408938381900719   2.8981851986888514
3.027573860666053   4.744443566080646   2.978489376862379
1.5690588551819955   1.509824359832447   1.3128352004458816
3.3741575403354176   3.564254270183784   5.041468138648417
5.050102973212023   2.9245420051923547   2.669060003230854
2.3981608997865322   1.6519832011996287   3.75666731335189
5.006157241688719   0.44939309394342025   2.2402216281552287
2.6925801675360717   3.848179683135441   4.506193382972018
0.0321071359709888   3.5816714222903214   6.199949017385199
1.5702132526028865   2.725432212095133   5.414676363221415
0.9258204657918307   3.59909677709694   6.18624947656658
0.8309155083045223   0.38790472956758143   2.34084496422252
1.6214294932298041   3.0088062814468612   2.2506403794633303
0.24830027940288157   5.073637745544207   0.2762267732664345
1.52525378999571   3.151223308402364   2.304097341965618
4.638286025047142   2.4023112741184853   6.157489003230803
5.0952448070805   2.5207078093586763   2.5407652732813104
3.2786974980565264   1.6518411378368922   0.28573459726313744
0.8853652667116617   2.7625364059974533   0.3736935629220552
4.468041757226941   3.577463690465005   4.729304187911931
0.3601416253183212   2.682661315511975   6.091463307484904
2.3920687782866024   0.6542747518109586   5.787178976030669
4.5970328332502595   3.372235251486125   1.7607209259420435
1.9670913005208248   5.094715438124827   5.51529328630933
4.0243170843213285   1.9845358740757115   0.27508810246306836
2.390978113076488   5.087980446938864   5.4518471806208595
4.675519665956738   1.1888698792538472   3.9461585877600855
4.2720013208928505   5.0353758291335495   0.9567737194939867
1.0366498004404714   1.111586316610264   5.515112560345563
1.3140021808061582   1.997482426662717   4.458689719653966
0.638441207397175   1.9542304730068518   3.573927764731654
2.026990167435437   0.9174281049496581   2.740130338530827
2.8879689880981543   4.206562253146686   1.2809360014317956
1.290667513476408   0.05678647999720987   5.407583149467053
0.9310744722494919   4.8727460279603365   1.118618493545531
2.5282048860830293   0.5287297204575925   2.7958182791450032
1.5234298870406917   3.928266713960571   2.9726147821013633
0.15507454818243277   4.763119797319379   0.5219978579077161
2.2789617503301534   2.9275610417462996   2.128683634479272
1.314426283674504   0.8297791388509093   2.778263514970115
1.5112389671431934   3.3070034292680424   2.2645402992617765
5.053850127464924   1.6272564593218073   3.400632707447096
3.0496364480351983   2.979780132883068   0.8304407898980732
4.298846835708974   0.881409263422174   3.0694862924113053
4.098799507707164   4.4802602528075255   2.1463019063916295
3.7093148296616683   1.2279620670819669   5.164749002784718
1.1603551920438042   4.543765953439014   4.595357232874174
0.41485349919658476   1.3897932937129402   0.6909969967510063
4.009374914109725   2.8343933569914856   4.534814951825016
4.9319259914885   4.911682977100133   3.768012752839421
3.6631886214673575   2.183438200879175   6.013159090766306
3.8221756617987124   0.5108888447163953   5.9931811575265845
0.749099913753035   0.5746417393647771   5.4612317133704416
3.774159840777307   4.8521895546072775   4.487306703860381
1.9262104929211772   4.172942981376829   0.24330124502231504
3.5389361335799228   0.7850750467382362   5.565790557506394
