2.0055173034903486   4.954387695210939   5.65517712105773
4.9132581151272605   3.2571896896375825   4.817926024545397
2.173805491106709   4.492301202646972   5.671304350701326
4.290879497837824   1.6240251024663341   5.917332247621648
2.9162612594176824   0.006903660609577034   6.1977495935091405
0.08819677619913546   4.891215716283287   2.6029240258152
1.9897446062335737   2.8018732904069146   5.653765529553247
1.9741815585052969   1.3620888296069644   4.426091819082379
3.820159652999529   1.6696618325135324   2.894204592363895
4.025455427069705   2.669568903962714   2.605850857722372
3.253035297344589   0.9553087146164261   0.7679092747164
2.85078318615464   4.3081517329272945   4.427195355344107
4.954077440338063   2.972985453153159   1.6139248197386857
2.1695132941368787   0.8012822056838338   3.487379138001935
3.5307822650495613   5.01451653570494   1.9086313706662434
3.5235072280596236   2.5699741856194604   5.451492471559809
4.368104575453159   0.22285670199324392   6.221363813640458
2.2612649738018495   3.7235016061229094   0.2607773043562041
0.8761977610475044   2.975997142699727   6.143452038473248
5.120592214321496   0.027722273007297016   2.2223237340215998
1.1383933194996643   2.429268399300883   2.593079754251676
4.6586801428978895   0.8461529219713471   1.0921011383006842
2.6612421996446742   3.1509019743487543   2.034581225179238
4.447654676305846   3.9068931793269095   0.002108622411713057
0.32681447312484657   3.5846757124000233   2.069181904672459
2.8166144146094623   1.9008279402722104   6.130768898559906
1.7505962420253876   1.7366900618924666   1.5205470629992153
5.134940557063625   4.319665770471788   5.110783642085502
3.245838593591727   2.6270968055580037   5.707876511004113
1.3987703581973059   5.107121369996166   5.314197506894994
0.666016152460571   4.709368335212539   1.0432513500904248
2.4396996250139127   0.10813363925809405   5.384190832234465
3.8738341225502038   0.6050252246826281   6.075655769002208
1.3280169676696882   4.431516138907048   5.935231946044479
0.569593148732237   1.417488491848039   2.8428208601706704
0.30958326078609544   0.5803259146324345   1.430562637387752
1.300420278312981   1.1616915721006065   0.0073784238059794865
2.8822092103977055   4.619497006780036   4.809967131897912
0.5111374691210082   2.7564521702683744   3.473762236240718
1.7792301500246779   0.1558309595227877   2.2817831994120845
3.6070369527043225   3.804705695552496   0.4610934387726169
1.6334076951529934   0.34543512305062674   5.1351905933158895
0.18546341442473202   0.7619514782729035   1.47203583006869
2.53307356259533   2.029416435536044   3.273122185394176
1.709540554647414   3.6730193475466635   3.2067121031690595
5.034818225264473   0.8532690464691715   1.0794973019573748
2.4585204963271217   2.7171267589741626   2.398519027946012
4.918597071004527   1.731917016140704   2.0920653398010383
2.826739441514624   3.7823677257763517   4.102729344437979
1.4894658325839245   2.589464889959876   3.0455909445854648
4.046535253216227   1.8812097021609095   6.069443359913916
4.895564568059723   1.140631570863371   4.323151216043288
3.188328892372116   2.918898782384478   2.313023428208822
3.3904819267102355   1.7844292848649272   3.2350109997442815
0.03203396030303901   3.8466128508691604   5.524220516711294
0.05675710021077496   2.637828871598058   1.078768787115883
5.028513767098015   3.5892188504455085   5.006912491409492
4.151979521717315   0.48310967208996136   2.640385148516401
2.1688740956271784   0.09205569016637563   5.425328391321632
0.6540369504678383   4.444655374067219   1.1374462373648786
0.9783434265914143   5.167644688263054   5.6072526637628055
4.25781249262867   4.90178831026618   4.755688841886804
1.037140399350073   3.9214433156409036   1.2401946013857439
0.05925517590051488   1.9480889119576792   4.901105535300053
