2.577771316625006   6.411905304383948   3.221755892396457
0.24283852935504324   2.6411179042969772   5.030443857253108
8.966668349415313   2.4210173226388743   5.902609322948706
3.09759582544702   2.344435960819053   2.388099399433513
3.18883105975171   9.886477869710623   1.3536855511732417
6.239115266339932   6.679150565024942   3.3434225187775373
6.0123234428444565   7.888185495772467   2.413557123888767
3.8573796816469357   8.09339191395328   0.5568940598613932
8.694859336806177   9.214536444464462   5.743683800659105
8.052553116784944   2.696037778461736   2.4878913879742077
0.8850017972361618   1.8403402664063115   4.536310247612013
2.427358098740098   1.3095993228524383   3.391991302332433
8.452163583713077   6.324243719542748   4.615094505387467
5.046818477569179   1.1637528704279645   4.618214415014211
3.478028443689372   5.2684693127101685   3.657478662041532
5.471065953572985   2.3150240363298544   2.2512933896073624
2.9970778865521153   0.7625862149567286   2.2925845113930032
6.587812287194077   8.707597856193905   2.1633925909914034
1.4651721291388105   8.443489581517529   1.8214294929523733
7.609497484695587   8.484695232821045   4.065766446506493
6.531302076274436   3.0669246269456103   0.9626738777503488
8.137600802730136   5.736294520375775   1.227139889386958
8.26943817092016   1.1541645681503525   5.275211444734936
1.8040504525639234   4.719601493798872   6.0295506660457585
0.7447725522034803   9.498411207435007   3.832050455774923
4.4872370487886055   9.799668687187477   5.828953880562616
7.0447529935110405   9.468572482689003   2.662724320165096
0.7102123571180269   5.881530576307458   1.2776815470678364
5.762008897383573   3.1774409779153907   2.304170322788865
0.774321656686773   3.4121530611153053   3.460188211244645
5.491711266706461   5.610916684102791   5.373626864970407
1.6735322879644423   0.9435098905389223   0.49633598466135986
7.790601521985123   4.695924265359643   3.3425179194210206
4.012873804055728   9.003152876980575   5.281778659889087
5.023520406878412   4.294821789519206   2.359495482999788
5.140331557841938   0.22987628253150028   1.8160004692136509
6.26865789536504   1.9158551308327083   0.9984180458974325
2.9728706906718925   8.367146957737033   0.03864827065823029
3.67455498928355   7.0358652365945   5.813717391256615
8.858462603214933   5.197888153473174   5.058486477271372
9.662922426046162   9.603749464475392   1.5265775850247656
1.6960039557083295   0.07786880287289799   3.8071265428535295
6.482613172832716   4.15760640122699   4.807186208549025
7.922996634311211   9.789441216784548   3.8360316877717824
6.644333378625902   0.468190892671931   3.442453163878842
5.744335386974477   8.692274829204752   2.7857789871092655
0.7138388065769291   0.5724458312608146   4.36447007785844
7.775538604515377   2.0120828240864217   5.29836482951458
6.652681041696982   5.5111854475989155   5.348035757924428
9.615043979785773   3.536974927468874   1.5223935827892148
2.682962358540018   9.270933384432352   1.8867203961157804
7.6448308372785645   7.376272051455465   1.0750496122336228
9.58651307774932   6.391790612845187   3.0308113157917265
9.4278759472148   7.2687233747823   1.1179628089563614
7.686029238977431   3.186798643848004   5.675834502723012
2.796853539824574   5.772707024571564   2.1405404488117554
0.5980942714562872   7.1899118064269905   0.11754998771908448
3.3786203644283916   1.5435446605424856   0.9101353303835772
1.7623864958831956   3.087770791132747   2.7039393607967392
7.080762034182392   4.837547190462103   0.1482443693963124
4.6075006316582705   5.998705292656668   3.6884641369268594
9.644746817212448   4.4427611330991805   3.5072347315768035
9.08693997067985   8.358207848573205   2.668808661664568
1.6436837033770444   1.8216405587575286   5.844125264131105
