3.612212844307811   9.379881738330884   2.8235222550874233
1.0798643206092726   3.4491860725300465   5.020259300226009
9.214428679141893   2.5698805784988585   5.110227826165708
3.0696018584787135   1.2942725999392812   2.4830627613666096
2.5299138940121204   8.80959129731036   1.6315425168248805
7.043673184805121   6.660204800555781   3.609896857771064
5.968904678455687   8.949441333854592   1.7859223395901123
4.043444344805687   7.992290347572454   0.7143450200862653
8.246003004609076   8.529529396589291   6.209287561152178
9.64907614375509   3.2383529387152663   2.6648720264933257
0.7049027960055918   2.3087195061446195   5.205053740395586
1.7193347006426998   2.463477410272513   3.192012515485038
8.633535026568882   6.472502125954001   4.639071760978831
6.7575634228335515   1.2410424828370918   4.984777198107669
2.479142487412303   6.953020104563615   4.59483439036794
5.176890088344209   1.5728217645114544   1.3807740586020394
2.292204086374726   1.0402326763630032   2.629473848107558
5.567982583684174   9.703560531529865   1.5853099390360332
9.944680914478628   6.773522348865158   1.8766562759918175
6.469789932542683   7.482850119755852   3.606399062110241
7.598021161788774   0.8717327536014294   6.163280154715074
8.835111721042603   5.45363242368298   1.153549546122256
8.485891463923004   1.9271751863199253   5.0452634927505295
1.7602941678978141   3.8667023477159232   0.030507762035741237
1.7204650827270664   9.050501970113492   2.9959997440655823
4.857957392966065   0.7564770316987688   5.091787736157486
7.278096340875076   8.166287459241218   2.6413607435431823
1.6913660001272315   6.4000608486269   0.7853140451711991
5.352524354079622   4.9082831980591815   1.5823431539081874
9.45042430809467   5.74036572371646   3.9184786797207565
6.76072129158739   5.5946677277954215   5.413013756429358
2.095648675365097   9.92345643022036   0.8168541945963745
7.790527147268274   6.066470849027668   3.221318307272412
2.825439352695715   0.6020862526335296   5.664651737736944
3.938634333948766   3.791925534109597   2.9845512156955643
4.702015243454125   9.302469658594722   1.265037458737488
4.529029132181759   2.9076254839166307   0.1283430292935074
2.9018608026970356   7.975090130674514   6.12405195163496
4.140508696779714   6.342511154939099   0.024457911163083434
8.542407919874208   4.404976277918693   5.640462179412606
0.07773227348090828   1.380357653322205   1.97114291020722
9.760435586873253   0.11689905749062268   2.9511340693555725
6.679034579624642   2.8160414953507433   5.3577798735839
8.469122279520107   0.15955977758257295   4.315335675547946
7.261445110968219   9.795727980174712   3.847532064671094
5.368457104907908   7.56738546561025   1.0097150174363552
8.786048921357812   9.315012092814094   4.452756463840241
5.878467217682491   2.2396234024743853   5.921788137661654
4.824243620206811   6.287909161500294   5.80715809864764
8.187796857177895   2.8022618047874097   2.5535221118334426
0.8478685997774662   8.065034666779514   2.3766416329611646
8.109224647193805   7.555860072981545   1.9313296610478663
0.13768499917911423   5.6109573421592325   3.3212596818735753
0.18234870328389033   7.806088741893437   1.3357470546634291
7.689077458775884   5.128517027736812   6.189611685857425
2.197490106893534   5.404926524092603   1.5077584621729299
9.468352525453367   8.54137139223178   6.119934469670099
3.9615305580403355   1.303617458145555   0.9851426423594581
2.9602865272358465   3.708993577054403   2.2868337331546646
5.422582525100327   3.487479499035569   0.8256074386781695
2.089469999857801   7.757816077626324   5.198960602472826
0.732631755782658   4.894378091600318   3.13077013156566
9.00572067840057   7.756096463605123   3.1668952843965044
1.2556561438377734   1.6622700905632903   5.323531034704831
