1.5310629999396923   4.080592682393959   1.8515198107480701
3.6379538783812913   2.3807374933230236   5.417856948278009
2.1506593571139065   7.888355195594601   5.54543113519375
2.117424477629343   6.081017149188076   6.2718090001650495
4.734238708051534   4.6959892950144875   5.990285860600835
0.47141164287065535   4.773643187375368   5.980009853980885
9.511418242610256   4.36537680888083   1.4524622122864501
3.4347171908109204   0.4725823694095376   3.880453200578602
0.8650708841648947   6.710376017137715   1.75921500203582
4.191862185016045   5.678169932615102   0.7483477381398751
8.159730889885093   9.934892968292356   3.4641248986204056
6.168939440908734   3.0160749962290705   4.999327591739904
5.436647530216764   3.97468038071388   1.2710041621626893
5.226114156816828   5.735969037965292   5.609042040656273
6.303413415171773   1.8426344264355254   3.885972075337354
5.124347626285438   2.3618420070902792   3.4042317027747138
0.3427138856837253   3.2710833723132224   1.7507672680077546
9.350784198611672   9.569721166544818   4.5294477173824585
5.565218778444486   1.4235315085462856   3.7491350526412095
6.429391959777232   9.847385218854722   5.662693632358819
5.993241447226042   7.039444585416671   1.8268927406674265
1.006193535979616   2.8247448974137797   1.1827810510337005
0.9533548848352644   7.561557140194386   4.790008814186304
2.6837273291930406   2.505728025508598   0.8601672509371701
1.9430461710317926   9.327535466043665   4.991484963906232
1.8984262039330098   5.0054002463905745   4.800753167032331
6.426418217403376   3.9415473579406544   1.4856832239308222
7.135755192197457   6.806988631517505   4.040906189683001
7.522315588950486   4.008158130293715   1.4970980101875533
8.740292704272063   0.8496024605966728   4.18653008201494
6.535002050466658   6.164324234436841   0.9624613723447948
0.14676407287615933   9.021160336781346   4.317306692319119
1.4777251578040185   9.900152689256878   3.3423147482486857
3.6801271302118828   7.283832339882357   4.868336306756839
2.314525834354689   3.702280340664648   1.4966286386349734
8.72511560149152   1.9351907643284538   5.488437957374011
7.400732345643759   2.287092514721685   1.8442158339237764
4.459857560563142   7.495074243808887   2.4492765045330507
4.580573725365334   8.395066136906882   5.288370210007349
2.644743567594177   9.131544543971192   3.408593167815943
4.4399022326808275   3.896250403774675   3.406502252235287
7.456299920956365   8.797725549567062   2.4050457478332707
4.469922874462711   0.7147865850646264   6.03693809805834
2.5650851299286392   0.11275696260243676   3.027505139124002
0.08676105789354527   5.530549905372426   3.190982842497521
8.456400870223215   7.37314410846962   1.035834166184767
6.537502333540687   5.338249495087019   4.585496804567659
7.136497395116337   2.9839780616713463   3.3787945946633684
9.613151126777858   6.5384123685064575   5.554681758483132
9.09799967263032   8.627017097093162   4.772609650825434
5.122113672374288   6.8550098493941105   3.259144313959307
1.1179151222772266   1.1419517178627787   1.7295104710194475
8.989071597490723   3.0701872012347615   0.3849712868914751
3.584261865952586   3.270517920242169   0.5626272335548567
4.218879889959749   1.9818665446539203   5.147102912603995
0.9537572544587296   9.301323493649052   1.6864553620015037
2.0476529289494083   1.107274203636552   1.6401967257056378
3.314748477855709   5.393751129262183   3.883626457252277
7.54704762938799   5.321016448227497   2.8505634826325044
6.3507446610424045   7.730504286956248   4.608825808651252
7.240740353843004   0.6764194895201836   3.138574346891558
3.6128059847968816   9.677371647586893   2.328589695500165
9.890902339284967   1.8916364886658967   4.025870884218406
6.632676805063982   8.986327994324439   4.65040725140224
