9.937117357974738   3.957152973133809   2.122716682147523
5.509453052526796   1.2997891564671065   6.158782718287598
0.33966991521069523   8.966061793468223   5.473636600097228
2.6571488717342384   7.1717177588425365   5.878907299435629
3.979504726543645   5.190251253205237   5.879023470012236
1.571572833345088   4.899733682122154   6.2790441401653645
9.158912781394722   5.869337868738539   1.4471316691696607
3.374554368754901   9.780938494519605   4.009254294791797
9.591328962245528   6.925235680968938   1.7843308375087878
6.117477133799245   5.26641046172352   1.4830353652311663
9.005373734131709   0.9642751379102381   3.929787911271205
8.08275557960711   2.9443870717040386   5.680125660641023
5.5648996920442775   3.7519950432890754   1.464525692559877
5.811383508037972   5.981746452581799   5.69712740947284
7.108166254564821   2.2331904265148337   4.238969319377977
3.374728751150032   1.9395049685431998   2.682847953335902
9.786400657560968   2.1459510434531524   1.6279149856558117
9.198875966004119   8.948283682231102   5.0787335120054475
5.075719489549861   2.2770299223039343   4.320992266464475
5.843892717071373   0.5470859014616314   0.4872224427608684
4.818375834707974   6.542417974734604   2.4589850021050097
2.568619932010926   3.1298927017088864   1.7115972691941217
0.4895659734924098   7.343855586992678   4.146208278771769
1.3971541696230236   3.65732883868133   1.153228530487857
2.48905901473587   6.308779478198646   6.254431723386449
1.9536062831074064   8.539812925038277   4.061020001779413
6.877042878364769   5.816750369489014   1.6803237837894947
7.296536812702132   9.245149969041742   3.7569981068232674
8.451233414119194   4.6150810296449585   1.3075262816587772
0.01024222738346836   0.8734105351807463   5.181975085974997
5.847940818379897   8.529409884533921   1.0809645850819385
9.840703790269645   8.240491126791593   4.9004184945980125
2.0831906145509183   1.2802803790792567   1.5773389057154823
4.403688602475846   7.455374160746817   4.6897387011061795
3.1844185952783426   5.226540787460298   0.31334367157292653
8.648219901849952   9.563636072410752   4.643334651757729
0.8054109329053476   0.6465933147300658   1.5451388515632904
4.0577126121823355   6.113261549166145   1.8845805575074808
3.211470749725591   8.656378048597706   5.11462942757282
2.2444659716577275   0.03851897334516252   4.647564378027796
3.510006537348914   3.341047642787401   4.123884114420421
8.495655929311598   6.820028081466317   0.7985341215461218
2.8567074477269956   0.5131737661729372   0.22167887021823643
2.2247356585339224   2.09582033730387   4.662206881332422
6.46933209680419   7.3101329090987335   3.129421302778069
7.531151387634987   6.858381998770087   2.947676932281776
4.404287391658173   4.2012575014488425   5.29678926103675
6.346012473874806   4.410763451081181   1.5186311686949905
7.824813910891945   5.439128887652493   5.963000660139344
7.991475965964428   1.1467854236815964   5.319069142591758
3.173767247574618   6.054230367298874   3.066116123638274
1.1777898501011328   1.631109170176676   1.7071291677410252
8.14993351240952   1.99780545396836   1.0927970813451
4.773955810332403   3.0644831115969473   0.7607919120060396
4.468533067080672   1.1903951570195148   0.055624706304901586
1.3970501171996967   0.1217022243464676   0.6841617875134035
1.2120943068076002   2.3971909116347576   1.4114994258272144
2.44341481160511   4.3147145890379415   5.00227384996804
9.18174400865062   3.2466401882730036   2.226560994355118
7.12220189076489   7.701878504584646   4.2769240749763044
6.907549609200316   0.2935420471954374   2.3655659671296836
7.620127975572189   8.42128564766297   1.7230685968480663
0.49016751442158624   1.846813910601965   2.574421865228709
4.870752166820451   8.230344052805957   4.6301603760557155
