3.5952151773222973   1.5844664741095826   2.556274256788356
3.0159088105737317   5.152096245037935   5.1881288255124565
0.5849339500372965   0.0796762709254839   5.458937037952077
0.46168552249898087   1.1248911508458492   2.2013913918562364
1.8057648440217018   7.8184989151827216   5.501280533119427
5.665462888294859   4.133908504302089   2.7043782421074773
7.922307700711273   8.433994868800513   6.171366865095748
4.534360709646791   7.838265864935158   6.2738658460941705
9.42029065251284   0.11768693173776867   0.872540141642504
2.0465133757773057   6.651771802226215   2.6190455159288164
1.1652370822701843   0.668968337768621   3.4606940470406924
3.376223943258278   2.7139600457041335   3.6897704056047553
7.504317887290626   5.604136095291246   6.115831073771464
4.794112315700732   3.455512319390214   4.613513114503093
2.7689075823986555   9.63817102876006   4.655933840373715
8.09001954296745   2.097064101426345   2.8643949763289536
2.539986320088737   1.6482755563628393   3.9840341760589246
3.846540812652318   9.125701773683458   1.6476116148619155
9.883848976852354   6.228590312309828   2.3100185215339315
7.166206270564824   8.000357437230303   4.796226443711281
5.390253478130369   0.64233416526512   1.513386757730861
8.697098127649825   6.6293712875085395   2.5496435630888437
8.7224679841554   0.591379071805562   4.321111838559459
0.766028094802671   5.635434457384421   5.994142764840981
1.379786054901512   9.104979770268706   0.9311301118816087
5.255508591163903   2.6939458571450476   5.092587038171601
6.585991600459159   9.508178313318178   1.0687086845605596
9.302229110605122   8.227263794500912   5.308491496544068
5.091443755566138   4.624480087321893   0.06912348639800849
9.656908479651806   3.355037088057456   4.026823222107967
3.972991347151961   5.078333689631908   0.4471332345662616
8.331158880216446   9.8719743305679   1.0879871639567174
8.509744906775726   3.7188698005559293   4.083842156698646
4.386611690617163   2.8182307897050993   4.461944116718832
1.63990900220473   4.153343268631973   1.9875688944167669
6.122148364182311   8.81084745166565   1.2473850857784006
3.43330762081653   4.35042276303506   5.215997103388504
4.5773349867227076   9.897413872051342   4.5045141873439
5.021536885071097   7.109389727330471   5.409736143701342
8.981872582985085   2.8417437250788287   5.158663848880734
8.28855375893471   7.51536416609803   2.8466286111193053
7.807890817100205   0.6821174208539265   1.0247205274424545
7.187299174199431   2.4350919182553374   0.4432959342464827
9.367635548995196   1.4585092253330358   3.679501828716475
6.8383353036885755   1.5525522033659902   3.994033275238975
6.081703702464049   6.981128768201314   1.4607234615771103
5.727582685081333   9.707966714420888   5.064471442344524
7.44268920381587   4.027779972502701   4.535441087742752
4.788080333889669   6.286702758201641   5.900137400610104
0.4131026607371509   2.1495763883815724   2.0978365292716634
3.9070941078306127   0.5451249655677577   2.882432964130946
0.2124431765737672   4.750938907679119   0.033372843884136666
1.0144840751278406   3.7255680808781624   5.145386017204817
0.06332077425084792   7.47156995840356   1.927267905327737
5.911601358829616   3.4159574382656985   4.707097524264688
1.1404866731942473   5.066215642860778   2.628338736695174
1.0832361833817656   8.268139176605137   1.0834486698126424
2.5403457557289357   2.835180342641695   0.12592941203231212
1.7022584507337202   2.642345944136075   3.32156991986197
5.740320019834258   1.9598627763890375   0.33100540500357006
3.2430208100784794   0.8521950142398913   4.506507198454621
0.05265325437392587   8.647695521659092   2.471705749639685
9.167839936041787   9.260618244094871   3.61229512573389
9.083074707484409   4.703987068130289   4.988953731305502
