3.342818619061087   3.4157603419770304   3.1553652421598724
4.747397036337099   0.7888299617431979   0.91123562853284
1.498513738449395   8.178254992108492   5.061832314114619
1.1065940830228318   4.7418440557091115   4.4806981185310315
7.07203820150511   4.375485538691484   4.953959716822497
1.966125421943174   5.265113038117609   3.92471029502688
7.215119486916429   5.774346624012692   0.9319719228875328
3.729487968637282   0.5234042967489325   0.1589180600069933
1.2858436688468347   3.242481071608039   6.006522907855557
2.4876382592196737   6.845939705536267   0.4874007782129637
5.616587127548294   9.819367968523217   3.854405716117024
7.025006839520539   1.5049904341953169   4.874355579466514
5.895647622491986   0.8771482546763073   0.9751317525565715
4.489184644742561   6.6737463011161235   4.2539604602988454
0.22381731155371404   1.1726919376755627   3.9285892660932293
8.061571865561971   4.694931281719064   4.747130484508622
1.042229082664178   2.3102946662381987   1.3288071807024042
2.878500402311485   8.72124511310924   5.1197755907666505
7.779594016532493   1.9133497640164783   3.122676909270936
8.14275963660768   6.5216269320236915   5.306754240601465
8.774101733018217   8.86127464615861   1.9583687330341555
5.085636459563576   4.250155267624636   1.1926682612719375
8.450411798328867   7.36105113740904   4.113932568584721
2.0729755171419453   4.198462351033502   1.3462592181325213
1.1962576469217585   6.719784779070017   0.14268548322240937
0.0011170538475600011   3.7447526491689467   4.706744182267917
5.795180937035945   7.5295222669230775   1.8374661332906592
7.710492681090153   7.143163192370078   4.634075876838328
6.060241612330935   6.542082203571088   0.6203824475420697
0.9485114769755925   7.449588072436696   5.091664433457817
5.787724796665408   4.734545346428386   2.0289670761547556
7.932434045707112   0.4601880373628302   3.7812668511222842
9.44239107575792   7.8669748887364985   4.243423001110355
2.895052138771296   5.574029495338643   0.11270855023533954
4.591550470059718   2.968683236132422   2.877222297855778
3.628652791855817   8.755132934176393   2.2814216736891675
7.40914781487731   3.1581660252775987   0.46304760979105075
4.966249350469225   7.577095488177709   3.76686028762518
2.355974519997825   9.193508557549121   5.2942528023329904
9.594785128850235   4.421100524858274   4.635103598153519
4.2635273853833695   9.87306885640711   2.4192329263732533
6.639117748185825   7.30476950867969   1.9746758957498756
5.511026451263248   2.627247675542958   5.9932499968982365
1.7645203070152415   0.2349631238847078   2.4136496239747927
8.178695035100466   5.716888946106582   5.505167330766475
9.810261213828488   6.815068398801271   1.0966436287001928
5.3734600878747845   6.037413283283721   5.000140434756874
9.333595435586325   5.174583899024685   4.270537837117197
9.646830671340062   6.094190932324694   4.811156760534178
9.68912449881492   9.521078649794193   3.327137621320282
7.264869840927019   0.139017598402025   2.6262362616030153
0.7603733985420043   3.750596715611594   1.7533598459387092
8.340503328029543   3.7442806365596555   4.1924687986550255
9.657510690283738   0.6186217704485332   0.31025578394893216
5.770228455535578   3.597502709444892   0.020601967497504703
1.9334974205118718   1.239815649845887   1.8905619417245592
0.7156746152852196   8.385499704342388   1.9455533444678919
4.436242943525205   3.798391657526714   5.659160783376344
0.8073880296441563   5.914521849307071   3.3220954904570013
4.848744177966917   8.902232310519095   4.794774656357042
8.305626686231639   1.2619525341975137   2.881214790628395
2.962385179778342   1.506898089797318   3.4922556591287552
7.003892559046856   8.353834762863551   5.3042311017869554
8.76103811429401   2.8552804188318746   0.04567704096581551
