5.275928523997828   3.423625396833948   3.4432874010419803
1.5474111644916861   0.22442161184552958   0.05150222066832377
9.625966044720395   9.148493697368211   5.788615503047534
1.7489443090454184   0.9179163159210189   2.889701209227453
1.4615278196390342   6.635325711462376   5.662065477777365
6.41297182326522   4.016619650292482   3.484002833778746
6.939715931183474   6.839048369795508   6.093138136771051
4.266291003132663   9.266858948538514   0.3375372752848099
1.2582068785782918   1.4890125847797777   0.07069274962155792
2.075585858063484   7.655695512030819   3.426396890066151
2.6928997161673722   0.5321981077355473   4.579023882093417
4.903852505671997   9.880066494444502   3.7976741436436856
6.80589554447444   5.1334458890605426   5.726937555143573
4.4521431923940105   5.510537992425609   4.649397203941181
3.505887149758581   1.3522422132680036   4.034003211873448
6.7196398966037645   1.6243300122750397   3.444582417790455
1.2459268796212184   2.8262970018218203   2.4945245460464296
3.0703630768479253   9.325806564435867   6.169887290994286
8.052593589963337   4.768020570849617   2.8554706344482517
8.853145746599028   7.930926553523409   4.679454667839325
7.188714165375454   0.810695098301216   0.4498634947806646
1.091620398423363   5.141450154277729   1.454469256321614
9.487155734772447   0.5665694026062781   2.7668461315163655
3.5014811760005196   5.28050660451338   0.12693227146527608
3.944194765888243   9.838477236434994   1.6380614325724774
2.080178844430485   1.9964132193679143   4.375669084909663
5.861814048163872   8.858971552321366   2.06212381849134
0.5484327301670722   7.741134345751039   0.16232484536962896
6.031519255170231   4.919281321649279   0.7876370588316222
2.478260104816937   4.122228124173123   5.422144889630348
6.347997987564431   6.351734984664325   2.798815235304287
8.16165324061165   1.3796907155057638   1.67848115956848
9.117762082021098   5.142934692977683   3.6676373758037473
3.23148188765165   8.253246801534223   5.5079436133513004
2.5672438773899993   3.3930739416800377   1.809287934849227
4.308294419917657   6.812408516885703   2.1287347761975415
3.4055664256700764   2.4035775361150917   5.525552245475726
4.585322853534827   0.7749416671477574   3.8061723949286588
4.094674143198311   8.20639263289313   5.213256111527083
7.841988754900236   3.861575151915444   4.871978294736881
8.723458144836663   9.746004784351856   3.7318726666570026
7.77093296277482   7.623814676678403   1.5057722081259808
6.513760703377149   3.199472633924919   0.5751071093796654
0.5262138623835474   1.125989300152484   2.8718040084724343
5.397834763545236   6.662361242739451   4.39560849390849
2.807291889686764   6.294838165892931   1.563168541461799
6.752498493222784   8.439344672130217   4.99809267149267
7.5365450656785145   6.448693595923779   5.256402348227502
9.289107911441818   6.993705622866377   4.989257227524936
9.243860698206458   1.5247719840272076   2.1551841965670318
5.7628431533372195   0.5242259940861231   2.364521319483518
2.1412211914508825   5.2524305564212765   0.20390107962373263
8.483427686156078   2.9930985508932864   4.988149631603198
7.6115987020925004   8.878090066945463   1.2409706130017946
7.327474967211815   4.269778624624748   5.958777479327069
3.3546289549949857   3.915518516929065   2.584550670728859
2.3050433583585823   8.851112749937288   2.3649905111442804
4.457746171371023   2.5318774686584726   5.792104692894563
0.9526110691165455   3.664145098121777   3.19204437557479
5.163813582891099   7.807287128356027   5.441404649536378
5.196549868881587   1.5752534186791296   3.3894797710148765
0.3331626319941545   9.289803944925673   2.936737670358881
0.18110330437829902   6.423580607946471   3.0886023449140807
0.4860351574060525   4.415807517927271   3.6354947976386534
