1.460843709212976   1.5176768846310928   4.572433460024735
4.89016803437168   1.6453870926075411   0.8477750885675663
4.3300481500040915   3.6549464605089366   3.309232372016592
0.31668376307811436   2.3156486735922437   6.166369661193151
1.2357532199078587   4.755406819733603   4.304589347855892
3.134674256516482   1.3872037900089969   4.904764393855002
0.11280166665888286   3.6775077120005553   5.9335833528593005
2.4971958561221506   1.6927951117871771   3.307652108984597
1.0240334334129484   0.1335962646986113   2.9943333975076634
2.4558877754972226   2.7821071754692026   1.7109542478491298
1.2668258574640503   2.244725290382763   5.166812165664931
3.44977021986892   2.3003859163011144   2.753959750317694
4.877815957709201   3.3192530914645277   2.6673866255420102
4.828787400223353   2.4247831446745365   0.823460777319622
4.327524925760563   0.0837504575023017   4.610165649881138
1.9554573047956414   0.5157481130661197   2.7159726615936983
1.188940199742024   1.3412207416365811   4.594913049571467
3.1360997906340247   1.9534397840812558   2.6605519399548214
3.701356877519087   4.038669457283086   6.067745405634167
3.8754551210441597   3.0807286394916176   3.4220451412866506
2.9304841109470905   0.9921251886251649   1.5525739303395591
1.9939639816797592   1.2445814061345075   2.978138066528766
2.4908146410600316   2.306126278948114   0.982040819889517
1.2549244607909578   0.6691718763359775   3.1831076039550013
0.9370708470653053   3.926321829005582   0.8339153654873787
3.9610670710938645   1.6248129964064661   0.7272933687382133
4.728828776812143   2.27372691888037   0.9282077436482346
0.09856451907627584   0.9175321079805555   5.124026120708916
0.9970017490774677   4.45121373537063   4.078845336278943
3.3496006588095013   3.555675054522367   0.18938781636234583
2.5952110469767025   4.265055100374906   2.721825296667499
2.151712960143401   0.4649501149128518   2.8753943673966154
1.379046255252478   4.35200595741725   4.117586335620284
4.230158752597418   4.826565419544303   1.4804828033328141
5.197101466787679   3.643129774243252   2.779618306912289
4.485032802539296   4.136645350436843   1.0594088132978838
3.42406315071844   0.5291424647496314   5.235806745173538
2.892798380631703   5.277554978086254   0.4027686489101647
4.940584074213175   5.031825179526165   4.245825744431416
1.6105288405649483   3.0219153492582524   3.5890915296578028
4.760346721268779   4.564380269341006   1.9683199155708087
0.558940064051187   1.6733605711224862   4.8126390566534525
0.22808458502945084   4.609099230208487   5.7640323006645575
3.0254758534102026   3.451425462140991   0.11291352839964999
1.067222354878564   1.8604616072383364   1.5403223612713064
3.0805293408441594   2.7534662340737737   4.830595634654558
1.1473696392012216   3.2529998580812896   4.027263924765194
1.6448374211177805   0.11391642819724179   0.4460642849667149
0.5303300320685912   2.5772432706010564   2.9487717213045994
2.2768328165060967   4.811153155573876   2.122084209729029
4.898494333087654   1.217902713927736   0.8705129640689377
0.4993077220363057   0.3088662863910454   0.9653687901099557
0.3039836782321575   0.037128401796747534   1.1307038047938776
3.7710205661474854   1.5232874344522265   0.7899551030500046
0.42262614192121795   4.682313791186295   2.557993414828922
0.9535888532272061   2.2762079513029843   2.080614146003783
4.523437505903271   5.0466286185101   4.222796789460248
5.130797919442647   2.603296766737567   3.7311550131918856
3.7497306525631755   0.3838623920904221   2.128160225298919
1.2119660273073865   4.055100910343516   4.220817529907009
2.7993563831581207   0.5514962536802384   1.676375505334644
3.634764815896052   4.982360030384274   1.5468287173715796
2.421152736928622   3.6225619140950482   4.555779729494035
2.424511420187862   3.1610942776420825   2.2055188470364233
