1.86947280667537   4.734862688138274   4.578858494589599
1.0277303266966644   1.888032333138042   0.2931033010477401
2.867039314701915   2.5424770201118334   3.995117485577856
1.7001943645871576   3.041750801918862   0.7540247332843539
4.156212128490914   0.8021841374328363   4.972846468184161
2.1842494888397765   1.4026991077392688   5.446391955965312
4.29380909797214   2.4721256660103004   1.5545539631457843
3.168632816613076   1.006917268968998   3.6233040229825155
2.5321143745427497   1.4092047797561231   5.735045172963758
0.21948834005774848   2.166726318215034   1.4757155560404287
3.751827453571018   3.1919558974259568   0.06759442221631229
3.0676515399622035   0.892339978134346   3.5275749157099754
5.065142607232333   3.084780020377714   3.557231835446711
3.740512571637172   1.8903968415499919   0.8970621207477253
0.9992162707513049   1.3666170571612881   4.5006334104723
0.8852078560298757   0.9552553945146154   4.4024399173593585
3.8177020361258784   1.2363938358524036   4.229889169877345
3.455021885194374   2.5226074713706637   3.921078860411109
4.208141429307435   4.913179422022123   4.40689443086273
2.762617137218932   4.442864801642723   3.969406263923643
2.5960281580950673   0.6959338712928387   2.3906050518031825
1.831230317439537   2.251112492746961   3.194651293583352
4.4986503373235855   2.0470860531409056   1.538878385791889
0.3493681377849631   0.24254176750839423   2.349907512853261
0.6171505440310858   4.685405550388306   0.5898108986877634
2.833849125433836   1.8764696763424211   0.5236821503375186
4.812557478243119   2.7404697350418594   0.39090611136492226
3.082113296212437   5.056452244800222   5.291588944516562
1.4696986086470571   4.266266628592659   4.988673886274329
1.4106415129445937   0.3740887334555254   5.803620577967306
4.499528180876988   3.0931061077784703   3.010510363964759
2.512128809791736   1.0962242839088905   5.742523379544077
0.8816932977312949   5.236274467953914   3.1561218968356965
2.3726823064874627   4.154567456132976   0.7272680916697093
0.3221622007959477   1.1717251516858638   2.817608686175685
0.018494084556381907   4.3502477707681075   0.2080143802014284
3.2255891982816802   3.2226784144003675   5.295303709819798
2.144078621032929   5.10492917800074   1.074794792728962
0.4103229082807528   4.550796489501578   3.564646546516986
3.120494544626867   1.9989712414321015   3.751494408613819
4.007078819588598   4.131459378502282   1.882855906725764
4.307449195375542   0.5903650960934519   5.220003931489776
0.4696850059213974   3.876388639933594   5.094362037779487
2.6526487011829687   0.45146910018047426   5.508211670317278
0.10115149129345369   1.2651642951826472   3.070720170795314
3.3197591255141203   0.11828703963673937   5.067226976280004
2.098746917094441   1.9512421277162517   3.1012583880201237
1.694296766073888   0.537108713231909   5.8144321642542955
2.352681794800742   3.1607045086469925   2.3892396918031356
2.582466529946673   3.6775418981901513   1.6366288401305238
3.2934543341720657   4.872899719975018   5.294864740602508
1.012966702404479   4.810539192397957   6.170197999727217
4.599763395304314   3.9413155632837413   1.776939298394018
4.115409230538626   1.3103032635739904   1.2594127929734722
5.278918460351252   5.040676416763157   1.6819966867610097
2.316206000480999   2.3194965247712265   2.968970877707064
3.6768936416410343   0.4522147868414119   5.06689624792205
0.31717031987805133   2.736014013799852   4.123334401371765
0.4035233949202009   1.7772188938381754   1.032968322041555
0.6075252063212576   3.0354902420177976   4.114362826489665
4.275699016921229   0.02359842833045167   1.355569779704008
4.028576944814278   4.571802208245357   1.208936294000609
1.7432665598626376   3.383998063006457   4.243008575226759
4.057644885709967   3.5574869895890058   3.2657153308495133
