0.7027788306278084   4.174580744206469   4.174690481764142
1.27682259298382   1.212730281278747   0.9171395813653314
2.4201149604472105   3.0430835732305113   3.5612419295010067
2.9982351314521463   1.7811302806908285   0.35380145260013773
4.656707169757071   0.8988131289544656   5.434768755389455
1.2228366095668992   0.697209523994839   3.577043982994354
0.4890318660990592   3.577344080500871   2.702187638754238
3.565177734232395   1.2172055181197168   4.751046128208666
2.271288976496294   0.5777532374658085   5.635551629210391
4.3610444095454755   1.6682340581117248   0.4936876125946068
2.8809318655014464   3.7824072245966915   0.10980701299462492
2.8913178343031105   0.8613113778857628   2.973698746785751
4.982038655476709   3.3479896852086513   2.9117038796462285
2.9286510605822227   2.8016836961729856   0.49198487770286936
0.47026275672242845   0.5687288758299763   2.9864751767120494
1.2748009078415772   0.2492498728327801   4.025260018266488
3.738294878669878   1.972031810264452   4.091049911961458
3.3695065963355955   1.7815600477162181   3.682014743775931
5.157189273860069   2.9908057394774707   5.627289216565977
2.6821227247054398   3.8275578975895885   3.3921543662389055
0.5040031557483658   4.933462621262846   2.1120354081746084
2.134341763055864   3.2227492258137413   3.4201075464906796
4.413796684197876   2.948743784450989   0.802892719909672
0.6554902443604689   1.7029475207464655   2.609298469863457
0.6145178559003338   4.773578259926637   5.2186996292408425
4.33503129208423   2.191102936191982   0.9658536767824218
2.802079038227809   1.8480857145938931   0.27414130780098167
2.276573543449553   0.07452695436305223   5.780932525409412
1.1112164001133327   3.1642770249348935   4.208898083116708
1.1371911723050059   2.1988306386057674   0.864326598526151
3.7568101087573336   3.505286590142983   2.5488217090043723
2.3747951453143594   1.850057955257781   5.9889798320393695
1.1048845824297748   4.460436353417165   4.198362230624272
3.8669913372649725   5.1078822027402735   0.9329298363568652
0.4451878977933791   1.7957661191077843   2.8132181993267973
1.73196091940194   2.243398953122799   1.0469414058049997
4.7490623644406575   4.328780757805939   4.734142200781356
3.5563282996128502   4.75069064189931   1.3787926493923421
1.9973836400216487   2.5101562581579646   4.273818420535721
4.349259423924487   2.4629729821587767   4.0987755125917325
3.2798288871523686   4.462982356809746   0.9851562501628517
4.982816628614347   0.32330220687825584   5.701518198796166
1.7287992343218712   1.6653696785612837   5.237876468398166
2.6251066634153273   0.528101435689262   6.0319772346609835
5.269124526158637   1.428318169171074   3.00726924734145
1.8314974353291846   4.265169209921648   3.9033315588180972
0.06430981359723364   2.2496620514361556   2.154160717844728
5.047153582274747   5.21432688926581   5.353664639089239
3.658394830679941   3.810718591074833   2.527659103761133
2.608301100121035   3.118717648205803   0.5071911098576394
1.554745072845934   3.7428470823562625   4.791087592359435
5.027612959855929   1.8399102678534434   6.237019139248741
4.160048782369829   4.349336004011529   2.547103155429885
4.416915800935343   5.087370952784534   0.2946850116373672
0.9570940667942178   0.06661412752653062   3.8244741306653003
2.4456699358435285   1.2707859601931797   2.478118004945748
3.2346251543957054   0.21015631868804796   5.006709828101682
1.1290133340446844   2.0204122611705917   3.9990446857190185
2.276027898917623   4.075271993026475   0.702262929378551
1.7317994875008837   3.2165017239802354   3.79753162098927
4.0846727173920545   0.3669466278486283   1.273844263887044
3.9142138516565006   0.7997467551924462   0.8708337606141113
2.3145103517502976   4.609842923968653   4.410665915314338
3.336721535617002   2.6427852013446684   2.9843618714837987
