0.5614664735146627   4.84607166935715   3.4797654313225714
1.893000711084117   1.9725135396974562   1.1517551620899176
4.633892657277437   3.0378600546007437   3.4107977728452727
4.147182139987865   4.434679874899132   0.5284703318641962
0.7021980821602696   1.2317489553274341   0.5662812622155267
1.202167921352321   0.4346594383860286   4.553537181777841
4.419410866391196   0.13560035545424043   2.8024270595936533
3.538468962541887   1.8177582031391715   4.612197267053712
2.9082842003911216   2.840393266513741   0.715944389338639
5.1143212908103175   3.196661248860781   1.3207963131681766
3.518654593373515   4.0767302939739   1.0100286474011042
1.6017410245714485   1.257863875197468   2.6263330481400344
4.137347619346449   1.55689938036803   2.7011158892283795
0.20188196146261939   2.386506483096405   0.704959980576422
1.298557021829826   2.0547944859427165   4.367816091271254
2.0763860354671198   0.7937889704162983   4.110902352500888
2.544316921072343   1.6986979554797261   3.2921108618600825
1.0211070235524784   1.6764642527189175   4.2821525620503
5.0192954980280025   1.3247638378033713   5.92668346072029
3.3110101250112893   2.74482828189637   3.831948776576471
1.2063787418802545   5.239595025367808   1.5849499920395935
2.5705814771786244   4.528274966793667   2.8277692158583627
2.9699568453261582   4.344207158589885   0.3142626109756958
3.991682715756513   2.729957307670248   3.7774926630537364
5.223240084870994   1.2999424137274842   5.78836959165674
2.8181452848192556   1.8093763236005949   0.5090449367787497
1.2397273140718235   3.250280545109705   0.16859757260413338
2.011001191397937   4.418823420298684   4.979927225267508
0.4894401554385605   2.686637567732065   3.4991792621581506
2.0637295280528196   2.684230144433725   1.121549479195747
3.810542487092408   4.1599716068263115   4.074414888908721
2.6034335913586912   3.6465002314780737   0.9309398469459458
4.739046934111328   4.72229015962396   3.320909580841204
3.646551288503241   0.8134718692538134   0.9381001663893669
1.9277580505271006   3.3001937341469687   2.0446619324781223
1.4294618103943773   2.3819539728505905   1.618668685279463
0.28877804153189596   4.285894501025473   0.3404901003489248
1.5004289569078018   4.936721629362683   1.3575838407329168
2.986135893213455   2.3938600611576426   4.09037732363638
4.146855415586226   3.2271674670645165   3.3965468153682785
3.3683703462805763   4.895168542948689   1.6341566063422204
4.300019322632629   0.6835988906080022   6.172148612218905
3.026937689772562   1.1545484102318526   5.368985595140678
0.7742040839884106   0.6585451614494302   4.705810243720841
1.2431569129584599   0.8314676828457295   3.9098608194632214
1.8176879812322948   4.140476368101806   4.953612622787635
4.742877956401411   1.525039984799154   2.26993224026652
0.6930472254743352   0.24284434518250753   4.792041750001211
4.712452496375738   0.7011551441537045   2.9978154958828167
4.929344428927091   5.073981495212699   0.6965272703488501
3.7616304853400875   0.31169096570443466   4.237785912044895
4.479035029875332   2.4833390346883295   0.2707126541949833
4.872068240018437   3.816861594380686   3.8216159480940632
3.8192459456111565   4.3469228037504095   0.9188188483805957
1.2103748036078144   2.5522997441104063   5.0800308568469825
2.391899793988303   0.16251869144432968   3.799586983298218
3.724302196263456   5.062765552963507   4.658219399223417
1.539121312564406   0.17696468758441244   4.816318914798982
0.2890196648455241   4.717333313374262   0.27271354884263466
1.1586971129513255   4.069763312490394   3.6539392116763905
3.384740447639846   0.21269313186968603   1.4054457811852046
3.603537202538586   2.8856453624294156   0.5721299917053818
1.7016829678915846   4.665539225279326   4.575551820486639
5.076031999824371   2.606152341525057   3.4339073672510643
