1.2417490978138228   5.002570796918837   4.054561885793179
1.5435532038099111   1.221313880868871   1.165899521473918
1.265106626334997   4.000890845313334   4.035926586062844
3.1383778137729124   1.9132307357626723   0.6109302152803114
4.9016551187934185   1.8679648649089802   6.091979932111712
1.3963189599849621   0.25612732377307285   3.680953004819443
0.43742551730090323   3.6600391516859423   2.7008317968504865
3.3377304817876268   1.341721186702618   4.77231413897279
2.5676015319500607   0.8138789880981445   5.711118171776984
4.629704104674124   0.823962819636183   0.8559578456715453
2.97279287501354   3.5539427748633026   6.18078749266714
3.0037540169470454   0.4291712387479152   2.793811697392564
0.20283106661740646   3.646744077307402   2.9607637449371254
2.058622026210562   3.4170996195033094   0.6973574726303593
0.6749712279097249   0.17335383134533022   2.889387799627169
1.778870723171687   0.2923503455033022   3.2632376212944623
4.140512485469478   1.6796092409050114   4.121214602936708
4.144374062742893   1.4305989828234753   4.077133662094932
5.254144755241459   3.666666894080226   6.1118501951132505
2.69452837551746   3.5826662815663575   3.381203548048011
4.813934070065139   5.091981311593803   1.9888483532861447
2.329397295181434   2.6394920630844094   3.6596488365774564
4.914348326490178   3.3404974574426176   0.5703920462532497
0.2654789870605222   1.1027103830116816   2.8273133985105146
0.02459328981902925   5.1704893922354636   5.842730493481948
4.411063896745891   2.037855871849855   0.585834512089955
3.136585170254321   2.490088407689209   0.35416536870468435
2.309683999902189   5.116315544218139   5.763549717684485
1.3213402065578734   2.3827710277564127   4.252587816962194
0.9733280531465066   1.9161952845882522   1.075514947000451
3.2617058133376924   3.882829388099024   3.242744320110529
2.3505278878486227   0.9809187345513107   5.882995998209827
0.7718187243044807   4.142777672697089   4.18690876692452
4.1980849542217875   0.12422879331290215   0.9995038121975619
0.14444749789436906   2.443165857966622   2.5017417099402555
1.208343929812071   2.028057075819612   0.8864851523055434
5.172571065541003   4.642124323033005   5.347019378402444
3.4404653170929795   4.638883844803231   1.640440370878547
1.589876651383929   1.8700969980440316   3.9489663075109753
4.343265319272957   2.7122866793460663   3.8589771794091963
3.5637369040579223   0.012493921931935104   1.457504906211468
0.0805612486584657   0.4062946860369949   5.3642395391673485
2.180529226172923   1.5770973953162135   5.525505946548672
2.747030419532674   0.32957437203544   6.089164128120256
0.1401392038228712   1.3012259432864215   2.906614175352339
1.8769041627490848   3.9223913905671015   4.3827219658234355
0.6823652650724038   3.0282699746465367   1.5755536068941414
4.952193946507236   4.867786165991097   5.137077554382636
4.227173277340778   3.5698021677179717   2.3270652401053367
2.3242435991114045   3.3413789989062006   0.6196929195689532
1.3980871590175972   3.323265227702928   5.037922422233356
4.850367878645454   2.5926948167062696   6.03013806847824
3.763630655202331   4.27235269563404   2.5627479101083983
4.332507004049123   4.594289992731086   0.14246077546022198
1.993602347850144   4.635265201257774   4.185632631818781
2.1655221552478183   1.0298587432532336   2.820365714709392
2.8414509636388967   4.861956240721323   4.962361317861956
0.5310049312511277   1.825752414425488   4.318329571966396
0.9507412823837101   4.497669663759022   1.0663063173793
1.7650316883251953   2.6265295646144393   3.4629981432053376
3.447388954458233   0.825243122402705   1.061116228718655
3.973983025587276   0.6704286393687569   1.0322478704156328
2.5016314418580103   4.2045363083887075   4.77209308751352
3.2155050946786417   3.174873083990543   3.36034143369968
