1.0982399436366794   1.2617384050114664   4.58246033096728
4.249333589464236   2.4242512519758628   0.564901095192372
4.323620333325533   3.5422098329445797   3.472580555107483
1.1685893795838496   3.307020472206967   5.534471964554108
1.7540287115500481   3.8608485388766747   3.7700423266944068
3.782396854962816   0.0492383277162044   4.775901319287897
0.34115989053068685   2.7421299442824005   5.789989952486036
2.2932206407954543   1.320602206555892   2.4472230733047615
1.4951443204104289   4.928867879346802   3.4311831793244583
3.030272886053942   3.14133173587226   2.6049536116058114
5.244163209585229   2.517581912052248   5.467593615429971
3.3105067474389553   1.9889047400299835   2.127086111290199
4.602847019932276   4.209867028744716   2.473025226261082
4.473796143081229   2.4668280668501144   0.6041823756857808
5.225543445660901   5.2192145517302695   3.8594808932631857
2.265690354437446   1.6284648335422391   2.4711575701352038
0.957542749891611   2.199680707233564   3.2349765792265677
2.860321967185809   0.7814293673225653   3.0000726656656624
3.7358134499546303   3.816473741239843   0.30953986978464076
3.9059276847433817   2.3419605323543466   3.71570156063089
3.5505431777113428   1.336154680214697   2.4008288099604704
2.503745770881611   1.0261303288878274   2.945014157386312
2.6803751421819326   2.1833328504720773   1.4311355142033608
0.3663345076316985   0.05941490229513996   4.209266490297942
1.8777762309957013   2.2320252324999896   0.3033959084777037
5.137757106652143   0.7473185073362484   0.9286308414714921
4.809628135706739   3.0557879269603783   0.36046127266080974
0.4407990768441943   1.5994734577184526   5.254739147650835
2.0921442803902233   4.2714900148409765   4.60462909146949
2.5690938402419636   4.114970874977827   5.501838524986388
2.3818257678240786   4.556508571445907   1.5739705782595175
2.7652937130130626   1.6145780797506677   2.941063767149619
0.4451486943263578   4.290475664563781   4.659599501532119
3.0593641257089197   5.202286991801716   1.6666624714502958
5.098216663597803   3.7174687313488963   3.021239627105953
4.150768529522133   4.549592026296465   1.1283600564391039
2.6970412757979676   4.888433983512174   4.2664897315374715
2.843033941280824   3.545932667823741   5.915638409816289
5.154189700910071   0.36333178946611283   3.7431418579080002
1.5012776245887953   1.9307623931912272   3.7753449833320203
4.880847392993288   4.675590601886558   1.6498826120965835
0.3180430930475071   1.1688861075368373   4.463230193032719
1.3436617978643226   0.23482236987364835   0.3599819662065028
3.1818599063812947   2.9885416580776245   5.6761962180083465
0.8831051282259881   1.51942977728993   1.714030953543753
1.6926607176324928   2.8647586251014436   4.760203481247992
4.551776430424048   0.04428942187838114   4.081665343872558
1.3042983203855802   4.23825628580224   0.620453419946202
0.7441822376847282   3.560810242568578   3.304236374690616
2.2418594981337367   0.05917053753840207   0.9764262579344039
4.861784719169047   1.1797607631629359   0.8890800937565986
0.9411025372777007   0.09133891700991459   0.8586562389402949
0.5478209262329332   0.21997746163682946   0.8395588306475221
4.209176834876819   1.3096013341788517   6.200197075027991
0.20735103913009767   3.7790143503829796   2.6433872883215344
5.191295005008377   1.716428314571144   2.241468424517822
3.979615304012935   0.6816766062480005   4.901180186729643
4.9489023303071145   3.086563521006524   3.5300226911182877
3.7851144037534015   4.88958442326558   2.058261714049134
2.044299783643026   3.048019798150545   4.4372336110447055
2.010341536419812   4.90480329249915   1.2441554304308065
4.574119258599612   0.17759728212242104   0.9681079016224016
2.7076120373007844   3.961482395945114   5.328076836371938
2.6308269516361356   2.502550963227893   1.5927949299714659
