1.877740338260523   4.504946954478524   4.594311371930045
0.3876983917713126   2.2015601908055697   0.855215558796426
2.291973646966628   3.162417739126904   4.19287445497328
2.8713102577523424   1.8085544796270003   0.4106440634446202
4.664270146694572   0.5285537189436895   5.018790246840705
1.232221856687648   1.113059975273158   4.869763624762293
5.268104298382919   2.7568892615903406   1.8851912413611331
3.3959940944081417   0.8271449716559685   4.055483835941429
1.5927102507810766   0.3747113488845746   4.881011033637127
4.1006479297951355   2.1383738632256657   1.1028928062187138
3.1200237501487114   3.7324344725582157   0.09284632764603365
2.885454126924947   0.8870089463742015   3.5279584028944178
4.200224212979657   2.9177668387571982   3.1905333619391967
3.2277741364027577   2.227145670973803   0.6864700255772958
0.6281643694673964   1.435237600290892   3.2217561315909347
1.5904554348732525   0.7574652854630111   4.688062624367202
3.514406097674838   1.656776405263277   4.6298433918250765
3.434296648936093   3.0371370444032926   3.3180465662050085
0.07429248066844085   3.1844708718415506   4.7547579646096425
2.559612829906739   4.239861983856883   3.164594950911181
4.999954773759574   0.008205361664444744   2.2312713939081905
1.5561314938161657   3.0179895740175957   3.2732987280251127
0.10953660798532461   2.126021932467682   0.6840437120257756
0.2507489560750477   0.7967502789183203   2.739626012465201
4.888307558591763   4.6801696316790835   5.770759647312857
3.8881218551389187   1.0981235962428748   0.813562375006702
4.946747904932558   2.4524159996682555   1.2085279934851576
2.7619267311427937   5.201938133109546   5.704246240851669
1.508950877240893   3.756702217180191   4.060399106325024
1.9542910597231375   1.441508794714891   0.4780697520868261
3.773181175522813   3.36500982418389   2.646627364634877
2.4439690045216356   1.1774220454500972   5.814440611394623
0.9602358413454267   4.532673816872811   4.220658350762525
3.346831935260898   4.7625935097555985   0.9331447719880895
0.5179945686616279   0.5776162554733395   3.155487941573829
0.9122800648857352   2.7052081459563535   0.4136814436685623
4.453203604960474   3.9878556337922992   4.562582136762173
4.036734738098619   4.917582300571407   0.9472159301046661
0.9503308690432621   3.094532272174183   4.094054349847582
3.5108274060914098   2.3362406415171932   3.8048723953477523
3.5467830613864835   4.9088446757113   1.2154920668322469
4.641817870770951   5.192232202419257   6.000042729209221
2.346963877567046   2.6977129123909025   4.743456147542228
2.4150437488845746   5.2637351558423084   6.010128748070952
5.047234711298833   1.3354681670845432   2.886128495970057
1.6440559376693693   5.051506914742767   5.211712958256046
1.1960155513295734   1.7526485450430345   2.1987288275219714
0.30280960674053825   5.038152828779251   5.741083494403538
3.945117739899012   4.24522623979331   2.336740318959533
2.5576375752250398   3.3726979465382056   0.8100274006116007
1.9821931753928237   4.172252333668492   4.927792711380202
5.27411772915939   4.208153602596472   6.026164033017173
4.467261957502741   4.49417895506119   2.4243428832343845
3.4716224781237512   0.9346787219997851   0.8934276663104559
0.39646085676446086   4.73225098541837   2.4280864533605264
2.316045577053597   1.6628104082321788   2.862100278531293
3.2291427251800933   0.07457225413245178   5.04945158292926
0.777769946842627   2.1663196177104913   4.1043391029205605
1.051024150833089   0.1861173650665391   0.267867679304165
1.174029023153527   3.599116217720679   3.716068396268356
3.9619031103315954   5.187241285159114   0.8984700691330499
3.7575062621037274   0.2696540937208085   0.685240501160563
3.1925163089043   4.4125483902221925   4.69394560477478
3.0477822691467185   3.281523465761183   3.313666146807043
