0.6142601053917368   1.9100363715294693   0.8763569776954082
13.896639755601518   0.5391309963705541   3.54651505916132
4.861048562603795   12.93903591082082   2.785695071212443
0.6009594943387391   6.857871266593918   4.213235958629851
7.914219837031009   11.365836213944885   3.1859851177796523
2.198560432388893   6.455010279186561   5.224487852598598
4.6036287075429945   2.7631110552554277   6.062909545858742
5.899287612875622   11.01872970974509   2.7631343960328256
12.678321824641564   12.066534046169345   2.887950638710138
10.849159558516304   2.012542106407408   1.9679090309309508
7.013772430401308   8.08406849893907   2.618608726059677
5.055572020733666   11.63871996763535   5.828427037179561
7.260679208711068   6.07646893316818   1.8630818482038005
6.755213257025701   4.144709711725059   4.675087951463383
8.438373915756888   0.6045070699721381   0.3223149670925349
6.301689534958536   12.41656116478063   3.7614843166281586
6.031372181740507   7.0759511392584   5.973132257174308
5.727340975073865   3.5542877814590454   5.124665185545107
1.405681993244249   0.6426939622335812   0.6225907035879594
5.689408091381445   8.43164011148598   2.4654029316637396
13.524085838911265   7.770211547050915   2.026492314757308
2.279211816688057   2.9916537201109343   4.331732460847921
1.9369819547658547   11.90158614030561   0.419864544629896
6.625018487348029   13.88684693544475   4.04451346538463
4.609464239850936   5.141383009781976   4.401924960635983
10.519253175132691   0.9294924520106858   0.32930348984944346
3.6984620652613143   14.041725348537621   0.6962569090473002
4.433468384237305   8.457660100188086   4.584044682617394
12.484908065268833   13.091701211129463   4.255516274505863
7.569481843554069   7.102892670823639   5.701949434670613
10.474122444922644   11.068191878421004   0.37769804007498736
5.829470325032783   0.4557561677101521   1.2402149006322911
2.1881054376531237   4.696869263907948   0.5332208209487457
3.6073954789368816   6.06786086634702   5.919971039201406
10.970327682432883   7.863525945387724   0.34982978754021277
8.792844799275528   2.288666087635505   4.825613356392204
8.166952132475975   8.515771749261802   0.4632315547816702
5.864089401328308   5.716030534387544   5.016499591617223
9.899003377170459   7.337484402622253   4.946838016519892
9.52245234158294   6.340824663703121   3.869409345752603
0.9489133245500783   11.07975818154581   6.237326167195792
14.360492182474816   2.9497686925738025   2.3605637495572074
1.7112734025705978   7.939937824128951   5.848668874525768
3.9599689654658747   0.7401000052507685   2.7887597039786227
12.834658183637675   9.058034290184073   5.121737469404671
12.500926064201686   1.1042642262588283   0.13382166338150855
12.388931078844596   10.583305768277546   6.179158230397262
10.058388954086798   8.715409575791098   4.417058060704459
10.996577163791615   3.604605135648384   3.8580354307645344
9.037776820565854   9.847486262456652   3.8136257990343934
3.305484598134189   8.53671322910429   3.484552104706944
0.3672227279807423   14.322257709053744   5.319938008118591
13.840325851708206   9.36408349205005   6.269621159368647
4.292530006445117   3.9564958812159587   4.124130973118921
14.258448120119802   4.50562158388409   5.74561944026616
2.7413868693924694   13.024793081981652   5.164239943651082
2.905672450598331   1.5107147109997867   1.0995990317737177
11.987272801170654   6.879618045505456   4.4441492040289186
10.276448043774696   12.687910651338328   1.8419813897043118
12.031535539417225   14.041211514984823   1.9247067121955592
6.440815065337049   9.616952930998464   3.966027637246525
13.95917141447353   12.084152981000564   0.15366743999450067
13.540400835719906   10.434628152167768   1.189566099427175
4.048707099842147   9.670040166972608   3.534867711142509
