7.0779472836579735   5.250988942327851   0.3304745062416251
1.8227621562084182   13.741306112012461   3.427479776744834
3.1821218984430546   14.27112136353588   2.5297682455763164
1.0775442177915782   4.914381954167256   3.029443005980859
8.786251168306247   13.80146426438008   2.2199058771431197
9.610100995712617   3.723186811397508   0.23770073074153517
9.075386209330308   2.3755853705211476   5.036770605010423
6.551814589227001   9.584051763616428   2.9568072050605343
11.615072052345415   12.792182617554346   1.4182594782520361
10.351649497025285   1.8575158770619749   3.820832803597147
5.201255721438794   9.415790763619217   3.081150973134524
2.479140301081429   12.825738859555425   5.272206176807383
8.255891300713852   5.314591236240824   2.6417942096146523
7.782512000285045   2.0463581901044248   0.33380290687036035
6.54612106557268   2.1709784507060395   0.45222234669986383
5.082680574011547   11.342226385390799   4.4352726162901375
3.8899889488609087   8.220776392807412   5.941340952787232
4.751913759854912   2.1403725645651592   5.057751510307022
0.703355418906458   3.5126927783013584   1.914205889628424
3.7963490392030614   11.64534632062415   4.1939564573064
9.627957691572078   7.131861171645199   4.809605262953585
5.680008503529323   5.715503303581503   3.5662823242749035
2.4998924796172135   9.878850073361473   0.7843131463618083
6.817813124959433   12.901685730518865   4.5260191395520595
2.075249970146998   5.8326234565149235   3.5925503002194046
8.994177012678492   0.5821356433821767   0.9198931817840796
3.1563132166994876   1.7980773523897275   2.3589051519563284
4.96184424626427   7.332097459016892   6.279098132589394
12.341339584578783   0.5835882207490027   3.001936850947668
8.380330770188284   6.375603130630131   2.7431746477234746
9.161720005296251   9.873541774455013   0.4363178916223275
4.395097917730298   14.368815520519123   1.740662762699393
4.020544068492547   5.8990267557878395   1.1306390834445628
14.402760255467436   5.240470504700671   4.727081626362003
10.659674673239891   3.7907951497070274   5.803890884365386
10.650970198757756   0.2794898871631284   5.419267309741258
11.540795816461111   8.855962582588486   0.12291730502121112
11.476568487236083   5.536055403447083   5.7259569243932775
7.346121463376078   8.104176558003209   5.89373879007208
6.111387101114698   7.931495872005591   2.8565077542008708
2.383998940173994   11.195800582623631   0.38394364325591623
12.234268915163229   4.768649697254979   3.7159465253894988
1.2819476377456183   6.989168298239561   0.17118496267232616
6.396430151762873   0.011495671295481458   2.6734357253248033
11.468938572716448   10.023187116279361   4.592711035133352
11.142380515057734   2.764147324001469   5.871845006543477
13.007441905998803   9.501573500943099   5.771974737081762
12.499514417377691   11.648847245637732   2.4775330675248064
10.922727269399108   6.876682534933575   5.606805377989252
7.606556995345476   10.359307187369414   0.3666464777059897
0.9575499415610553   8.869600837869788   3.596612138208799
0.4427738790793707   12.35524431561124   5.495367683957441
2.5496816886352622   6.94194124515061   5.77294783187058
2.410859497154826   3.3473091366722687   5.096706423465603
13.526515766954002   1.2167000152209446   3.650165172460136
1.3599663512940139   11.357733186691544   4.380845340650909
1.809847259758063   1.5545292416234058   1.85909317953336
13.623412947229355   7.822854047466758   4.185999082067671
10.713858341503661   11.282763080409632   3.3359203656752707
0.30725614233184123   13.964784347105674   1.8587302262410412
8.0641340764226   11.526214285041581   3.608982356314508
0.4269702186649334   10.703727469237062   4.514065469774361
0.03358306083615581   9.668338158515654   1.7214861084143456
5.035744826366843   13.09179635004887   2.6068296325709106
