0.8587540674692871   4.945122968429084   1.623221904038602
11.108345462810627   12.208843020856694   3.992405916785973
6.025926979280104   10.86563364027725   1.5408311159925467
12.398083628230118   9.258120946800302   3.225637803367701
8.842467241690185   0.5487291824010729   4.214534283753523
2.198635360172031   5.84231329584947   4.792475195118002
7.690529916565466   0.8447421033035099   5.9451037643476585
6.135620264804449   0.651287820344917   1.885483773507204
12.921466537922825   10.933821431944429   3.101064002441582
10.698862414618088   2.389799932777175   2.9946877889223726
7.605888250073301   10.785050497346123   3.0031257087901646
6.33000400191455   12.877093307441953   0.758718221375909
6.962547343865819   8.26640620349199   0.7987825420304968
4.6510794733978855   6.31738456310577   5.983985376219701
11.451219711282953   14.219392857984754   0.7704731867884451
4.174169994134109   0.6952168778134447   4.757519489014718
5.925874514423767   4.308815401806711   0.2085676713463146
4.866540520294303   1.6421474241842762   3.7527626801058522
12.846342319741673   0.7209730576691997   0.32360127658977045
7.0366353375341015   9.841099059433477   3.1161136121927804
13.761778494351992   7.222880594113404   2.889037119857861
0.44609612007294774   2.058705407777299   3.9812231002843355
0.9860057182734301   11.097191670515384   0.7206095160953246
5.202410302196708   14.414069857375292   5.253240816213053
1.5685276616732464   2.712468720685068   3.4537936622350416
8.504129375710505   2.4745620803972264   6.150719692075441
4.021685254020461   13.190882992107403   2.2759933367420033
5.332549636288655   8.351067934686679   4.509876065094842
10.678738044136463   1.1074140038140474   3.8029910723242013
8.435942599702255   7.111982731752278   0.8589143359811962
9.353717049911959   11.707626851353487   0.9182265716462752
7.966200295508468   14.105579135575635   1.577758136900596
13.660065443415359   4.729645504375   0.9455874529564692
2.9061587602506656   6.769191864390345   0.7617271868208617
9.85967485977467   7.452132444733615   6.254308377472289
10.858121484445146   4.528735816027016   5.356288429991859
7.62241007745777   12.589416432870724   2.12251688547181
5.853965832543613   3.2129446873341014   0.22228752355424566
11.523957030663057   7.763781977077564   5.827401010060442
11.24270529253509   6.461873865878854   4.763466958816059
1.5554012670898723   7.569946510685922   0.911385721044931
2.6845658194233444   3.873708946414375   1.880185604310463
13.676797579463894   8.367731564011068   4.6693217395013535
0.18474955828415252   13.587569718849396   2.3340081410406825
8.562856335753748   8.24127360601322   3.346982564349293
13.75865685079465   1.6614309110601897   4.602414857961469
10.396574339873569   8.914700773609656   6.150589215325673
8.887693468744155   10.507524387721174   3.473428059382977
9.00054683684345   4.665093206972451   4.37322731224535
11.338028313362518   10.981172864901668   4.717726274135876
2.842051540350814   9.665661832690716   3.381733861017177
11.671953745518119   13.07028994830118   4.049254778609752
13.558743501089994   9.434877098629917   0.35539439951089
2.6924688912322896   1.9591217967362111   6.077847991908591
12.309630543722667   4.576380030795571   5.2322690937901415
13.495131933230807   12.299757285563178   5.832238045157858
3.056931751022037   0.22381588822838805   1.3018685854208172
12.822340989791746   6.670718589481304   4.897387830468827
9.780156093120766   13.037294017019303   0.8582398539365765
0.7521200507707929   9.735834266857823   2.115886908998119
3.996582950325834   12.104607057815123   4.241300170586926
5.162081769009446   11.603100435340725   0.44417914112938395
14.36617525309167   10.783385564802243   1.9470212864706316
4.395030698400731   9.479758845900113   3.708190906503887
