7.1153811017217645   5.299286457509363   2.339823990877982
2.3403577343046154   1.1597148778906716   5.629809820483606
2.4385030064957087   3.829477014067181   3.9382465332731664
0.5491440184626399   9.666015864821448   3.220452469993002
9.448111859465278   5.983952318581606   0.24553795203419868
0.4011090476847353   8.483973074441554   4.953632727169806
3.5968615882641974   6.84113487478745   1.5312491177767544
9.411495373638626   1.0506430539327303   4.263400780424767
5.267796226609214   4.506839107110729   2.421614711121106
8.038664692752185   0.16729526166674763   4.782244603727583
8.648043853112178   7.846118347622499   5.689082826044722
8.62122801316598   5.676878686622908   4.481483626056693
4.171564083426447   1.1834175051979137   4.224781614002032
8.349793496838023   4.841227870641683   3.6778898340603488
7.882212319259162   4.06759171167615   1.6354301631406176
6.3849950972997265   7.876360071074089   2.250122902238143
3.545372072452051   2.065770541341647   4.235896307134563
7.2448567750984765   7.203659387791562   3.980171313742714
5.957249921762279   1.0022499495561674   5.103350196378149
7.065182089138418   0.6627171876452641   2.3368579726124055
7.579708745049248   2.290381989719142   4.230762844468389
4.247242645875858   0.3336793873432115   4.941577499322215
5.95428352467354   6.784898375223909   1.0249124251145378
1.2869314014363729   2.895976275464473   2.9132823233118113
5.716187548007672   5.7372314988290585   0.9684143885090611
8.745412844534282   6.8408898809516545   4.438693317844246
3.5100183747644125   3.8659336172252043   1.2414399796431512
6.1707684958711155   3.636325681706352   5.018292935762105
5.419872398405253   2.600457177591571   4.293828247270917
7.413037967998429   8.637843016245386   1.9762613516538126
4.7508666248727085   8.907461741046477   4.617290889057832
8.575444367518024   3.3343683614049056   4.073052832168826
4.357357110789136   3.6759360918949855   2.219062094844106
0.3304523059138881   7.136698760669562   2.546306531278808
1.1399792128025257   5.43337793503985   4.696321610217895
0.27008466107163714   4.539375331818177   0.5910624942600247
3.798313055109721   8.472177592781534   5.423946371106378
5.301264303761174   9.603118364141087   0.11909734917880921
7.006872606591789   4.135186368825912   0.2331043968467655
2.692218047246486   8.421094877191743   3.009405503143461
6.545166141596992   1.7755231156639266   4.156542706098949
1.69701570837668   7.741284219484132   1.0395526091311549
4.547313159428022   2.448338506788859   3.0767150511622923
1.9523611035437485   2.1899979913205367   3.6297570672109605
7.777827432351724   6.298683093632694   3.3796353046981915
4.940696824607136   1.6733801285301375   3.6770807371684113
6.244255778714057   2.7157231038003027   2.6555571236841464
8.222799398704923   1.3170749552372063   1.896835921536121
9.497323863055199   3.56419781902896   1.4913771033688052
2.158761711571282   9.500287736318391   1.137056660487903
8.657493844305883   8.839774439429672   2.3587727823520894
2.0886915305999927   5.246492103764796   0.4071698428841696
0.6530121538443551   3.6948126494176012   5.002588703708435
6.915467274327939   6.213679963485381   3.9352696751091822
4.993807011402378   0.7840879255605286   2.7100380402381306
2.434806067599859   6.219482035843466   3.96081921916375
7.223006130341315   9.518151331553279   2.0136139260068515
3.2304288267542534   0.002825829052588158   3.618434615561038
1.4474949614218007   8.824985442223376   1.42262520748736
1.7142310582668054   0.5495269276193937   1.1242394143259027
4.268620221184895   7.455635262969246   2.0084173264133147
3.996389293295273   5.700529558124159   3.1241218182030144
2.644554285991928   2.8021600358294414   4.085388517277304
1.2729490680377928   6.323162548109537   6.121049844903632
