8.580118370712924   3.9855525583798377   2.8862427404160154
1.4771717289366364   5.39178302690465   3.4285598097402183
0.987916105539264   2.1729962673066963   2.262308469875602
3.4955348760563143   8.205369310653762   3.6867215539848375
4.172479210280579   2.11871274949549   2.280587315983442
9.47358687856056   8.41879888064357   4.848401181848133
6.152103107059124   0.5056731828974266   4.767144749880624
6.164080994182155   5.806371814292871   0.8887683793417461
6.210854543559571   1.6784021762616983   5.8211978507772315
0.05163492670629424   6.757250822310699   4.622796988212107
4.979610339834846   3.508279109785426   4.536178740625391
5.385357453670756   8.712251414466385   5.098220455543706
3.2100135164986594   2.337833696693579   5.235124076498204
6.322078309655202   8.21396502186862   3.0548217674183102
5.796057077029792   4.703291371536468   0.43797772529095247
1.976734169488994   1.2301044842280415   1.5384298681942083
3.3218764100117153   9.595525791083627   4.89328358890122
0.9542719418612617   4.276224685472171   5.669257906508038
4.0482905428651925   5.842966109615755   5.88865238701128
2.272409399042021   4.672419824004045   3.7058378959143083
7.185242397404841   0.011097029821446114   5.232849535732489
6.744996471693529   7.160812478074423   2.4645096501662267
9.751467880197294   5.575595732958538   4.125291146985906
4.226865463954138   0.5983092300584376   5.700963059557999
6.216042414554084   3.8769315741080383   1.1702902147020058
1.4377554233231626   3.4301260064803136   5.223794282221198
8.74954521224298   7.138175559871652   4.390580821247057
7.150070775507815   4.996441351333876   0.5791774673362172
2.3577150991689058   2.1125303039006686   4.035543447489527
5.011716178339711   5.358205871896135   5.0363282813728345
2.3202480481442533   5.727159770592255   0.61126892154949
0.3768729648505286   9.492093616281979   5.898267764739511
2.2050755447512502   9.110873069397485   3.7225030115490507
8.171120044474371   3.015446534564128   3.7140503152039095
4.394283066951995   8.946511969762861   1.5840908107138383
8.64804619428512   5.184286234408846   1.2100222387026132
6.720199637331148   2.488056023045018   5.393529813855985
5.322814944373193   6.298855838821991   0.1278364480451062
2.2368532911771895   8.174768709346592   5.789410879064859
6.992617385365368   1.060414512652952   2.158063077558423
1.110594847892353   1.0187088407031684   4.024511257428922
1.7763466339596006   0.27865433609676465   0.8005006953268882
3.40597443667304   0.6635133151937759   1.371535599067232
7.136594454575313   8.71930832815923   2.6071778623401123
9.646494126448117   2.579785212619535   4.400531734094778
3.5946863213539806   6.8855077541009155   4.685279895923552
5.084367626059739   0.16314226514926844   5.33017090752987
5.289956360779546   1.1450997307350108   1.4104217643173966
0.09157205695142207   0.5479140644722642   0.9271022828979041
5.112252151841487   7.161856916729662   3.9292433838038123
1.4327097340497472   8.499921185611544   1.832970303255007
7.161123025997004   3.422924033908161   1.7837869159119843
3.1160810152772913   4.6411306573666575   2.523499036618504
7.028561683917468   6.23256786939698   3.904500278922308
0.5137256356216238   8.603697728694595   4.3067973805066755
2.6944050538641626   6.520152659948292   4.416760917781155
7.76776860396047   7.676953395829447   3.7747847412142703
9.19537292336062   1.7498675439951579   4.3472605926913745
0.21018247786527056   3.5490008888378775   5.648371667137096
8.002748025407758   0.5441303078814872   3.2882766456970547
7.908314502902136   1.3857939839165303   1.3577305067470369
3.188673229414393   3.625040007265624   5.0580626441213665
9.333075086110927   9.358051757127148   1.799681643292404
2.8704411564313   7.541095413556244   4.04073942024459
