7.8425470206067445   4.759097576315283   1.513284772133672
9.140443948554461   8.906204221617205   4.214134467897456
2.1209961370871344   4.235674745198512   4.982108492247672
5.533694943080996   1.0573824337444961   4.4689928462418615
0.11264469522704662   1.8072675993363514   0.6773965734842361
8.558894930319171   0.07777075861536692   5.275006741340503
7.9077233406167995   6.065494165537064   0.3401922051180825
7.346188373716311   1.459815280294479   0.3611277658417683
5.946965413333746   4.188537145003937   5.829143807367788
1.1380706306005854   8.330698660437639   2.6994357145847983
8.087635729280281   7.066340882497838   2.6549234235879338
6.94587730041942   4.927613774787484   4.14167708399401
2.809773553138098   1.7984451565387367   0.15701156439877706
2.066667625699887   7.349934791436925   4.057506830817515
7.168625136831144   7.137562998790967   5.409955040899235
5.121741752758527   4.4846389000257885   2.078712246049742
2.3173919895444697   0.06536058769657271   3.924108607913515
1.6484997423396561   5.904811187247241   5.216146961876819
4.836115228148099   5.653873692078253   0.9005839319426877
6.0607019697470825   8.59758733198323   3.954589260471012
6.848867613057836   2.4626870568962773   0.14935667460141333
6.110260776913796   0.1599044791256556   3.2332539311050454
0.645770563524546   3.754574413235794   2.373700196394723
6.054889923989808   5.290650985257888   3.625930249725482
8.756056654711488   6.179915322742789   1.3478730249799775
9.043770982719286   1.9072704222739678   4.66795439873168
0.8352452898525741   5.143460553857264   1.8758865789109451
6.599297089848329   3.5898564259730383   1.652173300286962
3.8503118911047034   1.5502216990557804   4.636051290736505
7.556938939888308   8.802492491686053   1.127851814457745
3.0233536484275594   5.549497175977462   6.029762435412412
7.951685456664717   2.6571612237166784   4.3020068696902465
3.6416296188491897   6.2339897096457495   0.3169715853647383
9.775560719180223   5.9472196763022325   2.4098224066247442
5.997701081364042   1.8333831461717855   4.342442429415382
3.708312492123289   4.609022198430873   1.8259128456579037
2.0279714895944183   1.1382772872155396   5.382494026511085
3.3897369170478173   8.189141536915697   2.205020622557381
9.100650577998545   7.670947640979919   1.4212085966975632
9.127653552420474   4.057556917003703   1.3623035912518917
8.210948578816309   1.2527198602598069   4.38283048247745
2.5399261490712677   6.534198728295689   1.2091479921982793
5.577191710266115   2.764510119151823   1.9956211199065077
0.044754166241405435   0.3539199320111966   3.6509824778662834
5.680998597738493   6.101651891276163   4.507612899271275
3.071764384567477   0.5285046378956824   4.333736081652786
0.8736579887925789   2.2044208653431596   0.21226172445519564
4.812438951958024   2.0939904307615325   0.9854913806277241
7.994736305461819   3.5767417198042253   0.4767111941967046
4.665256293206622   0.0884381865870072   0.647843457589254
7.02727797363366   5.9931267503673995   4.389340146895743
2.498694693634023   8.5970342381381   2.6203326773285847
4.639066874657849   3.311249008761425   2.18306128598156
8.920528026419523   5.101240102293144   4.293512482827535
1.247905546031829   9.789745479648095   3.103369200169617
3.985039450297314   7.285113352804955   4.706758876792182
6.89308400025564   0.5749963081933313   1.509977943682793
5.754413688903427   7.528640410497975   2.6579362430400937
9.142893933825428   1.0139454940740704   0.42012628066470736
0.3363237715752104   7.952258798535855   2.877154212027962
0.7621060994343293   0.9995410816282904   2.373264842758698
2.8999495762062857   2.7353911802747786   4.731751435175883
1.860821830349563   2.2706713570799817   6.2372324622875475
0.4357425184121416   6.895511621898011   0.26943960640665465
