7.472051473138365   4.6154722736391856   1.6974844764133539
4.051092974064316   1.39575570798272   6.191701902866249
2.8437737126918723   5.596597031757848   4.731168522287021
0.6012166641355572   1.957645506416774   4.924005429745466
8.479677714043113   2.7205535142645823   0.11146299536351856
0.1761433942887835   8.524872022911103   5.402902415593739
6.103919745505292   6.270181506184784   3.6112122169230902
1.1287534807203432   8.647542523926916   4.426525822039049
6.8574558738391085   3.611743518241614   1.1669041979567043
9.163322315810683   9.429279857665106   3.2992804807340614
8.647442560786295   8.069507846946564   0.8990718284674012
7.644755894930548   3.1149389839378747   4.475201582703906
4.719437716951285   1.9833060200038821   5.377328694956132
9.101355083805947   3.665263199740586   5.186924075437241
5.537627619250872   1.2962646095662387   6.088285044166014
7.707003971099038   7.750444028695528   0.5972924053304284
2.147467409634346   1.6654283906585228   4.318033178300359
8.301468862741814   6.891287084040421   3.2915724346299355
4.846915450111032   9.270981787956634   5.07298343317327
8.341831657053632   9.066121798654166   2.3621008319326404
7.217476107056081   2.2870335258226953   4.558304703134351
5.0160170624909135   0.4415073418654008   6.127156110576683
7.213407551519905   5.5338673010944905   1.1075584965636789
2.2093916584312616   3.437114267610159   2.6522409042351995
4.788566130809157   6.845563742364452   6.257063129226741
9.075497451962866   5.3688276744206   4.477992591178618
3.3171136094616194   2.7276295922468456   1.597559694531878
5.732312234693094   4.1536871591649565   4.090103771847688
2.9711343414756883   1.211990275974266   3.3399143038753594
5.92151490453443   8.006015015533878   2.910413160536932
2.0278103337112627   7.215857712650599   4.609960991881526
9.156605483025174   2.028550536479603   3.3809344564618677
5.569193672933868   3.2715041084461776   2.8277916548761977
9.275337237595286   7.049561688459547   2.137311299390451
1.8167395726421387   5.430474808245698   6.218476048201273
3.6626636002388735   5.223070658664277   0.8361088695923474
3.2383878191406343   8.204023267748667   5.852220279970938
7.528212389281482   8.592056801509697   6.040060217794393
8.113948079463826   3.8731368983176866   1.024246996885794
1.1328500099330856   6.048391861649108   1.6361761769032395
0.29089353294438136   1.0026042887258195   3.8047050043439343
1.2502134819341066   7.706189093178918   0.6955948328255354
4.527125014090775   2.961657667349007   2.1269126744063525
0.5114112377898012   4.405834385963674   4.321871587092271
8.221859014956264   5.373503703964173   3.939534867465665
6.4241913120925975   0.7774123674673864   4.517471919539513
7.969519721447758   1.7091095369730247   1.4165551459222472
9.247070232115226   1.133231196217864   2.275513813639734
1.4919694918279256   4.114461500419284   1.6586531833363227
4.023346216790731   0.5124036662816628   0.9017638997914278
7.083116337537197   7.012153805259814   1.1658522991082712
2.9669307121767385   7.005686151381347   0.6718923123492211
9.768337899197446   2.984125501682454   5.283259396375136
6.57762912955644   4.757953854483976   4.0183381130262905
6.671916751423617   9.10979873960348   2.59200615110573
3.853457126582319   6.793502534329086   4.665422827760499
7.43030846129466   0.4685453037090188   2.6931952323107486
3.469239640937113   9.218255263932306   2.6888523114228784
2.4305048603484236   8.625776624502112   1.0256145630942457
1.4949446964438868   9.584705931224477   1.470702128688173
4.303084533355642   7.990774858478963   1.9394101924831768
4.0564613188758765   4.435461795075955   3.1723569416166986
1.5198469635676064   2.4419572990940033   4.9936049808103915
9.79320313891965   6.320420448635534   0.35584194899513166
