7.555644622905782   4.613256244532535   1.089915596817841
9.351293535674214   8.75626056489082   4.725116730870826
1.9640019260616344   4.382366975286896   4.9531775028123946
4.903304818074788   1.1733536613185194   4.3698744014213995
0.5276268172500318   1.7921174752722964   0.9161162161003215
8.181863843558403   9.469191776834677   4.854351121972206
7.921026260856723   5.741770225097361   0.06438955574723862
7.7172068069595445   0.7420909912225777   0.18600022480419007
5.34798380667099   3.73943944090252   6.009811092403813
1.414135161729187   8.18584281125583   2.7725734083233253
8.360713798625946   6.973508926507868   2.4875714391670867
6.7274354858569865   4.782794130321362   4.077829501426671
2.691840738530226   1.3431226278273254   0.15628447225700534
1.6502147434860424   6.274447557945967   4.038401220420628
6.720497971154544   6.858127429685256   5.622469214730272
4.5339498463968795   5.084595712715512   2.130076446613403
2.6544680649150543   9.530407879912898   4.122445536864751
0.6308928640350241   6.2899587949829   5.230554940705844
4.674525532622199   5.9826740742580675   0.7850563272887559
6.554985791663516   8.541980680094836   3.7715743206345866
7.55100436918832   2.4249705236498635   6.256750572749143
7.182212794181416   9.4465126362836   3.839670964819133
0.6594496718888367   3.5447106442212957   2.035538670376456
5.869803994025203   5.205901783661397   3.4845541049640274
8.93447010053616   6.290597569685856   1.1249325566620805
9.539530225468482   2.1592112296379717   4.488696173832826
1.0708436103064192   4.54619897431315   2.2089455191277896
7.09951189723233   3.4581951968502462   1.7516337354503835
3.930223013087241   1.036696256305044   4.914289593070718
7.416237136130481   8.553475142655241   0.46390319539765706
2.8765965652788674   5.461312001076472   5.756941979719098
8.468627011620251   1.961398583005701   4.318636397208457
3.6576251580979826   6.474305955878972   6.110710127580111
9.773304034270849   5.391501421750992   2.3309948283681914
5.995701222496622   1.4156068318489294   4.241076861918991
3.7303051218181773   4.4657306194514   2.2819716759055124
1.998340890820654   0.7204293893525389   5.159415970555199
4.292176120867429   7.718662710911919   2.651018643763838
9.692373952077846   6.7719785227152585   1.7571415379648956
0.16418678821899668   4.455334881653216   1.1966350741846954
9.038070595510085   0.2740180375259432   4.443539710585202
2.6052324114449807   7.20420859537998   1.728095084805333
5.852493660470788   2.9689371347151283   2.0326127639753064
0.6407704316751369   9.610049494913598   4.240904220600801
5.680998597738493   6.101651891276163   4.507612899271275
4.322904736596505   8.621216373400056   4.3178769520754
1.7287832737018096   3.0338449495112902   0.08660871389522021
5.180281858859086   2.1031113723431427   0.585105004549231
8.33197316151561   3.887561597922156   0.6734206740918208
4.737926861868892   9.586606461807142   0.12371775345421263
6.855915034326168   5.984257184961729   4.570235545083859
2.40388653612763   8.474218677807723   2.425427773968508
4.815562713914149   3.0090057680657964   2.068193496857178
8.429614661533439   4.880566887855299   4.439837032164655
1.7541507975161599   9.282102467637914   3.128444347172742
4.722552654707431   6.908294872320945   4.639693499367592
6.85040369471793   1.260682445918586   1.5906998886009447
5.89064558189957   7.23818574299419   3.0322028225644155
9.103441956632834   1.2662218099998879   0.5911641762202138
0.035304083015603116   7.976622503257262   2.563547471129664
1.0923469346185295   0.8151122851343711   2.5420831279043297
2.57952734649821   3.3430384354617693   4.971277658953537
1.5471971660564772   1.6571584958712762   0.18315921012045658
0.7968712580527905   7.203616056794296   0.20412524886717356
