7.352079485275413   4.290712331720474   2.2495442981522653
0.0022010193154091695   5.015722364596696   3.407209380892253
1.270018317548086   2.36606232171534   2.002391470882254
4.291856509707063   7.767742461617829   3.907426244153554
4.186825616993426   2.1833054049296474   2.597072957390135
8.693614657953285   7.020615238757015   5.223168176844531
6.4217647939275615   0.7518253449847859   4.400465570184083
6.193599520111529   5.1472892673660695   0.24363279656020662
6.210854543559571   1.6784021762616983   5.8211978507772315
1.0672491527476309   6.559807267430185   5.281527891539769
4.064397623983984   3.5280213680262325   4.307762538418057
5.2542915748889545   8.462628372407858   4.870943085953217
3.2788878494174423   1.3429056569104145   5.481978146503046
6.134016852136024   8.807683176217393   2.4899002513429362
5.359965109497641   4.353284592835619   0.3763636030704477
2.107568453957496   0.76287974586708   1.5543275084263952
3.6557523125730262   8.699347441528865   4.822316804642187
1.096502750626768   4.152601323322207   0.09059983689594993
3.3810121341563515   5.38293890742383   5.22762755547857
1.5263915382479674   5.526811406205076   2.7929660898777113
7.356419687179106   0.5883703367078672   5.624437951559932
7.469997707155477   7.10023768500534   2.9421853727370704
9.566860457574133   7.257112473919805   4.550172645137547
4.359045238107878   1.0081062337074167   6.153267043369957
6.470639472492037   4.278279503113087   0.7706620804849309
1.874109009318936   3.446001029234227   5.130400353467763
7.980703201630316   6.288350221010923   4.810223776650366
8.020173918269998   5.251025357222018   0.5429479299428793
2.0278212527112704   1.8979305291939266   4.233055652405055
4.21487692759384   5.689585985113001   5.127960278003484
2.404674511682717   4.411948425376935   0.74857684358133
0.48835836306700925   9.629997871309822   6.0819479966224375
2.5375026711199653   9.405237212348736   3.5148717578379505
8.401725518309643   3.475977887655267   3.5909908406838755
4.638154124124696   9.2404071471368   1.3057679540176435
0.37987657492093063   5.995028455838902   2.0037439865840656
5.966065610673496   3.336978526924526   4.945026520218041
6.172407289672021   6.182810949016309   5.830211179931247
2.4444258447933063   8.550159329635386   5.915070544450211
7.1442313367462305   1.6211202484371487   2.223906547688364
0.30877583910975714   1.3910387643361817   3.861772991434218
1.3808478058511215   9.596293340445047   0.4828296727773528
3.4395241847732416   0.47720355771023865   1.4277698686238383
7.285364965085922   9.326192585287648   2.6877119253621444
9.295362255266992   4.153214053466727   4.308203459675876
5.548161114943872   6.826886486500932   5.028425279071693
4.991221192461549   0.3595147135165348   5.742908453209258
5.32795739546504   2.0976132958475637   1.7237072460585607
9.390284758664546   0.35216534333395366   0.937177652391938
4.450809922477946   6.834241073626448   4.288793340885564
2.024922047475525   7.727487482876431   2.0598558026685954
7.097132549179304   2.9638468002552156   1.8679026701503407
3.9405114012120817   4.618874847154543   3.0028124422545153
7.100470010166644   6.14378456683397   3.8247904141490663
0.639184861310969   8.646715408314108   4.584867912445432
2.3554731569125598   5.949772152154773   4.151532848382883
8.173239657846338   7.813135153046979   3.618527656969562
9.309431895734269   1.859788986436901   4.593661583551693
9.72034914297833   3.00173059835914   5.903436901080257
8.186410679296019   8.817146183581597   3.612818986547784
8.248089894473736   0.8975848420267769   1.6850555083220418
3.1396455023561303   3.169638547072324   5.803756491758304
9.157844032420849   8.154712937864085   2.031114966158928
3.442427045100118   7.669529132840986   3.948553093150891
