8.607228767921782   3.0166899951674013   1.0198406915843237
4.088640877018493   1.4985972582860048   5.883600985318279
2.940912271987182   5.78412124996958   5.441625505229148
9.510783279787585   1.1715572660185902   4.8560479292168655
9.539154350693037   2.7564300018277055   1.0244946994085686
9.64907713271602   0.3107201878646455   4.925677070100724
5.44123964388063   6.402556478964473   2.886474594465127
2.8647322560658806   0.050654707582523995   4.186372971639556
5.942025386626556   3.4643930763128967   1.1528403543833816
8.363257695695193   8.218733501691933   2.6370388796344986
0.13414445463446212   6.870642017123252   1.261172215262975
6.919428704582612   3.2769209139810416   5.113534968347051
4.886089086179543   2.134038542483897   5.1475450856974
1.1708221976000635   5.298064415314315   5.636099669096181
6.00849141665548   1.4434553587088081   6.200013738949106
8.855184162252355   7.3740196486340555   1.06716641873316
2.0573308409420443   0.9186546824092465   4.191080083039054
6.273475604508759   7.161115203931336   3.781960498606519
4.701733722717685   7.416867829905935   4.810997976127398
7.451874808903423   0.038848330374557094   2.9822106778934465
7.823303487838551   2.5272338356091133   5.327920456806034
4.611321508698405   0.03715147068801078   6.144241080499961
6.218206983418292   4.419890366771481   1.1270612734165573
2.967636885073558   3.764101746860066   2.7193643133944843
3.892007664792561   6.97530725365858   5.183251804334406
8.206742586404966   4.954357031779686   4.765615238593552
1.7122781289075104   1.8545210852377827   1.4404908650776027
4.822049477986865   3.8197433658149285   3.170711982162034
2.7674328984286554   1.4549670151809408   3.2323546029739756
5.873921922419089   8.059357088542257   2.797450995155004
1.7618082863240325   6.355211847097532   4.762400699104218
0.712764830748884   0.23859176407375832   3.5244984563150012
5.724104322019387   5.321367959496403   1.9866753878454289
0.2835691013075694   7.83358911765768   2.1788826420839427
1.886836626059   4.576535642640837   0.8845425638885538
4.003598997092673   6.0598073737611395   1.8392148150287913
3.287448536812239   8.0325875436921   5.662462430897805
7.217466300831525   8.831992753081495   5.847757084038983
6.752154927340345   2.2179571082489153   2.162634102996543
0.6404972800000563   6.005842381056385   0.6189588423664318
8.295381303073771   0.2902885697551527   4.213328985479461
1.1796090242151056   7.198827610098569   0.9420494136273431
3.947832657489625   2.758841751452423   2.558317799695678
0.012128792975446584   4.6604733836267815   3.823586467990936
8.665249147537173   5.718950446770192   3.6833584212793955
6.565790557437011   0.6106088263368902   4.420822933918586
8.073296412190045   3.8297164218669444   1.1057459827738914
8.661491761376704   1.7071324827929466   1.919656038672987
1.2205212757918449   3.610029637931447   2.2509613299541456
3.4469119468497453   8.95702909525762   0.3215167460007653
7.3094178804683745   5.954690970588475   0.8875766569386386
2.14047317088959   7.226669363877791   1.4244566958349012
0.11553557584740803   3.745381114812144   5.524050298484953
6.297231333099753   5.98943361272004   4.208562475014674
6.294012962697963   8.9638797804732   2.992901116489133
2.9424376369730254   6.82464066685802   4.777707026534268
7.286441832557762   1.141110417904985   2.9680443447519362
4.3710005480828995   8.696789811529838   2.183406962132006
2.134208719588805   9.167323706685462   1.6720608991522439
0.7653261945379299   9.213826449355398   1.916724127062113
5.4265836229306075   8.982574545510738   2.151242891453343
3.6753044122978897   4.97248164999708   3.9912908267160185
0.9522773545595298   1.4014359062143773   5.011210072834171
1.0646518830320209   8.276909929022619   0.08397771769702
