8.9240258070992   2.8871656243375043   1.4800843968633965
8.341262823477782   8.349344676821403   4.381776761409479
1.2727780998247407   6.1000850849554045   4.3925607110345775
1.4883034656383223   0.33459049201415947   4.11248646116285
0.6287872221124207   1.1435304400290522   1.5215469529272494
9.240440007063944   9.125456499159117   4.40024338428273
4.1424590799637375   3.7306520108936336   1.5484939938555433
5.904940685340033   1.3873754758083505   2.96517329457703
7.05802345405425   2.0026787723673065   1.28334905714269
8.304281632465718   1.2638414770058592   3.5307524666491945
8.365437107703174   7.410313465199069   2.4975175041240174
5.140721049670074   3.4731623182011258   3.7829036585306905
4.654581550354987   1.655047899668092   5.467808060028499
0.2619128222317645   4.568187199448842   5.004515371562373
6.127200760149524   0.19149289887547627   0.8385085103807419
7.257367399987747   7.050868922241932   1.3362055249156453
4.344913469522006   9.145660008801547   2.620387922091564
8.518926003383646   6.3771786946413105   4.745395738601149
6.565853572694144   5.81022505495359   0.33828743906441444
7.770233211100861   9.18786363077149   2.3283955733318464
8.104856731946295   2.324487826343993   6.153670309519271
5.185759106758285   9.174418521726839   5.322893646795214
8.42593561862326   3.7803675395684304   2.3435119075699937
5.276663253650684   4.643645228593849   4.209425921263625
6.096856106216809   6.747188869560355   0.5333791060416371
9.056717526976646   4.574537950490495   4.422803509389086
1.0123940279583845   2.279718169245296   2.4388429028365266
6.164732047029413   4.7708141543384075   1.7923338808180598
2.9928764953641687   3.07658259866725   4.184601325758131
2.4348767523400485   9.789264284257982   2.7309257435162855
2.7259190655960213   4.632998008848646   5.9485045006411195
9.773772226513447   0.4521805554959071   3.819863881121349
4.37998916142928   6.100924145896155   3.8237445137089976
0.17434998820812708   5.881626071031017   2.5385156930303374
2.8473211212987715   2.1994353479476745   2.668661802150139
2.992859824801773   6.552094590236403   1.8680392222931708
2.636935777798636   8.52790412146293   5.4914961220106076
5.7973439966367915   8.431598301335193   4.659046460440777
6.7109204532010995   3.84187674608687   2.395819630078444
2.232005733537339   3.8624243842561583   0.37824098016348195
9.254620936244942   1.4334707446910624   4.567002494185173
0.5795577810744147   6.9181767714754985   2.1589749281713244
5.491890220371633   2.2083629174762582   4.165891527500246
8.941980495758216   5.5814659546302465   3.948001934387246
6.857570443300808   8.26899841080894   4.477042579553498
7.470305963207345   0.4964414557462938   4.430268063659947
1.0724064445651682   3.833275680276467   0.2947553172926837
7.60771014527528   3.0989958964349125   1.2286769339687078
0.001080899136828961   2.5358188776811055   2.003771243042087
4.179074528457576   7.928258839839125   5.47381261634128
7.407185690040007   6.143139761148666   1.1405284689665152
1.4240815787425964   7.3253928972416285   2.25375867451753
1.4638144947064455   4.748627484938301   1.3679819006948166
7.582818034725257   4.015101171639069   3.5671841102696575
3.7718888086456284   6.952586462365076   3.0196577656591344
2.6930016509013046   7.568728897829217   5.617953868959502
8.589450438048184   0.3179976413374291   3.095807017787651
5.15951262716573   7.1234682041865245   3.352942817901473
0.4902034329836289   8.710139551530421   1.4298971736629975
9.562033860100229   6.698633969971533   1.7006620928137302
3.7738105296818265   0.9904226523010444   3.3013987615948777
3.9460517665318986   4.570290431589486   3.461546924655085
2.4784366889469216   1.0310464934361567   4.437673553765223
0.5124234514230275   7.83598012952545   0.4137888748188918
