8.75637507196013   5.840319119884943   1.1591773200943591
9.211789536261653   7.9892285884510565   4.421601334747283
0.6577310036893904   3.922759252776805   3.6426877178113277
4.884534590908792   1.8533798505608234   4.23620529878879
0.6261654985150278   2.9667412207322585   1.7273031954975597
0.34745340188493007   8.914914324776749   5.615241474231482
7.49482773719468   6.44705472942766   5.449106082774319
8.522450907802197   0.704179814953368   0.5195742828909922
4.82989177156672   3.7703140914488493   5.482707556830182
2.225985624226605   9.076171107714353   4.321510309453189
6.676448834449279   6.547742992460999   2.623390788698634
7.033974968640253   5.548709365130781   4.796137208866931
4.451192488690408   2.912275598173742   5.221502285475885
3.9022815815050267   8.807428127053582   3.7356994736563625
8.077321522254868   7.108299800520437   6.113174517307124
1.8715723792909533   4.468607361419245   2.058292331148341
3.0753190811915654   1.0665670228506188   3.205413618041243
2.5330247511079422   6.249135161307752   4.840700029631198
6.295437247954201   5.025458173408554   0.5969839374861704
4.660482259925367   6.558731019258907   4.2021305676179725
7.313834960913366   2.028561419553541   5.396153312969582
7.369342849065603   8.065345407231591   3.312563683003007
0.9362091450622496   5.815129618180982   3.362402394665294
6.219225727882604   3.248476975410289   3.7291206410299704
9.395449610887834   6.758035140706642   0.6626608245468181
9.632521436344195   3.357187577060067   4.006786256555952
0.11797054704602061   5.79854055752219   1.789945871282589
7.263250158601451   3.65751058928932   2.210202455493921
2.19835262755066   0.6094425445918328   4.057086644549698
6.599562700868732   7.660304948364961   0.5764851489081435
2.284394461790874   5.268913355179993   5.72528963544231
9.566971276449301   1.5979360201046025   6.158274668304464
2.280943957193622   7.185216331323691   0.2851388247920116
9.799536154928019   4.773488577306339   3.64118960208895
5.768872701092309   1.5349160351150852   5.685401101705682
4.635612092496167   4.670490010359815   1.3625485925318854
3.1836932457210936   0.15168030179264044   5.059507375618083
5.442102910750126   5.6486327327006896   1.7440175775660913
0.44528689719892195   6.863474754422808   0.6357114135821017
8.279601797781474   3.530928920256559   1.9476601789914398
7.67727009157876   0.3155278995963474   3.5270392704015374
3.0991884239285583   7.300331559218692   2.0887569704782205
5.4330937328746725   2.712090372860372   1.7119059050688095
0.7268379902470263   7.710645540571634   4.678371255456669
6.47366121129806   4.0932012937519415   3.885218663727021
4.229400929718748   0.9708019179415801   4.53159353012743
1.9027457835969455   1.601607093845422   6.106404541055905
3.764222950397321   3.949928479643762   1.7814767405809033
8.451588221525679   1.726068693544188   6.020198784105354
7.116133233296555   9.459639334537496   0.9784861481563488
5.793565468165354   6.911968119994098   5.175082886310433
5.7937493972845555   0.4539688369963992   1.7067695892749648
2.803524088668434   4.437857173061045   2.7231921424284002
8.089760585264   4.548368604304628   4.535691255153538
1.1923801839277277   9.367554915229979   3.240494368592112
3.6225688132403726   6.4738872962559775   4.821879913766843
8.823622997126499   9.024595513670155   2.7675064610510254
5.986706722108465   8.606564939419878   4.068447370766345
9.451741303827182   0.3416162991633883   0.7459521065281057
1.7363283297124128   8.152311382698725   2.2884367860320958
0.8151536102219369   0.7376947826182068   2.6989197292208797
2.725604813619725   3.3821958712182587   4.843934070613029
0.947841621791053   1.6304077526837402   5.926239984048801
1.4192679545213176   7.125085630160692   1.0208775078560917
