10.313052336805445   4.102631118999898   1.9684347496844763
12.347767059539343   4.860791224152313   2.2683397883576952
12.052862634860126   3.4477204092548273   1.738083934088127
13.66580628112887   11.944837231275603   5.1770374880138315
3.703151881466087   4.405508945728486   5.939507987129641
8.514207490508351   1.776679561750232   1.144515504195506
2.7191107027652666   14.361148786213437   3.0514599162530116
0.5600391929019097   7.10117867154099   4.119270594250531
5.486341976274745   8.057695219118852   1.381759561640918
6.282221516849744   1.4773415275128143   6.208164466657546
14.004472081113693   3.3185249042948204   4.088565790089252
9.303499578983045   3.205745051660633   5.149693063607237
6.47528029883519   9.335350959033443   4.424276853858694
13.655462391246852   7.2155745884492495   3.7053513214956557
9.502869956130597   10.407468266904743   5.085107307111398
14.181433154629172   10.287129901627356   1.370217462610129
13.543199391748384   13.35340264637499   6.251060941298284
4.801245455015754   12.78712949922788   5.3187911428209125
14.35388129758676   4.862283920251516   4.710055266280485
12.093860362547002   13.237729632350819   2.9420638567781863
7.201678280171651   0.9653515089966088   4.87060570269736
2.23743768317929   3.0815383919979937   5.447470693745131
2.392922398473274   8.372556630086141   2.4843825553338954
10.63747451759739   2.9252179218043883   3.4109534721379213
12.44524399529925   1.63801278840563   1.1410185901765963
10.594285305589034   11.165693226780247   5.20126849995923
3.10117021957025   1.7842732393736358   0.9874887436893414
14.38952393872396   8.66453977225352   4.369850716489721
11.282418963575866   14.097159944594768   2.7147280538890506
0.5789294873379068   12.153392954920227   5.416421094558726
5.103386671106793   4.543286280202478   0.36859813569271205
12.442204989281338   10.392497716039854   5.360584444741588
6.1305954862976035   0.02455488833169639   4.59904696766482
3.5808635369285233   5.6354313909378675   6.114409132502308
6.5801205932659315   12.409702566466487   5.141478099893227
2.135504721413503   5.550806497787024   3.679842890857272
9.663031317292981   13.906953937187911   0.06303420234310325
10.224744429926409   5.527260364212026   4.638604658095429
4.901032631965196   0.8690876979303014   4.729878367427863
8.606478867973328   11.45808722518881   5.698282202652918
12.65348238252803   5.893927268504792   5.584983539362359
1.6071571609655075   14.364951212455047   2.531591260502941
8.893087263333847   4.486997780541644   6.197126243259895
3.6682328783696123   8.199970703321787   2.3196563061527447
6.166945213797719   7.031975219407897   4.275522266226455
9.807445055165363   7.134281555087666   0.9135743566910284
0.8256107755624189   3.971783010940281   5.945509254027227
8.21736395271169   0.20207691635404967   0.30415984299487947
13.811671110295276   1.7624941139572585   1.0992500384683854
4.657963119471054   10.067890144973305   3.2065106436391875
7.301623881221944   11.141454421257345   2.016422771198149
9.348473949501097   12.49369984214024   2.857218360428939
9.465662664122144   8.781671084951387   5.359679059296026
9.184229285474462   0.5526492260311937   3.477806654024807
3.434906215744509   11.279674106698513   1.6839221439972767
12.006281792034024   7.930519061715077   6.071961053169111
11.055568407602482   10.082059378528928   1.1253917818234984
12.2033056998508   11.631772995145303   3.741107160077913
4.82505634638385   2.62988693826476   4.346954776687801
7.632726877425456   8.101673487710668   4.723663426900164
7.085934533259996   5.625929291885462   4.042279322825609
13.36369222170117   8.911439800761077   0.27904010451246575
3.4491443539660014   12.74726510281795   0.5336483538608247
5.121168297500679   11.721141038845886   0.8492517125828088
