9.542847856245062   3.735298458426376   4.3963530235098425
11.51972414395776   7.052314371782449   3.335715543058136
13.363687788023263   1.9337139146788684   0.9623688229926713
14.173960952286812   2.9716860604060527   0.9307015633250435
6.691357691042878   2.76404816900617   3.926135372743911
6.3262419048758645   12.601191305998109   2.3543300917820487
4.774866736959588   10.611682121855187   4.656322108093972
5.397185834449252   6.295164878698541   5.828179987320909
4.264310125088934   9.204059984292408   3.6877751358128648
3.712361435101788   3.839694970441909   4.2855370033168665
12.5660163089636   8.372029073053481   3.6179350292388683
6.435931825669574   9.402020664670816   5.162044684195162
3.6668144763399817   5.712361069310334   3.6463439197496297
11.360020730377054   3.2344160554398997   4.824362574627315
5.101687586564193   1.1274892641477132   3.845849284948589
12.335696792593788   9.580340911785404   0.5748817348398665
7.557730574560013   12.24705314802481   5.442715589090627
7.387033310570306   0.0917703678787262   2.850308757861166
8.76423092794448   6.967675753865068   3.1540611928713287
8.669243391923084   9.484009501755601   0.5196685553605743
7.434555555545193   5.066866116150738   5.297007121965531
5.434939928515787   2.3475133869069005   0.8743370421195702
0.48715069725667404   8.606643930775016   2.5614161971849447
10.670605886588874   14.30921176775145   2.2690602160225333
13.443994600169908   14.056578386835419   1.014049674209665
0.0824778529884106   4.123500185922839   3.7942055933292136
10.190255131820214   5.503404657366447   1.9504495996505862
12.867252881570469   6.899075127191948   3.6715537991881173
2.278128773487511   3.9319993388512327   3.0347462779407772
0.29860035963526044   11.385394036295281   0.13729813675944075
7.98691237348927   1.885720452962056   4.1114975061464305
13.708315682244722   9.443990742790936   3.985654728999388
3.9931594974012565   12.99748522425627   1.3897854307752036
1.5980195499547407   2.6817367678783697   6.007093110246425
3.864205581577412   11.791996772884934   5.450473822836028
11.760921650905578   5.243077631324005   4.062892874675791
8.128436848290036   4.237335482513369   1.048723626942937
6.280230189252549   4.728989549576492   5.3664002335113
2.8057300694716605   11.859761410747247   1.2342485436100228
0.0469615033970589   10.30986373881913   4.62350768420257
3.5590987688179054   0.6081300852317719   3.9159136504483842
1.0314205229632538   1.213611441222072   4.313524772872579
10.002221832533547   1.4621888924543491   1.6253693684868538
1.97980882935104   9.525582535461353   4.828271774708664
11.739526653890243   0.32139716759575243   5.161407638288331
12.871321912545744   11.21635620509092   0.3991905539823888
2.6221730284438807   2.004128917973031   4.071539884999749
2.012931544992402   10.703495939122666   0.3288924939076085
13.07149263865563   12.515266227481657   6.266199929486037
3.706600134994032   8.196594124564397   4.906139831235134
3.395587614252582   10.641977794502246   1.2460727413087382
1.488183533275286   12.88615009165574   3.8704472204889
7.714779358219902   7.313655533965429   4.831114794363005
2.0371961678679202   14.242033934717854   4.043284919136807
8.822997822216905   1.1527533942539898   5.7257234024698915
2.920708382135314   7.045391776878379   4.7636707388805455
9.640714791645475   10.477287347386275   2.9664091966268757
0.20609474784953186   12.375916237057186   3.2746579983604667
11.32260567711845   10.392099656739926   0.9206119147122596
5.853406612018606   11.571160546368086   0.5193952399728368
9.627153558933268   12.857147447956713   5.265119437501105
0.3203171655845871   7.4925354240285955   5.679153686339947
3.250392080763454   13.92490197025415   5.489180859029883
5.928472770059818   13.962421678204494   3.516955643868826
