12.626010564081524   2.3357582125944703   3.7040657447564773
13.573026736547575   7.0311827361198365   2.811989059614156
8.97170324845357   4.957140844818275   1.6171327329580667
2.630989854595966   9.56322461399383   0.352742928794052
4.917290327713457   6.770421747380774   3.8785369261292333
8.548271274019196   13.149954217908215   3.353954099074096
4.146002508031129   12.262736274852134   5.514907923609522
5.063356399570384   2.022921211141224   3.918154359610647
6.271742238942803   7.33615219975987   3.419030887754038
3.3384955708262436   2.4871933810198   4.950020138684997
10.696379090586017   1.4054161250067903   4.780410803441221
7.330733023272556   6.480208754771756   4.1168030723310345
1.8172612885615522   6.9369900954757835   3.953628528277168
12.30477255129183   5.999659538888757   4.294245491289455
8.436203987609868   14.331934133025547   4.457958374792889
8.988405809669278   11.908139312415392   0.5885896745516596
13.496324974653872   11.743025159753975   4.764381235558398
7.3019003645693905   12.781046574628462   1.9159773029716178
12.705459927306528   7.708686134055172   4.342823129132451
9.356059883155822   9.409718635445923   3.455634924812891
10.174942758766022   4.58054935688513   2.672972060790174
4.3933491417626085   5.791938160242785   0.535018855031504
3.343851108434509   7.226988330189926   3.8204006140272093
9.45275565696356   0.1311253122369772   1.3999849061662162
10.590118931600044   13.705513411435376   0.6169103805448104
0.6906558535547251   6.651785707028648   3.027911050964131
5.604634439654287   0.8291592998404831   1.8342671373798616
10.688066083267012   5.955638807803391   3.7800638726755613
14.234209349530515   3.1884916853290117   2.37863485023931
0.805040073558136   13.419608413764822   0.11365072191578116
7.442993574300096   4.942542938183671   5.032299370809001
14.24829705688983   9.775569268826828   5.541041218222945
7.2587325227657145   11.24283529045661   5.004210103062027
5.563035745677391   5.889269458591635   0.3515425871964746
7.920874860068915   8.522331990243043   1.8419166643663025
0.6778962403849781   4.1235867534067605   4.520174413641524
6.438409819849129   4.172357532515804   3.274641242335169
5.539860112983235   9.820815640091734   5.321901126572943
4.138785106357979   14.23015774190172   1.7989327936107284
3.3952690816343662   8.774350452873218   5.415707227240305
2.4813912943632084   4.257782773322717   3.666288583305964
1.9853262481669782   2.9006658720175054   4.460796836220878
8.337708491889904   3.1826267355635767   0.5855713019116543
13.43237851662881   10.419406435764285   2.6495105481675787
12.154593511239655   11.680131745587166   5.480611760378748
14.341543925468494   7.940373336340036   1.816296000268759
2.210421856152947   5.794254440482376   3.7746954245394932
6.774270079011389   14.41292327974954   0.5366514685366567
11.73648438769347   13.168758783277314   0.8804647959954375
1.4249145637646774   9.341769926418717   3.8865010948082923
3.4254973679528997   11.09829188887394   0.1464196960731875
1.670229226900728   12.000809327376903   3.0400151314035613
9.709319645717205   7.863807140596132   5.440603904483339
1.4945389527364128   0.4842892599560952   3.4738907434670097
12.657028136171808   0.8159455324553632   6.136863223117969
12.056797494163606   4.345378829062489   3.4054959826472833
7.961021548675641   9.623576765769203   2.2011891046896364
0.8504496950326978   10.668422176751735   2.8492765464480914
7.9919132454659545   1.8986426691740146   2.118363945963269
4.534348883745681   8.799384055221529   5.661993688266255
6.502280736229536   12.02048038628798   4.288911238783979
11.702970231359243   7.171441575006401   5.347068829295373
2.3855618400677363   14.316130752361154   0.11370494832014952
5.474965764979832   11.253014215144457   2.7471880770437807
