5.246279368515042   2.6583012261507695   6.170644979601676
0.9591032412928936   9.581429085717849   4.0268284894850375
13.49895223354674   13.892570388040522   4.974000719505201
10.568200152335441   4.666775809059544   5.823924591123704
6.125603618160001   1.4188988355080738   3.009213858805935
5.263563808225724   12.024286337932212   3.846143813663966
7.298366558230591   3.4399675895722592   4.107406099153583
4.6382965825309155   1.7810023139241267   1.421385045529658
8.898926400815961   11.134053207484945   2.58320324798659
6.184332865888229   4.16373749725725   2.3622835939759983
0.540811446919027   7.306617163700289   4.151571775386199
3.899480431288345   12.2443029616255   4.73716117825459
5.160219815058233   6.799749112782759   2.7749442426859092
14.199339790576225   0.7744171412472494   2.5985031777090684
8.065683901226034   14.24349197222031   3.4834292265838793
11.753107674652098   8.883995988929975   5.930936714139319
4.864387992181627   10.508415176898556   4.229414367267698
10.193010150618685   11.156866279450565   1.5993255424863888
10.763452472944785   6.556629288966277   3.1936815061261106
2.96993568466428   5.166783005142173   6.143378261236756
6.981554183908646   7.612309239255846   3.9454661947632643
6.7524613082476925   2.4215564306595   3.1674374543912123
5.217473440027353   0.29131347435817523   3.5672230408007333
11.238643742370265   10.20509611151267   1.2131508336613923
11.419863985587568   3.5128219678230876   2.3077853913622968
11.828188400027482   4.523384121473046   0.5256310171325032
8.67521677137034   5.0520352511883955   1.8375538199703696
2.607929312385009   3.523935319409035   5.886322082872023
13.745356405970815   2.1689640104757624   0.5547894461048803
2.8487329870682787   12.122113867699088   4.794040613343507
9.896920239424949   5.834280675724293   4.604486923940284
3.806326372349099   6.071398501978022   4.428458032764204
1.821664371040482   12.192673171211247   4.603275649353292
3.823322347944058   3.608085039271898   5.546698094478737
2.4490652108941853   9.826913678472732   0.4852974294855035
9.736215780404759   2.700956321913446   4.781082985578079
8.452209623570207   1.1547404686265508   5.40701792237568
4.944516585168675   4.670652764963437   3.177031578143538
7.106030244140884   0.34936636203294624   1.8049936769343602
0.7438881746767616   12.379253651124332   1.4865325752935468
13.279429500563412   4.263102322094559   3.932117140536576
9.159203012562338   14.35828955413138   2.185348140728848
11.327787401509458   0.1179082617130861   1.4428315071423714
12.732640119242019   9.57049221301844   5.046046583884591
11.80070053450983   11.25243186596225   0.24689977706909988
14.237424123665644   10.482929971254151   1.3183416382758972
3.730617548716046   13.302920348749982   5.7309111950099805
13.245901227460257   8.527439868406308   0.4514999780810909
0.42970409585509445   13.805177557666134   0.6078654113160176
6.782481046579916   11.955522752879856   3.3350006158186365
3.9072713112664235   8.880971071573851   3.848948658855747
1.2880930099696546   0.13677122954403792   2.6882925858538433
7.9397399870579655   5.919720488544594   2.845252156755656
1.2358343601476784   1.857208628204124   1.6181141443157228
11.81810011111351   7.556481421756131   5.880768998350709
7.622623016451568   9.097522570447467   4.3781557782755165
5.385988067289466   7.982487091076071   1.895183348609889
2.264932376074402   1.7018243279402112   1.7067939449934084
5.0327107685211505   5.771600140978462   1.2869882987067256
9.251295557937224   9.894822569994092   1.648564515377054
8.27321227638931   8.188260608656728   5.7423169329031545
13.586528926349441   6.285146072512841   3.4410692334806123
2.078478655542698   11.093827194538754   2.231747687850831
12.120013221993501   1.2339689346227987   5.318991427948519
