8.760610842002963   13.835180515885709   1.2115874304245537
12.029596473222538   1.6056152448322487   0.865763664582936
13.207513707627767   1.7898945853160604   1.1495181333086015
0.09058149952471414   14.26088850424825   6.0657899136124875
6.5474430545778   4.503793237016268   0.430166574781351
7.522900990206512   0.2402092802460004   1.1700790286148008
0.407020603871611   0.8984829871225032   2.7153303237352517
14.052503329224805   7.317398638568419   5.355575312863593
8.139613565644428   8.006727970696408   0.9306749472949355
7.3324510165709915   13.145125394019649   0.44942244298986855
13.060868335007845   5.892755077605014   4.839240603892654
7.684617836012208   2.1190624987257247   0.8279934442708509
5.776876588437156   10.843145060483565   2.6496682522624773
13.744926865721972   10.145099306226944   5.668518078559186
7.010029906647805   11.710479287268367   3.3092943179318355
1.9247544280170092   12.192273960357078   1.6138892824712199
13.55139572163675   12.48130963319736   2.703927377556842
3.3671112361010334   0.5122456093251979   4.176988934858546
0.7621140040913115   2.9617848498453023   4.140400779400085
11.19154787350946   4.308933813580414   2.328911579402154
5.008762740824039   3.198784105402947   4.118105671888726
13.103940036815327   4.361562614303521   5.038043366565755
0.42920155791656384   9.469254841643828   3.4741263397982687
11.99541162244842   3.195929228697671   2.5594493206303413
8.9897385984797   2.000671595412773   0.8613991465693475
11.245064895727086   13.3400362528764   5.617580538668929
1.4788641145848622   0.10950619021150212   6.039316785932103
12.93443006981521   9.338253668463617   5.628160536897064
9.094161093870806   12.594124750122537   2.416140577911945
0.5176139502282331   12.512313083396117   4.615799196673592
4.06917063937171   8.500614105633469   5.910490352048356
11.843181786948904   11.304892664226895   4.272242763409174
3.6080559413556683   1.9157489709880045   4.309427667053085
2.8966776420136813   8.650466205176997   0.4916731681242806
4.734155308114638   0.5723296237949499   6.007148498792392
12.523513380480578   7.635596207409216   3.994431213897856
13.234643592750421   0.3329644856914453   1.294760891979285
9.334238323086637   4.479529047437334   5.641803888715924
7.600435253585133   6.149655996391727   5.171755516879845
10.969398455705242   11.951775145947543   4.869576877462331
9.807263159303726   5.728656652410936   5.215200693043698
14.241273324523071   5.5096668165039215   1.9340740087537667
6.6596469652527714   3.3212133124491148   5.295169231147141
3.2079104082920207   6.8633738948420175   0.4092161575647383
7.702517034893558   10.337063735346394   2.39765749601998
6.544179684998725   7.516349299543117   3.704642799431969
2.4183725051845757   5.945111078634786   0.09845109874257717
6.671141145366044   1.7421303704012732   1.3783112627787368
12.5289026971253   13.320810371363855   1.6606707953790791
3.5755260353950042   11.08313943069576   3.504164596238049
9.606426528845544   11.062378408138906   2.262556568391384
4.348538865949878   12.93367385695143   3.6342482323759597
10.556451621608606   9.81643601031966   4.308231946241225
10.736928730182555   0.2963387642176428   3.6287024116970565
5.988330482505571   12.264623480419601   1.8515499910634532
11.075651066766621   5.849808726610114   0.12341871344819486
7.975376000579959   12.288152273075015   1.006837002233813
8.842166385960269   9.92124447440148   2.687600488896447
1.3529292774993913   1.5678371688653026   3.9703217082842994
9.770659874186473   7.622039196879681   2.929346715970514
1.35298518787404   4.715425810555984   4.529026996892091
12.787421974673434   10.608834849963088   6.026244258416306
1.9263830168001657   11.007664254308965   1.540646023720452
2.931155504666523   12.47193099456159   0.8710246215192575
