12.168211622387336   2.4148087850667137   3.499544791001278
13.655531322500321   6.667878847887913   2.6502215971195717
9.816952825477413   5.5288764569583915   1.163248506112675
3.0584758990584002   10.100860982721109   0.004922992631628362
5.272250118750569   6.752313291048382   3.067292214981524
9.219363584022187   13.240198529796436   3.3426428082723465
4.117460394319078   12.917576246966354   5.505067852212697
5.495739435576716   2.274214842004974   3.9339824793704112
5.37533974142192   7.992279380713843   3.40646087587164
3.046580571642544   2.160000406547124   4.971595975720443
11.396029865160681   1.4379596133863801   4.036743373837501
7.544991149994947   5.716217964768159   3.591968189267363
2.1223222712736423   7.380382391189987   3.882410420018357
12.381178839995687   6.483973012492418   4.227858242728961
9.054563343418694   0.14718487084457688   4.597027749943844
9.61478372409787   11.730895531397632   6.1911058100600975
12.47612133797415   13.114077732096057   4.622485427316961
7.707069158638129   13.275697486483974   2.288059876891907
12.426756035405582   8.007872416311645   4.281307992898669
9.469321461647851   9.364259326822358   3.4469325291077197
10.190403544756323   3.305297715018005   2.737889424615238
3.479220192149867   3.9737029089821605   0.18540549390097208
3.3532714743785874   6.606300789784861   4.693714775377817
10.372233844882164   0.6217744038106188   1.5073840510534264
10.444174433835986   13.145991822015434   0.5933140514992601
0.5062875286329415   7.849105595790533   2.851519975498312
5.431621461938846   0.8162869962073025   1.168989455234736
11.122430302339431   5.337297039649322   4.676619901469767
13.738942722846916   2.7488425919042614   2.3375191920080067
14.018130844081648   13.875254202440562   5.818278369447233
7.168895452929131   3.972554687739718   4.395461157689651
0.6707857122035613   9.139834743793848   5.730453612109142
7.408825692065042   11.996399843989503   5.074677878031796
6.098302901928343   6.117671079782002   6.20526449488888
8.524099851441287   8.42856067265335   1.8243502803602454
1.1017982428494877   3.0782403933843066   4.583910758985777
6.696535090271817   2.3316490014105056   2.92152924446572
6.382256990690573   9.49860117714858   5.70281025843242
4.222514786983216   14.313006519251067   1.7505787347551804
3.7661479077243283   8.88947957234871   4.881318782704691
2.173406471283589   4.469717787335745   3.5612464296820217
2.2806501857348316   2.941118541058174   4.8083490856251325
8.409214621872362   2.6582829289554564   0.7576864022073665
12.674763994397628   9.067452314874043   2.496046223134736
11.815336343196638   10.41326948927715   6.055916883592431
13.848392578386802   7.892706482597417   2.2112819443547225
2.190087115419663   5.574549558797079   4.723670932264271
6.314545664290752   13.587101573102235   0.7820462811423166
13.494574186227844   0.6566573705947415   0.962064097371815
0.25604550180311936   10.48419418673403   4.020357366380411
3.8316117496433595   11.006886576001243   0.003097131812002385
2.698845406880084   11.935572847971779   3.276321733019864
9.297581517509345   7.738441566090207   5.508366161552525
1.2079064963643762   0.6201614047590228   3.1467650670103304
12.060936137284372   0.3301224806211742   5.871069607101541
12.038177016745545   4.134279522249643   2.9699715164414036
7.68110219322813   9.646976136987345   2.554581025589033
13.659240266396736   10.064383847596648   2.7133752629984014
7.678062696901313   1.6158296382208728   1.7256674157749123
5.075682618553121   9.117794020687642   5.351006753045647
6.356271462644278   12.248659850028083   4.065426413065751
11.110484703496654   7.004481382577658   5.587041019679913
2.1374722034171194   14.16655397948732   6.266999260907844
4.943374090997703   11.309803052545146   2.930955409841663
