7.934249254167195   5.331721602363473   4.208086827436729
14.403613173648852   7.204763433033494   3.882990995351541
11.726381846355391   3.719527998571867   5.251080702778704
12.360016090694904   2.794169761303538   0.9550160813465847
6.07077551867447   5.3984697346341095   2.9460325393999116
5.861870223258923   13.549902891730436   2.924982636875772
3.2298035674047862   12.18572473235702   3.5515057300443704
4.426293014164731   3.096112894552365   5.403588496298282
6.041445958375676   10.06652752230307   2.830207735311684
3.310663620043761   5.349540875963228   2.7806483016565107
11.329360222542448   9.475214853398645   2.4268420287546557
3.5392593871821014   11.201747545238353   4.378753501541077
4.034029663199905   7.462289112398328   3.836555252052415
12.226201323304007   0.26802270211394175   4.686162930722518
3.318635749091431   0.1795127597708841   4.660071004026833
12.611484422546066   10.294290067864113   1.9464579994421785
9.051957918114073   8.920107184512172   5.371316202769728
9.106255216873269   14.12138344004953   3.804791596431564
10.40845459829953   8.362465787995983   4.202137491847844
5.843358275050771   6.913271750605816   0.6273565212075414
9.454128454023808   5.501489363091042   1.3985930115556064
8.076307168013381   1.7502462034857866   1.9951299840822958
3.135314584067971   6.667663294519259   2.614849922554515
12.55238266623358   12.686080394290023   0.7652105575024856
11.071480159969628   0.6276377979983137   1.652293891723713
13.20219684468333   6.013480519456451   5.158946972183481
11.003271957942719   5.7186901594225645   1.1473232917605487
1.0070570780870296   6.7867015830104735   4.617393500319947
1.8009580102438465   4.242110124950751   3.876423897469439
0.8514518541196963   12.181081717865462   0.42718555253893287
6.667871326664991   2.816936557694776   4.566645502044148
0.857464976327321   7.942515057607423   3.5275739854242785
0.09467577945213357   13.194442936573385   0.483048329372052
14.00673742423037   4.2716618410372185   1.0095313215501165
1.164977934356505   10.49405658896766   0.8247041902880538
9.923331835608586   2.31565791053207   3.656538376473804
8.994177992291537   3.770113272872264   1.1741263748889985
4.929634318669039   5.554530274129483   0.10638420263839077
4.396802701704787   14.383180315185362   2.070230454884012
13.703393091329902   9.730351714206424   3.919387529352712
3.5665710684834595   4.212183016951667   3.6257453969392155
0.9879804870666821   2.8143436201335765   4.3088253085976636
8.728048282725505   0.8760096282839938   0.9937042041606831
1.4399398647741408   8.987144174185437   4.348739772959857
13.860120891290704   0.22476850159703624   4.715462863821327
11.177011683339865   12.467907388967744   0.6814465013989934
3.1051437089228   1.5477539538444596   4.124126481076869
3.153124525235475   10.1365717599845   0.12830573077132573
13.814942867155777   12.06753252311394   0.21813297564990927
4.558573599251838   8.764524599143737   4.034876949481709
4.255594054267736   10.223088578048756   2.84740984130391
1.8008922850687321   12.774104744502143   3.256412453905133
6.5579119499469725   8.948242111371767   3.580770596816267
0.06592914942839911   1.919528488988696   2.5974963164764517
9.97168344043937   12.153966974019657   4.5711782468062045
2.67362532401868   8.07875217009378   5.116799563586785
7.954850363298219   8.509336072770786   2.364325455339112
2.6828058191376436   3.146698813004966   2.6793536227817762
10.220458397787212   10.967724860781392   2.0251408619488824
6.874116981052167   13.081097320100325   0.24256472001901003
8.67922731093664   13.025985504688212   5.90146662779051
12.162696844036422   6.791400008906424   5.888578670193045
3.301219884578802   13.38171854917187   5.386569167234445
1.7258230180681873   1.1239722044273006   3.044166396369464
