11.448111259404545   5.057076075173801   3.693369494148329
9.697451053000004   8.938730114806145   3.139347459352831
10.650260966916202   3.106155649479236   0.8885622609704384
2.685813006438205   5.118527147623176   0.8230889975383224
5.488679344523737   2.5464726649026876   5.522120578668245
7.650040220587128   14.12104635310109   2.359506960299604
4.337214703021397   12.60247214994853   3.5978152891684263
3.7919368958907542   8.161459537435377   5.057031888553391
5.462222268863035   9.937962021278466   4.494510750049573
4.2849076808933795   2.683226016474956   4.412422922874859
12.026838624005375   10.265360182315504   3.308963051671623
5.317859756939569   6.831731590587578   4.739379813057538
3.898686499366423   6.690200299141557   3.6735076404706266
11.409459808092638   2.0748082900964318   5.8554447198340025
6.083815769095689   0.9684888116219398   3.434876260759967
10.608043506763769   10.539155923019358   0.28328069386032095
9.118904470432811   14.227645048598188   5.3143134302451
8.316079481065351   0.6242453086870099   2.995937890416763
7.455154297921836   8.448824444963662   4.294750235936373
8.746143748173816   11.556134024574758   1.4888019496849094
6.43706153155645   6.79588862977776   4.0426633604110265
2.9183778026370324   4.068155222410876   5.770399356010914
12.946977826079461   9.160300630876943   2.5834783159266848
10.251480405193949   0.4739264695831945   2.171774843821991
0.11461793109144836   13.979932728897376   1.225031217783016
11.836591705981462   3.4661771424897325   5.09879420534208
9.466168427459033   3.84064525772452   0.5778167170185989
12.012999155542829   6.290242016671558   3.91309515842669
0.005113866265978428   6.851264714493395   2.4540405844779274
14.37278299425971   10.369584959502276   0.732070125212759
7.832592824742762   3.953884495441211   5.426707806515774
0.02447973774841128   8.737002626123633   3.5607082726468633
4.958968874852031   14.079454424024794   0.6541708208856399
3.8554618362143223   1.5552233131360973   1.2819350217358327
7.645526793393017   12.411382234864085   4.519582486834357
0.9995326444757568   5.053112377192522   4.2562033396315
8.425041071747774   6.0934861794529995   1.2730596530056388
4.6708731821250495   4.824841900053539   3.2058731760249746
3.045844697044708   13.80520603042034   1.3908714392755779
1.179544050109393   8.569186121825187   4.367934932088411
1.7345675346376725   2.8712377783855283   3.4454629712871636
12.813668449114733   2.7296342650694703   3.795660537788625
9.779247902455312   2.0030405908099227   0.755059778940793
2.5045798163574173   10.379462346077926   4.720579759850727
13.11393884434835   13.101782937794692   5.123678914268321
13.492215848450403   11.047450704495269   5.920941451412173
13.188420871333951   0.6966060394316619   2.757248045195845
2.228584808747481   12.270808173565182   1.3790477384078343
12.011984363639762   12.937799809872685   0.1831068301071288
3.902265251103106   10.28460536367679   4.612054167272864
3.8356101022834856   11.50971909760252   5.647921960793338
0.3250941186514779   12.872839703449465   2.2323097217667742
8.541672589458011   7.177941196952633   5.63131362640926
1.4097000083746045   0.6665594275253052   3.0680324629030298
10.112884225985345   13.437056773047033   5.818132028215752
1.7803520457927378   6.290378592195806   5.035784744133516
7.148523983332217   10.366967575802972   3.127923788162613
1.0200412460387887   12.03392878932464   3.3366612042729966
11.477227510632398   11.445871738368794   1.0033345404702139
4.998555465115208   11.385543593648837   0.40467815255269807
9.807375770746766   12.295099884373439   5.477117968223091
12.164201330333595   8.085493897674525   4.708741404073989
2.821965567549091   0.5540211063576629   0.009139502755568518
6.717639376118609   13.654230529215965   3.612990040085605
