6.938385874096698   13.35643520783472   1.0457738840670137
10.92475497760789   0.4667131955122162   6.276892256863644
12.643896380721635   10.787085971188112   4.064039324477714
3.4466940784472118   4.234029146006196   5.587586781029584
10.787438891624594   2.5150249541704297   2.7431032446020405
3.9585783010974502   13.826379845554728   1.3727093411058775
4.897740877188868   12.359290704644811   3.073317112678071
3.1431174045278794   6.397361360286343   5.487296978833546
0.536318863352384   11.852821377846414   0.12640771333141687
8.996038003792128   8.006754886821595   2.5475332218805264
1.009171699484076   10.82452012798404   0.076580895927476
1.44536185116442   1.0117134287251126   3.282203577376144
5.499935345893429   5.859436689994811   0.2719074227673912
3.1103320236339522   10.638236088552679   5.28778855001688
0.7441393492593338   14.083387199440185   1.0175497020844446
4.389851555998212   11.21504285156849   1.030811645875024
4.285456773551427   1.246632974419526   5.678454907622101
10.796898964047347   12.188374082256376   2.2780721714399657
1.558406057005738   6.231186707373545   1.3529427464749655
2.1729933233438894   9.649781653612362   3.5153616812852406
9.040083179541703   0.32059400478676836   0.4216638974153918
14.31641614237604   8.96312639478155   2.8411100059248673
14.380811918980822   6.299780911440924   5.406115064359824
9.705384045850156   8.943118223815485   4.968187850300919
0.9897599267880716   4.648186179601391   2.1446739068781135
11.435123846659483   6.07757088411629   2.9406235791475592
9.79647725132063   5.176683486139615   1.216206764364704
1.0169329701161427   9.460477416665997   2.4828772667258834
12.078837241930442   1.6446347943541242   2.6420264993343188
2.9754450807660087   1.6375424387690822   1.704831286546443
2.0421800318110868   11.896809521122574   4.5011593878000795
0.928157444194571   8.205622951342157   2.8602417973999796
7.834223525124969   12.423517043104914   4.854124618543497
2.3032797127700277   8.024937847511183   5.846875822097005
5.968923450800163   12.353373530158024   1.8464053764679447
14.34809936002848   7.602765923990634   4.141235613138449
5.093800257420288   0.2739304465821867   2.6263240839938615
3.2326964280172437   12.434177032739756   3.436312088891808
14.207215018279616   10.983537935353203   2.5527514621879575
6.420162800237872   8.5058171148504   3.396417342782279
14.383556705761535   3.6049257415577323   1.8016365031906831
7.613359198058598   0.5222867053343282   2.1573138865153147
13.204856668131583   12.180853608164442   1.3891690962592134
1.6316157031030973   2.1958713593880614   1.998980884429465
9.400512207988003   12.439375068108802   1.0010428673521305
5.2988912976014575   3.3134033047661235   3.3519861099708046
12.437583179554073   5.811287512922954   2.3101834709622366
11.571468786070563   10.403815452335664   1.0842499176529907
2.7467329440759225   0.2720877607357916   6.176837515853927
6.575974532081039   9.828958756601228   1.7388446479318653
7.5048933441085595   8.484582778260592   5.668749148031005
14.292631105804423   12.929513790286634   5.413786763622674
12.828704027804864   3.1393531076894168   3.876006403500349
8.101014894979658   1.8819835648570002   0.265894395210954
5.705799965038194   10.759949924892437   2.647074873009738
3.7830786241549355   9.020928031584354   0.7725833252271161
8.123936915295602   10.558265535307507   1.8033107396174994
13.794579280621974   14.34776545263874   5.3400094320318265
1.544001268623885   12.976177495071795   4.642082774771227
5.529218295946515   9.115105602298621   2.487131225546112
0.3912807615143575   2.131119933005821   3.549824034107558
9.478553116613488   1.8981927229953046   3.2830924826361425
13.153440126944616   13.442040937975992   1.5439211918063258
9.996423871271954   3.3676619418866895   5.082207579048968
