1.4169735086461634   4.9129135254076095   0.8778583784777108
8.138605271455438   6.671831553973615   1.1130874602069374
5.743849524578847   9.423839474832892   1.3705254020820434
6.81436711361793   13.723912990117608   0.6471258074616721
10.952070300572629   4.401943849730853   2.94261209455168
0.5265990592100189   10.70078938887122   1.4575331816578827
9.885547942171076   8.461991426925902   3.2685835211113616
5.7995389548821255   7.172519683638688   2.480319057236313
2.722082087421946   9.393619974729932   0.918987833733904
9.506030572003462   4.001112302437332   4.933978818606929
5.170871625046832   8.448112681415926   3.557438608948586
11.367840392407436   9.066692813830448   4.658665048718501
4.345641522051633   0.0572762348427176   5.863861470160867
6.175759839153085   3.2452445032173896   4.94443103312327
12.795014839749737   11.224831654655121   2.644047219524339
8.783384013255862   7.651919340206554   2.5205997864685497
6.794834227334017   10.401917434896365   0.2406700260230531
2.155904921823968   11.581588782936214   3.7184602940333695
1.709248292208207   1.5234313947225657   5.506398369358175
14.15787743655227   11.376696658623333   2.4437718499426664
12.541695445855463   0.10026472071539416   1.790134359130005
0.13375984691324938   9.009581998319616   2.8943468594643162
0.7097671026403279   8.054445543214147   1.2987360782228046
1.374113459325037   6.521882465093905   4.56210051670609
8.043158091907321   0.5874933575898638   2.3238594407274773
9.398977778649364   12.281336718778126   3.0199080777541916
5.253876367933696   12.220956348339293   3.8877058771717112
7.913713289607317   3.895705994104327   0.34244349539590846
12.896950865834198   3.3911966739745427   0.27209288744684584
8.323395987610326   11.632696902779665   1.2432989869965703
10.870081785091433   7.181575490452354   2.8938117585532352
9.147389627863518   5.785842656555902   6.256546339145319
13.178749176042814   7.606257046017241   4.211670505685426
2.9452085489879885   1.9080713227644417   2.34255022788919
3.9506036011228014   13.067311635007313   0.15593867795284416
12.959193435184567   12.299345543671944   5.307326781117873
12.818615921892654   9.73509686019843   4.560035046762706
7.189236126991872   1.5676595264508535   2.9499181115834965
10.94341741345259   5.865028971217991   4.231208994855849
11.504285604062394   2.9479980770558916   1.767652581939389
10.731015026886896   1.489960398715017   1.075980944364924
10.769453814246813   11.134812448279169   0.7381882542441645
0.23029866510312558   14.149072546778301   5.577563667127267
0.47226835345612983   1.011860379758565   5.132615316511457
1.630609882179228   10.214794636044838   2.076128156350349
14.345368906960196   4.661602386451871   5.954109218623133
8.559932583667564   13.098161357275341   4.210504421154527
4.518796703130718   3.347917431845967   0.2734695798349107
3.2656002609472745   10.483410098013149   1.8613690506181721
4.336468803586641   7.5706901844951044   1.9769637296829552
7.645803261654761   8.944261147541454   6.001897220044482
9.404730388338539   10.810182805245223   0.9666299181334199
4.580246593048914   6.072220585085602   0.007818114896658734
3.409467683429752   6.603864472714676   0.2525347707210074
6.216575402644695   0.384268650059485   2.7279379052104753
9.311926678846888   9.407592335206225   0.7162971306064767
7.680693222158219   5.53307585670773   1.9886372842290545
6.015514644453935   11.135947903154525   0.9180690202870913
5.261901876346844   2.472905373038058   4.973921856850639
3.167683244769843   8.17431995631299   1.6797874305043916
5.12025142143465   1.3275336283105443   1.3018959506393937
9.064473817268922   1.5854628185500048   0.4028604061384454
6.387513815054875   4.889652346068059   0.0125534277876298
2.1600121551818066   3.451481375036523   1.2747604784321016
