4.0939621213738615   6.765524869851192   0.20400496208170424
1.821545885084198   9.44694490240981   0.6553750467357291
12.49000239604704   9.010567305354725   4.666254812864523
7.047028441885867   7.006412371339422   4.280896204872115
6.909856806259057   2.9834423093908096   4.071082926791366
2.290082614045732   0.7585426689523709   5.816042274142712
0.8812121277332398   4.050385430990827   4.091039242904714
6.879610376149675   5.265093132347628   0.3255663499287803
2.7255006440847733   11.114538793198937   0.2049617364031842
6.439761368782564   8.310053907042663   2.8111423580805024
4.6535710150811935   13.298325855446038   1.8519896785149983
10.940547708041697   2.5777424652740097   2.252320097664566
3.990103377300406   11.298937233478338   0.313674824477131
4.961581876147906   1.5853436395540057   5.309185620331747
13.55046177271927   12.10943693995115   5.556745363107499
10.535173350499015   8.908259048132138   4.1370519167652935
3.1386209291554907   14.060915202608976   0.3332209396615653
5.533467654943623   12.245577858128138   0.6439013608226956
1.278729056447684   5.301829894905445   5.7689067523669735
8.379089759710093   1.5019145465988863   5.198403446448172
12.369381716710391   1.3288981045014436   2.33637942128459
11.997512425444452   7.714390081387836   2.1825803900493517
2.333743417464988   3.8141486707512695   3.52742124648818
0.6198159240207323   10.062120829037331   4.856617390930348
12.387101985866996   5.4045193567873016   2.7553137820133666
7.878553795328705   9.204013220719862   2.634476676783916
9.72249776791982   5.723763372754604   5.716162361721219
0.3572984759668054   7.499468365642534   3.9487617083884423
13.750299351001246   1.0313501875927877   1.5725869406878943
12.243342861391293   13.846639702017434   1.6365848835126684
14.31847688761712   8.723758631914306   5.861933208104447
12.015531794214667   11.605832108736987   2.2680485287000858
8.54434781633129   11.327210681885896   0.5644793473046581
5.160370298384212   3.50129497222923   0.04304800406141662
8.270655895624948   13.159317546562583   4.0139344816374205
14.330922712038712   6.417098286864788   4.762765239999682
1.9799248426692837   2.591656069229562   4.155447383675575
6.2174438846556095   10.71903852041363   4.0064153000617
3.182399493149121   7.646468043009814   2.4506726621909776
11.526502844817681   6.498928346331994   2.347467218262791
9.466358718442336   4.413930099222977   1.3800108194101588
10.296228273789929   0.4523601292097438   4.354911471072034
12.204522982766258   12.808420748891804   1.0623057254536916
5.031008318309866   5.071498574790968   0.9858528420162707
10.17431272638307   13.847089433009176   5.322805788583135
2.6589843101766064   5.079428528260692   2.9048399731247767
6.077271773109812   4.083987307283803   2.058057829320621
9.839464207057212   11.85904372419215   1.7040804108396121
2.1413027519420114   13.376283124380222   2.5663116507720893
7.605088797993671   10.706141610502   1.7806754139302197
10.791508576947367   5.345740976416559   1.7380241732003625
13.280394530166632   13.145125408654238   5.709083613473018
11.151729769547257   3.7086202356203413   3.671591340616315
8.926277600716233   3.0970247732238088   1.165575769262139
9.309186387236984   12.908266214122772   0.48247368340194235
8.363355708017787   6.6514349811191   2.300201255921679
9.416648415396796   9.323810907948875   0.31550234542595695
11.192284066596141   13.466050926063778   0.2845596508435748
3.2127609420934036   2.8349166130842542   2.817608676782831
2.036153297870752   12.24009980634025   1.971069775207917
13.884238495726613   14.06508097556493   1.328362379696939
10.02446274640541   2.037649179134884   0.8101536330374929
9.143256242667295   0.5106030133958065   2.640276074745122
7.093086364540146   12.638270653079239   2.7569012884021324
