5.784674970093896   8.487977330432091   0.8833739887227325
0.5758506197978953   7.743198946907393   6.116340486639959
0.299473505364521   10.993010040610477   5.577984007981427
6.566069075824124   6.997017413812916   4.453864600622898
6.742949810558645   3.202584883063655   4.338942422715036
0.6065090533357936   0.7395090284028977   5.435465205353991
14.128891181984313   5.0423148053970275   3.9851002729116995
6.9221362032769065   5.194400860863937   0.537140061581598
2.410910239806381   12.314556016055558   5.529439443445639
7.741273826280163   8.359796023527798   2.586109066762333
5.998094389017936   1.7304146400137093   1.877921535798816
11.07110960218669   2.3583204065331413   2.1866882404377126
5.532416722058913   13.54277321336569   0.1842156454878811
4.56929682610635   1.9938816908775148   5.162437970873113
1.2181762995446317   12.05548554495125   5.85580730951744
10.492452471400222   9.012100984447983   4.4987054459956175
2.210925847275523   14.342676351614218   1.1142908778824145
4.185333392973014   0.18446557570014122   6.0824413870086715
0.7969293552066196   6.609299866114475   6.2744551148667735
7.257632561060703   2.165505557265252   5.432226695127003
11.310496856785113   0.4498021962494235   2.4502380661098178
13.910839588097643   8.641891767853098   2.18997274616459
1.8771236474751336   2.8610549050020424   2.8725060141448004
1.1339300588888235   8.63458674769392   4.795614778230834
12.297866282663534   2.625239093681658   0.8254941328342156
9.776369906575685   8.116040835748406   2.34786920726047
9.582468701582497   6.623908831489708   6.257514389955462
12.154283664819195   4.596058898743069   3.655091865593427
13.30838365007242   1.5159281208238709   0.5000173095799175
11.848837653946187   13.426406064358796   1.2782960151246443
12.803004774412479   7.1665152812164985   0.0594696801380315
11.671609087938752   10.060588221001456   2.494754837771037
6.918583475477021   11.581836888847649   0.19094675670849176
3.333121343806632   3.1523610759272254   0.5020101324652482
8.394086559894664   12.79779710992212   4.326175804065147
13.169094695504501   5.998196863643239   3.811912217003508
14.133794314820465   2.950950157701011   3.0396273555038946
5.3365606118960125   12.044408424985557   3.433853878162384
5.064280540361442   7.633568982076554   1.937280961894256
11.81429886769267   8.184546054563539   1.4757681122174602
9.734687492269835   3.248846368537287   1.6351996390008425
9.06418637919726   13.67575701593889   3.9587479395439438
10.221172004858118   11.043859233039582   2.118291229218997
3.8705598479551546   5.9503931558486345   5.349487717327445
11.686814986656527   12.11492906366429   4.409342828602188
3.341079828385157   4.3379207722826925   2.890784868329121
5.863379335087309   5.465677128250779   1.8396783773366814
9.699773047530629   10.025114286661971   2.0960387665344737
14.392742661783867   13.3299717829969   2.166277021784469
6.973427158676391   9.960778716436089   1.7392433779834477
11.719246130105528   6.954734836120225   2.164021970081782
13.73656177266769   0.31092663585637936   5.560533178087511
13.058448938698218   3.3960204069953344   4.123224291852384
7.915322434359778   4.441546935307666   2.2300558524613123
6.547744302264269   12.90678788937885   1.6645274110408481
8.319095610610837   6.70038182072771   2.67887753148442
10.615459941449053   7.167977782194107   0.9712967732924731
9.413547682584815   12.183718658839432   0.8538315717351562
3.569627385006552   1.080960432732896   3.4198576103079454
3.254720668389626   11.408687844773612   2.879072758935413
12.753292377907112   12.17384966597548   1.3971026073699033
8.291080585473958   2.5164173136990553   0.4406099662750052
9.510315864829405   0.7274872539501004   2.426990207899381
5.4462861660831585   0.5116376321692078   3.033780312625418
