0.08021898603718647   5.978727519329154   0.10264072971198933
7.637167312583709   6.774279720649624   0.8619309847312376
5.34472649034517   9.562572042623174   0.7728339002655896
6.428736011781687   0.44829971168389793   0.7497200153646304
12.157809392860973   3.67187656579338   3.0553154065041994
13.936619794023558   10.411929970611633   1.0497303048495108
11.303853997314528   9.23942404319931   2.887991988622603
5.8264001513703425   5.401827329316818   2.49776081709286
4.085824304271121   11.412313495759971   0.3777888803643923
10.981192957746167   5.688651745021379   4.922506801464629
6.790823998314918   7.6875677854371025   2.7550963343240493
13.05871168733933   9.241165016902396   4.4686334582245815
3.774865018654674   13.332981130370923   5.332469480829001
5.107904686439871   4.049490351859034   5.506414064519702
12.940678128627539   12.005216051216745   2.032268259476634
10.403706568908772   7.345234121911886   2.9888772299031374
7.0937655564661455   9.80098258066079   1.0209080675127167
1.2054950500863009   13.674093696104375   3.344204343355665
3.0505487927173345   0.8975940101239118   6.0228879082717945
14.10940405190181   12.071612534833518   1.7359776102579008
12.479326533551257   14.085166528841455   1.1708688786893107
1.0875406681934618   9.521248303011335   2.133454441583714
0.8126088039393966   8.444037556363254   0.01747337363726409
1.124733597029669   7.326370826458023   4.864167626749066
7.734666485556372   2.035685506270682   2.081739291930016
10.135348116107163   12.308301507456074   3.5410702532271987
5.847945720903039   11.277495382206373   4.223898019205612
7.754590574765781   3.912145824536508   0.6897984687281744
13.877640812236743   3.9743212876364282   5.178343593071126
8.477511846796396   12.904796795406089   0.4211561793868262
11.581244067091681   7.1798638367977325   3.4529560410645135
8.932617006447822   6.946218040225017   0.22570399406202496
13.41336038531717   6.4617829369891595   4.702020582649378
3.1290523523065232   2.0884207263349297   2.8595433144742253
2.5018423771563545   12.87414331288146   6.195041660249775
13.645517108559833   14.113806425324258   5.030235411751611
12.077440918972252   10.291033080319512   4.7786748648925945
5.311018244175597   2.4237120450301255   3.6607310407939972
12.110622580532047   5.669240666360439   3.053597783872268
12.419313508568743   1.58360513647796   1.8209090031291553
10.538359614254835   3.192131523781009   5.836312077358183
10.777156287128786   10.922059184370449   1.4447581408048367
0.15887251319358314   13.576260687613813   5.646928661968696
1.024553107460827   0.3107563446127398   4.842090223516242
1.7219825531154607   10.612110660444278   3.052046869357961
13.338002941317924   5.051327166069998   5.349616102732432
8.7703675274477   0.15920234727156668   3.0515208921506014
4.151017237861862   1.6040886473072116   0.43627066251547886
2.582057469014186   11.711647899138196   1.9599631344841117
6.132523670681865   6.4175765406715195   1.8387483484537233
8.507870095208531   8.317843691405256   4.816570149221365
9.472863645839608   9.133158607623873   0.7321296588412043
4.407121022149417   5.403744420359604   5.9211386852503916
3.016989137722519   6.843307408773766   0.1839096912997792
5.335026310485701   14.132533989745097   2.5749847602318012
9.056518882220825   10.187885004200853   0.007176671106770449
8.220512148724398   5.7698108789301825   2.2459904165149953
7.052793751163539   11.328246692550264   0.6344408659085934
5.137315670437344   1.0256517327570722   4.802156052841237
2.809670354269516   8.190248108542855   0.7622962805238763
4.089121142318376   0.2376974544985888   1.695955589946271
6.686601511428464   1.7706947564134201   0.7688335252136126
6.635673211434815   3.808869053597244   5.2646861581087485
2.3211603019531433   2.9330642006061494   0.7675429032136011
