7.691554151440497   12.417147465582296   0.6213325076193386
8.72216058268779   0.17393133235772712   5.046896470433202
11.561114068622436   10.075091722698861   3.5367490414343505
5.144462317767467   4.370765083153946   5.577532648738888
12.844570901639402   3.0955860623598768   2.7144414322603496
4.346476359219297   0.1272573555976937   2.287793721546811
5.803056808756194   12.329160632077588   2.466982847244483
1.1540461374536717   5.124438521542315   4.5139633359605735
14.03900128502675   13.122658352436448   0.46183245577950405
9.522850673492286   9.507216547739315   3.556844459675731
2.1601265765218827   12.24777249546749   6.252705183867319
2.6051307427801924   2.27912405309677   3.783127045014812
6.377487512871516   6.774874159955394   0.9386690159240068
3.734579318940441   13.355212581747471   0.14128890900922375
13.649665175235137   0.6562584727132084   0.874735354395918
3.426641944931238   10.310268074618552   2.3150405867858654
3.849660612980228   7.647348222370529   5.740219393686249
11.802041636545272   11.87916843204065   0.8568238439565933
4.4990573659364985   5.948314635806027   1.7053537986629077
1.5424651118301722   10.55228637014421   2.2666958193643842
7.064984124490764   14.37346659867554   0.5013836850379666
0.18661272857783368   9.39221265582343   3.9914994194511375
12.404578972405522   5.698353828262012   0.05721308243360693
9.957113055004248   8.180895290988161   4.253090705495821
1.8229607083681798   4.000508159760361   1.1563005046810788
11.048479195570678   8.318779278592421   3.748587553205226
10.502398634968449   6.7199099108451605   2.5131216977968247
12.577897434958553   9.180697283542921   4.668350371755999
14.292210334369797   2.8315835710117314   3.1544894392306744
2.86177768872765   4.711782803297112   0.8728751897708411
4.43053572343064   10.949691693916051   5.024229033375574
1.1938749934598507   8.635538622741347   2.817304518268736
9.335082438213446   12.942635672049859   3.9052775511929667
2.8548167615493916   8.161830482646115   5.07976077618146
7.6797731674664185   10.829920329853838   3.3912842119062927
0.31676494928895366   7.343464237050057   4.326574983281618
5.464213104726098   14.351600170549032   2.592111405595733
4.059474950410078   12.076424993232775   3.679350610030541
14.094432423542194   10.533270263035451   2.972585506036869
8.737237686546694   8.651882588694617   3.262396618814102
12.389157823724695   4.311976240797756   1.2150441825098883
8.4596068714141   2.246762982832517   2.820262666585312
12.42631172124383   13.305294041412537   2.445940074315301
13.614477281839052   5.132338250207622   2.4472148309907653
10.076499255224299   1.487702399755777   2.924948774691275
6.553528940964965   5.0832582155331325   4.100548839388415
13.336273977928071   6.962700550687537   2.837316837181971
10.717427679818694   11.172226978547195   1.5023980519009825
2.459908960343253   1.121522581315833   4.979165864706366
7.0057384629153665   9.607402800858207   1.8032912044940739
8.227660221428325   3.980677815676217   5.155284561341949
1.132355054885435   13.437375153210583   5.4750949974027545
11.183660962596536   1.9724935952691975   3.2048279304325513
10.275663735889756   4.061147886929406   0.6829805505971055
4.718561233010208   9.946670813470329   2.266223167435506
1.4592358291950767   6.859026381910576   0.16020961121241284
8.706057310188319   11.775864858274883   1.8956907129854643
1.0980509697063592   2.9922965293458716   5.14179896806362
1.4101600363963513   1.8127423402574592   4.574079950903384
3.655971942941641   9.038852592281485   3.3050087036679314
4.0713202027869695   3.0449111607506594   2.8625626498937162
10.047905693833098   12.024149585616835   3.239384562178613
13.610280200917005   11.624708051192677   0.3575529412470572
11.458718718786669   3.3436398903285918   5.482781349700763
