6.218310758812685   7.749988840482536   0.8855789979508686
3.014371729269851   7.55541108421638   1.6379689265240718
2.2481346153802986   12.666106844008311   0.04235580355935639
4.569855379086843   1.5076934851980242   5.363239388293528
7.732431652264688   5.909302599117437   3.4717919384894382
0.891709412337907   13.58045306131572   6.103049920217082
12.183832295697707   5.644046239425814   1.7914959898281633
5.153596611910392   4.3643217724493795   0.42992121618368095
3.244136367666343   10.999061502096296   3.685296781126025
7.716204042066623   8.937969405405628   4.62040113282619
3.208885026608002   5.969828448267647   1.748364066119567
12.386898648111162   13.974309209810018   1.956985849332717
7.152389522271147   11.965270205547462   4.805291330254979
2.0117545826034884   5.018678150265344   0.15978738048429017
0.08551250798037735   10.906563548369073   0.321579538995729
12.102534963447056   7.134870918842836   4.655869805139769
5.513436922536614   13.108342891978678   2.185581628798351
4.236026279121749   13.661633888380308   0.24056345886309716
1.004926848508986   4.525599813014417   5.5152895247573985
7.193902295505441   2.726042898005719   5.165651662274003
10.51901436810915   0.5423984979691048   2.682193572877387
13.335734803037509   10.021077707718797   4.6353523845823
2.120895563807804   2.5144150173229005   0.2812480919279745
0.2864468731019869   8.55427740027028   5.549133229130272
11.919343689458175   0.8752450225322482   1.4323674005855156
9.316910076291395   11.226002530151044   3.0506817743447434
8.346570038641076   7.946177420619713   5.597902917916359
8.972199456461354   2.5089461360125758   2.0187905453358166
13.089129010922088   1.0557090946820697   0.027679863639547067
12.158794904229334   3.1580702408497667   1.9207221216401387
13.782562288720863   4.714708786841988   3.156380793279704
12.098281229119422   8.304922563234857   4.667356175203611
9.991418621306794   10.251248069385516   0.14919170370732104
2.609402935959392   1.253661256296092   1.7413112938454998
7.944603069458511   13.461291335614948   0.2371462500599997
0.16526096934897722   0.014482705464006429   4.684929443901315
14.356404997529989   3.769811943256271   5.689046321869412
4.408505618520597   8.754683055429998   0.7499340748754569
1.5495421269459837   8.804341453147755   3.35189072571471
13.611088080367995   6.410842632920456   1.8607173929188183
10.22903354411675   2.922362603419598   0.8310831078093182
10.176869321156206   12.54070762884626   2.748333293261513
13.835621034034734   13.10158187225758   1.271953476142927
6.56914176752975   9.22306745026829   5.699669910636448
12.950959721183025   11.135441319369178   4.348796963415458
2.6153505577981626   3.7102258445557603   4.041972143454421
5.175912689910653   6.279354604831639   6.193111901691819
12.004457588888878   12.215537158174495   1.2674001035328517
1.7949840221423992   9.88234481045817   1.849615213247319
7.015988695492061   10.400223921553023   2.3164175702183187
9.701479003429764   7.506127671345379   1.9944194039020369
10.864131773471804   11.013623083632686   5.287960376018021
0.06359062377774383   2.4491562480550795   2.6631437240436537
7.377049972934381   4.190769176014224   2.579940781291943
5.782032956481197   11.766746840251761   1.7178580806352846
6.371303901453211   5.520250428464244   3.4152386502285017
10.653544929156471   5.312429696143938   6.037354190523999
8.19059777442743   10.629914472266396   0.9409282660754152
1.5699254113302636   0.31092718507251493   3.3857979274813204
3.0768764436562543   8.76469118838346   3.7166060247454737
4.643863981023175   12.53393381029534   1.4194129537643367
11.403453450289978   3.9199809308443814   5.906324761788242
8.486812218638876   0.5329072956478497   4.0238159515214935
5.8963628051128225   0.5893154328783673   2.2178562774200485
