1.6358769375861868   4.326016721705533   0.722055244924722
6.837157272071746   6.601015932517533   0.988904789018807
6.06557261905077   11.242520421054778   1.1226650264126599
5.933075020275734   13.715594902262616   0.8941802656747563
0.35131974775735114   3.914425392867013   2.7447419016433194
0.13309117081344657   10.541565520748408   1.704547078596415
8.517889613767332   8.282587822943462   3.3523780404247807
5.971320983984121   8.073919611188389   2.762049056139385
2.1816507142330326   9.412597395436705   1.0842962133111453
10.200613948533753   3.352528074272881   4.548050062952312
4.8210827479265745   8.649510518389883   3.7125505806582733
9.710010806475745   8.973592972692723   3.7898111309817386
2.5943573698325446   13.89852238415046   5.576499688327572
5.981808882190897   2.704956917369683   4.9568958917912305
10.08293464225821   14.35496683707293   2.14858599024381
7.837591447581781   5.993842499759111   2.1774485064211446
6.867464978662755   12.214645384898922   0.011774507642082155
2.387500539408577   11.513379361973039   3.02786003236617
1.4676548994210155   1.935099727662597   5.495251955527147
13.939949546675088   12.721753534559427   2.27948513248863
0.6208452071382285   1.1597738478319228   1.1319364632783486
0.33752715587280335   9.394627035147579   3.5181435746903094
0.8855888038085503   8.115964623105016   0.9053286117507585
1.8436458102797615   6.333913834719548   4.148526999130722
8.861262480594185   0.9368930358688622   2.008233726326936
9.67023906411862   11.184392003621717   2.898477165406924
4.97521775791813   12.285638596528186   4.36556762884936
9.098390479727083   3.6546542130018715   1.1677116989853162
0.8304767065694969   2.973144747700759   0.3284019198714689
8.634660816877057   10.75257035769489   1.8228689868603372
11.479232955952819   8.543826002431972   2.66906843136649
9.767650934778311   6.831047740864957   5.732884641614035
12.838243091569014   7.873829882665951   3.622913552614141
3.4631856000557715   2.336696539097366   2.5696289110364776
3.6231337208855146   13.476677268825657   5.937142613514967
0.6142985844783999   13.37334710329644   4.9045986111585895
13.377901833934635   11.169672873584323   5.086941473820106
7.2254617513270105   1.9220332231952872   2.4835067662201693
9.52783329738805   5.48335360059719   4.793273367033163
12.01192578075532   3.855547763149409   2.0107690642894163
11.58353080914735   1.1801826839968217   0.9275775760786759
12.823967068322728   13.135794524314251   5.407410188656179
1.5419985492390431   0.6208300783824421   0.3802225280104957
13.702135813306972   1.9507135874354873   5.48560326181528
1.369021337371736   12.618075571581024   2.571997725914395
0.30513042607935725   5.970894215332557   5.4697110248372836
7.114121725995759   13.931064289954124   3.8816768976018796
5.74675341192715   3.8221629164528332   5.672769841365599
3.430755734608262   8.773704419515262   0.4944569350639403
4.292518994375864   7.67701706868208   1.5755986157222552
6.354563723082288   9.936774983056278   6.009706294055306
10.655831605835143   10.039856021272188   1.140371754717757
4.479032708593   6.350700836564707   5.589445844209551
4.456625263042137   4.202002311200428   0.1150691372770685
6.418269810813941   1.041523030971538   3.5854558046705467
8.516668858813041   9.65446700108239   1.1773644273929098
7.137861216793052   4.867812074944418   1.8369152688569814
4.502106046172304   10.73475600019999   0.6362497539022275
4.523870764246622   3.023813072486093   4.340947803594237
2.363130777366965   8.138713666912855   2.354743257870109
4.276817570767371   1.610560041271326   1.8513423771913342
10.91569057929903   2.4362529223399667   1.030238758165242
5.724801233099696   5.2016496101339555   5.558910529904281
1.942877880917305   2.994489704875244   1.058028614596747
