6.4384730370078875   5.9890598187066875   1.0480334387306243
4.844436148582871   7.547526792291981   1.1258175817783636
1.3515871315606827   11.786426370750391   5.8093135451885605
5.658295580386139   4.266097476286755   1.918318207373584
8.47107784039538   6.511627416113298   3.3699250095153412
0.4984350024054983   13.670588051393217   1.1740468470131817
10.711328926470951   6.284682974643862   2.0926628544152717
7.12745239319975   3.280347679826736   1.0176602949936855
4.631488359508848   10.139981530973827   3.4926469636556616
7.834666053650459   7.591329495852332   4.020216450324461
3.6377220221747866   7.090815897732221   2.4466008816403764
13.628190574512159   11.409961699200078   0.4371504670054875
6.0261363395823055   14.25952505417687   4.082327147328326
3.4577181851498833   5.556773781268151   0.09865357179716852
12.481915971934892   10.748996801046575   5.384305093394921
8.782994724626123   5.3278637059056155   3.9715817778381504
3.3281025230900103   2.661219501958884   0.979223675513348
3.531145583012137   0.5164139741549686   1.3913919648438624
0.5543866215561577   6.233102233924559   4.852110168720188
5.436145445371232   1.6506565772142916   0.5982024230889376
10.52879861786008   0.818742716030097   3.995450637714211
14.121513854823425   8.490970023346911   3.880276174788274
0.7290889094279636   4.714185166051007   5.621088630929307
12.88335919816953   7.24763863313473   6.173961456186446
11.142213211535344   2.160021155771605   2.8055976692789897
8.061971238774763   13.685357009822638   4.512482822967553
4.517753767752716   8.639218973138465   5.48972861080734
9.929520515421153   4.827135141343539   0.6106633802923177
12.30325827615761   1.2604914166385628   0.07002081483444647
10.038638591323716   2.2039428859348558   1.1854221471267379
1.9541666127570148   7.8510910816111386   3.737651408106442
11.166519909406038   10.417008155038385   4.864099682844152
11.925350752186574   8.449921516690939   1.746348562247384
4.614704682152048   3.956985155656861   1.5282654800271758
7.347799856970698   0.5085105819940698   4.42820615073404
13.26736196523849   3.8724514746302634   3.536571804567492
0.47602227018146936   2.522473567048354   0.02204447750374458
2.4241495576988763   9.798587163425491   3.354463367076793
12.421593587011312   9.508236822166138   3.439851164469188
11.098199979965461   4.197504660751737   1.9982832109239448
8.377898563100489   1.4343576821609665   0.05948778013615036
10.481141735623224   12.2818984260714   2.586841924046208
13.878385543268879   0.087705200767628   0.8660682427677415
2.190339918857107   13.866043189447602   4.579784429324711
0.7608643716196924   10.828776374424102   5.600504831515728
12.78031797152916   6.037208111519958   3.978826532418038
7.140409862560856   6.801355083642581   5.507366601046889
9.422428941985961   0.692685405904136   1.6141158371676592
1.3950787923355594   8.77568179204586   3.332291896789611
6.635433002033906   9.235605912934998   2.2365619252074658
8.96767737472858   7.569961938020406   3.262843545999396
7.89669554048111   10.24521260101784   6.210804930206972
12.209700112646928   3.385242014192532   4.0805505221793235
7.158721799373053   4.752879415548361   1.995944818611423
5.175763044582459   12.392956296568475   3.064941414362864
5.162920270495632   5.97260844696636   4.250131286183443
10.040530698750745   7.854469736865438   5.195233051473262
7.3278266886291   11.526629678020164   0.7990421995145132
0.7607620659157868   3.620460470537487   3.391381139654693
2.4954289205031586   6.050910025707855   3.337077619378718
3.8505932905593   13.221296566349737   1.4932058250131737
8.660671541768707   3.559362133571579   5.900761430422543
8.009921974670931   2.6764364470049333   4.440360080908858
4.569830284398387   14.39862345765448   0.8772680452132116
