5.039965704935124   7.796695974845449   1.6462607143752834
0.5057251267459258   5.3500873066301144   1.0391810880322438
8.269137684763233   4.779796492456036   5.718436655641991
5.92086701111064   4.656647516209041   2.2942216484779805
0.22074082047326182   2.446921716516394   5.415043246917567
0.818154093963247   9.38715135719569   3.7913017428754747
7.42482794201111   3.4500343170099423   0.8743728438729429
5.067241088622673   1.6160044903764228   0.061325205394260826
5.647146453502269   8.740831949211596   0.7379406109499977
1.1296368488376731   6.204304090853638   4.958870047164553
2.080299330151005   2.2499648501396132   3.6374063641630134
7.9048197007131265   2.693017781863912   1.493510345675951
9.285334960312886   7.925055388518722   2.4364281177645837
8.78956942358616   2.6420063690934796   1.5478055758572762
7.1240653636173805   8.219558596363012   0.24991426430220268
5.270816584077976   4.165959157829262   4.819448290913995
8.890141574777491   3.553131175082467   0.29310009011641414
8.35648186612269   1.6500258090742783   2.6778388403614946
7.647899999628444   7.51284505698483   6.1989884973584966
8.102646204748119   8.93228941551316   5.066357052396137
6.4281170493786615   5.659685390167071   2.117875683527902
3.249994559217882   9.229811155801915   5.604492598081049
2.4827068041264955   4.786433282285978   0.24156183473234485
5.094498250943332   3.0921346647697723   2.2357072213188336
3.3210546044014047   5.534206328748606   5.0524166273032804
3.554342916293863   8.309786919566065   6.126442777133891
0.4952822709450354   7.756044260038917   5.88801412265935
4.354379752454974   2.2799021525675935   5.532445404321641
1.6979323111741422   3.1100967929589824   2.162405232086507
9.353974938648912   5.911600642142807   3.922479010082522
2.4561435127868188   1.354789214789137   0.8891831935892982
3.692086825329349   7.03254925595489   3.4204693389846623
1.003323242716824   0.8531964530898326   0.7673889202699014
7.277987449251862   2.088559484359601   5.31670682030642
6.9862048555154255   4.796586370132854   0.4272775382353261
2.999377778817635   2.1305660421602832   3.1097984154570106
1.5360510939151284   9.074586384842354   3.8640561728971874
9.666640536046863   3.8695335467113634   1.2660989636718518
3.0631978603812318   3.454133923328376   5.899494668200107
6.242323627932597   3.6972424160701043   4.293914355917845
5.73297374839437   6.793863204615186   2.167753014512482
6.48460043901697   1.1814815982123936   2.4756580795368786
4.374934188756608   0.41954152406654577   1.4909437482728005
0.662172725918922   4.14362950052721   1.5067061769908574
5.348538594417635   5.437806852054066   0.07236234665397223
9.281602721438736   4.869985949013161   5.739516477851399
7.080239704292224   6.905913146127914   1.8275165098893513
2.6040215804536935   0.5595162601552499   5.488647679929226
0.15239786228301944   8.832795889222135   2.0229481032479226
2.4591759946913436   8.343873058742606   2.6725927238045326
1.7955346001525752   0.45647339344765087   1.7586051561098714
5.83549308887957   2.5295363511784092   3.266486842917343
9.01908753700132   0.2636787057837467   0.1411330462465928
9.746734224120525   9.608397724168807   5.26558846204488
7.853828691383151   0.28699871911292163   2.396381354413032
4.099267316166588   7.665357207083985   2.9814282648521164
4.331851917532732   4.180197095775507   1.2038211225611353
1.5668118364911479   4.761137803066896   0.46666413552570085
1.9589778623119347   7.156334293186778   6.273332575187514
2.3758199810908325   5.992431485168029   0.40597492102288324
3.5093167770464793   4.420882216096206   5.219517293287139
5.934022051250809   0.23830604730944752   2.1655441924975243
6.058896865974303   7.703072446347244   4.6760806066797915
0.20101463702414446   0.5193988897523075   0.36086696110090133
