2.7616516087472665   7.423071620978048   4.797075935598925
5.313270364135983   9.38460238667311   5.107866735890562
2.336502972371821   1.1574361754788256   4.36616987774307
5.567760577845901   7.672833110359332   3.0545936169879218
1.3822179798736605   7.008011156597718   1.8469055354778559
0.23058971696522867   3.028233004912873   5.117588529162033
6.533485054413914   2.5126943847527854   0.06807852021429212
0.32676877930753195   9.11982537293758   0.08960560911623494
0.3907897159403928   0.16575813401116268   1.4684657408054074
5.568620943498327   2.1901427957720747   2.8294743501325588
3.867609320349078   2.0190826695236765   4.407390998740926
1.3989180064996969   4.717319280787328   0.16854673097563552
5.3052425417051445   0.9895135225606351   1.8030942258661178
7.86877955638048   5.881937430746858   1.6659361075901384
7.846156462471194   0.8151122510193198   2.3118169200611263
8.725420626097012   3.9380420626890666   2.940626477509153
4.739039642337647   5.3709020293324565   4.685854227977004
0.6147535613914394   3.7855199480526918   3.8138618181898782
6.60835451541975   0.3603345137543442   6.114582800001231
8.157763449249844   1.5031183661802068   5.5311791974911095
3.616101097730125   4.111780202506846   3.043267846040829
5.4379797577176285   3.0902881869736873   5.204545579051874
1.9139078481547003   3.814202904439766   3.9060219326786467
0.9006515995519064   0.8569055562769244   0.9756543222028625
6.4061914884777815   8.795929590932973   1.4516448700351903
8.136819749085129   4.721200649921398   4.927773551533227
1.184488121930885   9.18858889828947   2.1175785603116353
3.52549896889828   3.0711296974757563   5.67118222114378
8.058161314530683   2.8132404740116934   1.9333569286792862
6.193516710768886   5.806702709571546   1.9888061883200647
0.32651423975424637   1.5503503396845542   5.5258824221746545
5.726523191632604   6.927940881301252   2.785895326660246
2.456804031202109   4.8736161813909025   2.8548525800809084
1.7466324670704685   7.665512163049604   3.3931693250365655
6.993387595868282   3.9427325524251042   5.437958261520924
6.648319064044029   7.899819814542267   1.8394393223696572
6.508710606144367   4.948233095390209   2.7683251798924124
3.0809325663290372   8.830387969278386   4.971606392927013
0.38850507206034046   6.464553517506157   5.191559813541623
6.984245692280849   6.243011220378236   3.364743349480608
4.6846500257855865   1.765999901118898   0.4887958750283732
2.2393541473355376   8.646912415190641   2.1120486534324687
1.8280741624793269   2.4768773311111576   1.1770684096858188
8.997324245496946   8.907905896030487   6.0450588866866655
4.673992642667169   0.6143782700899185   6.192329757581051
9.350042859130241   5.79963204177685   1.3810704873983348
2.639315584427285   3.1443727643670125   3.7443234147451134
1.2548913285627061   1.8538326851154139   0.04305981437438325
9.557698003969772   4.955781944095448   5.300965549763491
8.881144936855756   0.14180856148689708   3.2264872086195315
7.793459131670142   9.354335106338814   5.409420825611198
8.519314451265263   7.617276520824669   1.9773442461426993
6.082132919843557   4.255374953225905   5.0343256345326886
3.940872845526213   9.030275718448515   1.7321541579498325
2.2012298876522363   0.021872803692206066   5.691533466476436
7.631120033553651   7.276465855994799   5.777085208284571
3.3193650030954305   5.821443959567232   1.3327682962357958
8.521612969388768   6.524948650129775   2.4761987417578797
3.20842287724327   1.1580883120848855   5.230488939289755
3.4389145082871644   9.762213397944622   2.304864086393388
4.794071493517934   8.194144584252141   1.287746965349844
4.491776702866219   3.033441376548962   2.5582160357288855
0.661540225272131   7.586373521627996   5.8841477160967255
6.921603854737754   9.322906671732385   1.91428890696925
