0.7983606830720973   7.595257163847807   4.653142432025781
4.946610467901482   8.595013607341112   4.659766942757623
2.8474609229193883   1.0569278459421483   4.897851573372606
5.508408527479883   7.615692761455795   2.8397496311552963
0.02312037661204991   7.045867738602171   2.9003460855542667
1.6309975631207332   3.803252571132502   3.5285088095202335
7.999124380991057   1.8110607960905478   5.638246201126391
0.5118057941843573   9.797619330675133   5.665632934137805
9.01596451311082   9.774489312626795   0.857400746844965
6.336479803019341   3.3978883759331246   2.671218772437358
3.45603739859274   1.9135140617168482   4.058351262027228
2.1882276180852145   5.495724479802992   1.255487286558622
5.597999068607629   0.7284648581116887   2.3397029748658174
6.633636906062327   6.31993369948092   1.034939464630382
5.74719652976273   2.1883475160895878   2.3092049367091696
7.955260085448238   3.5074092903641474   1.7946265350527706
5.377447565201976   5.624446627403805   5.573345320070089
9.6828206111077   4.130345995135889   3.2285445948500295
6.2328098927316375   9.780631178946123   5.935975718218557
8.304188712528848   0.8140419340884132   0.372141521627491
5.86784986270761   4.52564421351375   4.105005067958127
4.140851398547402   2.9044004565856576   5.900389832294594
2.926130641523788   4.422195050541857   4.034794276107393
1.8120978621301655   1.5499923911636908   1.618190257519676
6.420134320697532   8.534396832408852   3.140696575209812
9.153866963423923   4.932075770354096   5.9782811333321355
2.754994408394016   2.2556803246906734   3.040584107201165
3.69681218149719   3.8728442436866892   5.134285547874925
8.666079647242118   3.081984648478589   1.4334900323787878
6.514370151848217   5.214991991692328   2.404021011577182
9.729553207930941   2.7507768210657733   6.186065643020858
3.736172761329228   6.913904915870579   1.6799517942419466
4.943715568951925   4.694161935158049   3.3830638343797954
9.085682464212704   6.733814996383562   3.162826980495743
7.416994277912243   4.2552734372745515   5.645603679000888
7.073690300842069   0.6957793273890633   2.097938761530711
8.04837088544252   4.938843101612854   1.95823361077796
2.9224294619171207   7.1289764040453445   4.837770975530923
0.11603502578001823   5.544290623924489   5.285098681432511
5.537238843909233   6.818646957797966   3.838852141985841
4.9573504209469945   1.7922913509658451   6.276109546040897
1.8104877035382427   8.335275753813079   1.6569005227066602
2.3625502736292208   3.1610944409268744   0.835963164090547
8.692810784900185   7.604344772343251   5.188645752819091
4.321118888534197   9.788533302259712   0.006009879185089412
1.1414747570836041   6.543494535865813   1.4762206605665895
1.2658570460533576   2.819170743318031   3.611515681775477
0.6498261501251703   1.5586217809317777   5.869151175990726
1.2127536608029783   5.208626477974715   3.923009709157703
7.850791335056497   9.71081982039352   2.9242387487581976
7.387382755127058   8.952864379198294   5.82777995154962
0.43817567391343115   8.468206852766123   1.5646331606842574
7.130894799310989   2.690123574840464   4.726546874210522
3.6151756796411685   0.6899235950945144   1.2866035051367821
1.987345391859238   0.732843852709107   4.903533827096812
7.000084521723722   7.26197086703306   5.444187678573599
3.2188580023701707   5.547139470522895   1.299635943602611
7.573702720422904   7.85735385897404   1.968792307870876
2.6842828154555165   8.817405880269517   5.179323714971161
4.715348891207713   0.9727146790221014   2.3092973388045976
4.041763491870249   8.628030946602557   0.8586040349555346
4.892006196228017   3.725366885173635   2.8891024400349155
8.470265199144812   5.903529027565241   0.14413613480914472
8.882169456320693   1.2738811971470683   1.845520236846337
