3.2548829297353805   8.60240484177369   2.838977318661246
5.56982330639384   9.414796264594361   3.1024859804609233
2.293610061502608   0.300831898372406   4.443914418517115
4.532450890924495   7.06696562387579   1.5993464855242763
0.4519522548662503   7.743779692368738   3.1152349882976176
9.75048834445306   2.988451619932337   3.650740896629896
8.20869049913414   4.7340807878063735   6.038669891763148
0.4520830209851547   8.726110815071012   0.5234557236926679
8.691860034287219   7.203164566168169   1.288488828488968
6.3702687508086795   3.84487638947399   3.220653725798384
3.57307613671127   3.736934632318733   4.635758837304147
4.73025539894155   4.78277761130409   1.437699884705461
4.425458262269585   1.7239913751156712   1.8367719637289137
6.131041307406284   5.016374652436479   1.1618075328849533
5.453020694760142   0.8899587951405818   2.5767965869614984
8.696325715360114   2.2567743035620986   6.114914786318333
6.595515862503132   6.985400319154096   5.356909488449912
8.328015557329907   0.8922243128545534   3.553119922194167
6.761585841812723   0.7515136885482065   0.9478151200283644
6.642175245926931   9.648993723400247   0.48728755660637074
4.137777604080089   5.6199075065400415   2.443508466452683
6.675479880968113   2.9642858440364614   6.092251514462828
3.5630781558493454   4.883772191268133   4.753393343637624
2.969061832188146   2.896409397706319   1.70891985510954
8.105457302114079   9.525169157280581   2.3391626004177106
0.6106368257320275   5.832209013207786   5.325638279763461
3.4266655664164363   1.3948496706988007   2.4996658087919013
4.284741256053882   2.7326762520014096   5.8864684300328465
8.275267174537184   3.5058772145582395   1.00361891983205
7.439547201760898   6.217858035303717   1.7196725869060185
1.3514476143448957   2.811924596086202   0.34878760071543186
3.4798249499484775   7.500022586280034   2.320016639554283
3.3769609564124994   6.1437425988594025   4.536800859606107
5.932133912156199   5.948238830301211   3.2525801409313675
6.855147142428925   5.159871611966376   0.8880771751600895
0.589404158120531   0.6515511730685591   3.636015829192847
7.521949350276738   3.2484436944061335   2.8389258047464416
9.470629702892627   8.328346323110939   4.502866841641803
0.041978498526995006   4.767461935604079   4.659053855263177
2.0157954949529033   7.099188226446642   2.876304277683538
1.6945412157896307   1.8306950125876489   0.21783537721325444
3.263116734060066   9.772263019076247   2.8350425363319767
1.150134972448241   4.74709097272012   1.3303476752261914
9.149221877062576   4.220158679615822   6.005419975564092
4.03195473928535   0.5045651244113938   0.3846121049168232
1.856114844057911   8.277042493220607   5.977982131487647
9.720066147681546   1.2809555503722554   3.598821752296473
1.4891065672669679   0.20776158858171279   5.2639127796363665
9.40505804685833   6.82483585448646   3.159719534449026
8.967644726462057   8.94234929643112   3.10142840855414
7.409885826443614   7.312644394838767   5.65704740752923
7.953947074259504   8.358800908741351   0.5377403314249249
7.4758213910862565   0.32772999781105383   5.873512257382105
2.1514900913849324   9.147000012180527   5.882322775251686
1.8756015487750086   0.9938034879439746   3.84942583857847
5.63165749895047   8.336083975937914   4.112984184182068
1.959123590564013   4.468903147129628   1.3940121940536911
7.114095372448032   8.165210446182268   0.9063930908220026
2.5806461882496254   7.749348969427487   5.818071339428493
5.5247651299287845   2.373938136892339   3.199455679379796
3.9870455787537424   9.201930873129838   1.0607425576789322
7.308739200061296   1.916660766005331   2.9409321382831566
9.442522191762738   5.709487711553585   5.776441649605554
8.972209325579366   0.21761570349499068   2.1377201311734484
