13.071642940461542   8.680434527975551   5.704582374277558
8.245237870171124   4.29292933762511   3.220145534284834
13.009166446113031   5.354617996972313   0.7475924595283288
2.787585658331164   7.864703643937772   0.5692685965616523
0.35957050982746475   14.335460114968642   2.0045781336642716
1.6054852538956341   8.844559387930511   1.502311530829966
6.1219057042800245   3.146248602136775   4.638406473447506
5.910082266309626   13.88534650408251   2.519413565664898
3.144137635188787   10.073359502616444   2.355462942344758
10.500149049482825   8.267352250434701   3.324753754371412
7.9080416085917   12.526393456031272   6.006234563812254
5.469872873512758   7.288565028641388   1.1415257877287173
14.055374243150203   11.132427093305793   4.586364358583435
3.49864742527407   3.9475171892787753   5.969855136143845
9.702570429133434   7.529451263666268   4.726963169632777
9.239058481998967   3.1538348914058805   0.005985274762997692
9.608675365078465   9.08568965267748   1.0516484703542892
6.826643429438073   13.021134906870255   3.353000303283151
9.91141282054536   4.071212211772876   4.306310007441284
10.994870891290653   6.964357329830047   5.171315438065736
6.114917973930535   4.51574940051692   3.975904112357116
8.57392841005984   11.648192429577907   2.8678539385798203
11.056630967520839   1.2588335142277016   4.877641006146076
12.73159969582237   1.2383290437180703   2.9323472277839824
6.824471933927188   0.5063664981015104   4.457361421303403
4.661675010108388   9.0169950974429   0.3039983781952237
1.9512981132924823   0.18701787044566842   2.1875767130212918
7.162498315961713   5.205824638574079   4.651200294316868
12.78047630533394   13.216837061082872   0.3104347896253743
5.77392635499161   10.103713676898725   5.068667065293077
2.4435219060348987   5.114553754558457   2.921666481830035
1.4046794413102919   7.065973433914909   3.046266467465211
4.918999447360487   3.2855294636693113   3.5349551064154427
0.653792868607715   2.788861217867477   1.021747441326007
3.0799721873695365   6.662958965868366   0.005350736728878647
4.2792886627302025   10.142583471889907   3.2317519740074716
8.458403583240141   8.64271771685865   4.249624358840124
3.6704863788614093   14.093014826681216   4.10035849040757
9.83723612785355   13.533928846519034   4.602078475504796
11.091830591643012   0.03992616085747791   3.8181652895995866
14.235059029345624   9.395122338716499   6.149533993057159
2.7844083206969548   1.478717414025085   5.999784769972948
2.957759277329854   2.89979937688447   0.12258094649964481
10.333915399629326   5.63158254534895   5.886414194362346
7.185619301047012   9.7989434333215   0.4342426801255911
6.794357067440219   11.447904053700533   3.162619895658916
2.6606073973115896   11.251422677171501   1.911496747460102
9.788620200720233   0.8643381647289303   3.3453772356994436
0.8841800934500913   9.755144502462521   2.887230625714278
1.176705967354019   1.628236267145144   3.172833777218726
12.303652501077229   12.200578260673867   5.178582275676376
4.569928364354559   6.405455044101634   4.786327734537302
11.689283501550909   7.932503877824918   4.6817755454399625
10.229781261644016   11.972132046912481   0.5099450304068476
8.710928608734385   0.06127560236499541   0.5089506289102103
1.9338442353998335   13.321410415446437   2.8539444046007367
1.3093589413660793   4.771377326730764   1.957799586488574
13.123482557412595   4.122064749655814   4.765167033967855
1.525653826220466   5.875873395253974   1.5300214484102372
7.126841389743351   8.724220617887871   1.9489284618972569
12.151361887812506   2.2588461432433364   2.3188408342379625
13.762082715792856   2.298026941315456   0.22126611983885008
4.7179116433191846   0.8401353204571161   4.4572085162750135
4.891317376468226   14.169520834572634   1.298169317549834
