13.722970515600027   11.757823704059975   5.122337397359276
6.399984706737677   3.541605409313761   2.1698540340813715
13.693388117232846   6.032582075655366   5.266127308769013
4.429267315909116   8.933920817210662   5.474917464976153
3.461055810650243   12.441315975493325   0.6113126526566329
0.01498524743116647   9.950243480771217   0.7636981657697866
7.856753610941267   0.710329967572133   4.529093825389854
9.529675664892416   0.8036295593797719   3.507156721476213
4.706200237592644   10.851638554687337   4.231532409048361
11.391846316294515   7.475611330657079   3.4406556388352234
11.227330647239427   8.855317482869545   4.657964600162033
5.5460776453267675   9.546947560653052   1.2237687171167302
1.1214382233433744   9.242605028710436   5.629694342800193
5.105630274527411   6.33318447599174   0.3801358079681316
6.437174665062468   5.008276927092593   3.913110420704462
9.205261673121079   4.2800559655864445   6.237436132362414
8.10262767808685   10.684753261044765   1.520878007313837
5.322409347384078   13.142517708600128   2.9069588037446974
7.890519972782019   5.428740245989234   0.5831561369353603
12.373212131609055   6.650781685798563   3.505347594888336
6.047762701161785   1.580925353517388   4.793145366139635
7.689023785026784   13.483551480354256   2.788465750913957
10.408534717304207   3.131433887910238   2.3870061929716724
13.430724506056835   1.7791459964114134   2.5399372942485154
8.221700803250362   2.768876650482264   4.385867530048917
2.638660625181653   10.308504819333187   6.229010638439629
1.8393966021878958   1.1892125627315375   1.3325444916873024
6.6838004195294465   6.260542102555944   4.145896115509948
10.366001794411314   13.078321065476972   6.2532884063428815
7.752438985123781   6.628201372392995   5.136951040322411
3.2421937793183475   2.696434397616918   1.5327645580132039
0.7920631168601866   7.121232275059307   3.9896360911398165
4.86798155396362   4.465620923047316   3.0017794341390016
13.397721712709211   4.125092515801491   6.129536578595069
3.0074323524391335   4.020752229752463   6.260408423971247
6.478181748148178   13.541045390416024   2.734888326093509
10.268811865837533   6.231647190291144   3.725069928601436
3.274069182748908   14.037156293220928   4.1287862048779225
10.471384502878385   11.826699445324746   5.313229689709232
12.139684808167171   3.4185299001148555   4.409616706140182
12.407050216818963   8.198675172217445   5.442345776856823
5.16638753659807   3.0542488964884806   6.074441212632095
1.49258330115274   3.16599561504764   1.3575872122581218
10.706586350964196   1.5192164071263097   5.090361453528633
8.157385015597297   7.932338044431132   0.41441184412494086
8.445872255428359   12.327525662624188   2.597367899310686
6.12925655385771   10.764858123433832   3.73961250244767
10.437167637345114   14.406998368050408   1.908563924417167
1.8567320191012162   7.910274195353891   3.4715239874572066
4.020538390504581   1.2991642668325538   2.2918626641729953
12.812237158570015   13.045119991606425   6.094989081514996
7.026532782152356   7.5879053289045295   3.5826205392364265
12.807430806268645   10.517345650383383   4.6643084672084
9.261651069480685   13.122402827855932   5.664992139254897
7.0536527324908205   11.319784853843124   2.2573475381892862
14.150546696367394   12.821190197846452   4.029448905319189
4.177753526737844   7.529241616461522   3.0532654248761895
12.249942526342242   5.24319625100586   4.024548859354228
2.0161788550979813   4.640599021637167   1.8919119352766638
7.3267668640903505   8.6647333976697   2.8368294106848655
11.317704836903324   4.505040263588834   3.3886454678456035
14.071952543743667   3.0739972849221915   1.7755050743250393
4.841415019191126   14.108967740159331   4.0268904517736
1.5664962727464338   11.881464923035871   1.2702526949358708
