1.8073699503239884   7.845233321853047   0.11110678841561061
4.656632190577082   12.731670626988183   2.3983439282118852
1.3910263865740218   3.417494052669421   5.143842957198195
8.345822401685105   4.272730970125585   5.023333251131208
8.123536967114752   14.095219133383846   5.296251618097619
11.022882986867907   2.68113595264842   6.022082938174028
9.076882675176154   3.3297179495447655   0.32978424953255747
0.48731868903064546   8.49866019093517   5.790165783453202
7.647894483323649   12.275962005642826   0.04518822329735109
1.0060186468122971   7.129000836705538   4.85666948422389
7.1223698668900965   1.4797442885840553   1.8743805122854948
5.2965781280298545   7.974764213121354   2.8532889094210807
2.6872929045931513   8.674515360389625   3.871455662990748
6.057653502019432   5.756742338898827   6.225954316243676
8.693127384980194   7.890739591917478   5.517931758108951
13.609316394633083   0.8664434368696954   1.4080531474494435
10.74519347306217   6.075532029537657   1.5033673737883158
3.838516684630807   10.905598091860796   6.0178392693685305
9.517031265862897   0.5850999165332877   0.15010783441445685
10.005916198853347   10.815981988431302   2.003712902356389
10.59690704846155   3.8086986951107833   2.3157282121642475
6.520211242259868   2.4083799424879517   2.580931383739908
12.499507596401495   2.983688227978807   2.5593560182411252
10.650166454543642   8.896842401028477   4.998035454311675
11.153582858589173   4.986975719304092   5.55006567883329
4.621344005569997   5.027555277524296   6.046997236671571
1.484936681447239   5.070574127003471   5.578828484652555
3.0790526335734736   5.623780156484156   4.5885227703356835
11.62647201096956   0.01676608266090357   5.611910861539142
6.144570165424377   7.140421309438216   5.327884591566065
3.675425810877902   2.8596658415465614   5.406495866595917
9.729838339736695   13.36158842912992   4.987501385189752
8.716104728224975   1.487634179975863   5.529533025465798
3.408533088316898   4.517982259436342   1.0307498649734999
12.893880334451692   1.8256872277644105   2.871656192767419
9.493108636120631   11.964055473722963   0.08199905448686531
12.148588635886297   7.582705879853055   3.55588881230774
1.2329474321349139   0.06396083393432661   3.820253932343575
9.36351598696363   9.501413278985252   1.2560112007821425
13.746931783949723   4.4763427111062635   5.769680834728846
4.436641549417768   3.939387522201798   3.1191110540877443
2.4488318229409782   12.65830757885381   4.38370306731509
3.344349229172224   0.09194696422586712   2.406852880542815
11.952133222542455   5.826481367114549   4.483187931189725
11.086126171581034   7.135989941744985   0.07556440225435702
14.137966701852859   10.47782630494584   3.3187819827874296
7.048521523618371   8.30106395284475   2.879856298297887
0.9923997677561951   2.1852038492195023   0.09168643835968035
0.32428555612146776   3.4831528148482995   2.4398667390042164
0.6359853557298752   1.1479798406773385   4.691318582156213
14.027058272569938   2.2412308941610664   5.164743202256647
7.713631958441365   9.409635579299652   1.2354280227687913
2.2414500136920417   10.59017577259702   5.455300375689082
12.615374497383973   8.746913492536434   0.7753130913299461
4.441144288234546   9.829153926993241   4.597505401503518
8.26486004310822   11.148934840791544   3.4420654110252107
5.708921322791893   9.601801358910748   0.9023216037361267
10.093790861797531   5.0538941814217875   2.337848990669662
6.0580694335080585   4.208225920062917   0.7316805950343985
3.926081823232835   7.0339831042739895   2.1475774988445346
9.03206194702689   5.328718528639642   3.3595402969502937
14.243844412818833   11.687555188534064   0.5701358452128724
8.696374393436427   13.010187016535216   3.4335861806093875
13.321535138753717   14.079918997579622   1.1941065289820674
