10.824249448848189   9.755841851833676   6.218044736596664
3.9466441697994017   13.23904865387577   1.2514368975108618
4.490259111234284   1.7364423579591008   1.8466613811301178
10.342531088660671   2.725386038339483   2.4866791621724977
4.2725716474251065   4.094978067357318   6.028794392424352
14.366392814395022   14.399969346349891   0.3941524433377388
5.432967689134971   4.4887072031714155   1.8643521688642037
10.003372936403688   6.743015512080749   4.495358518988039
0.2548532603951399   12.335366821287217   4.281689149602684
4.899285033327681   9.230618028243855   3.0241411188958427
7.637666827373613   3.072469610120784   4.244064357757396
5.076669503503835   12.124937882931087   4.89510753340608
2.4130617390579454   10.298271757360128   3.4131843518604157
5.212085257752241   3.0798086246786003   0.5946964144016911
9.003716518578043   9.73510240563978   0.5682006625572744
12.462798334476018   11.975679314032735   0.2650043845854395
10.131178015621456   8.74567547774344   2.641200158186141
8.216733846317808   7.99699431934896   4.380330824468598
13.494082988996624   12.075924727006567   5.902958424132633
9.61685313607346   10.634884043445807   3.7735889793861834
10.533477234220687   14.027252061780509   2.58626682784656
6.939210228432285   12.239742692256915   5.091179183706732
1.4628744186624616   9.555459602347385   1.0470823656548873
11.807439418012143   4.043040635808499   0.28683904844908426
9.1753685091541   5.208041846581022   4.713513970876199
13.895845272812325   4.643936520937871   4.102221875578802
1.1413689045014128   4.20582097925284   0.5428955763792875
1.5904500256268628   8.269823105036128   0.13988632107262366
0.09519861143967007   9.17791129321646   3.9447310966778266
3.660138045573966   8.276442719035925   4.437124760851599
2.4507617137708793   3.5480805249964713   1.6541315605138422
8.825859274528709   14.131783057735634   5.02295257967375
7.6681562780944414   1.7413064451045193   6.0169044975857355
0.2198742403026124   7.492455817607724   2.5869329213543635
12.809418966392704   5.006524566261506   3.383935530978533
12.557835479061282   9.110086778302511   0.4406324157298196
12.648498718450831   1.0450500013968167   4.414084710862741
1.6145482583352373   14.094937486252952   2.811325628797289
6.3261129645646985   7.534067189818814   1.9200367845498747
0.3755380660036308   1.3048296753154789   1.9645158708487713
11.559785958943776   1.5675444878008045   3.5657409179786046
3.991013106668057   0.2912924208763154   6.207584429722281
13.633682844437493   13.125055181230461   2.2651997672953206
0.6168512703888765   2.665549228433845   3.9819589549717294
2.6888024831584207   6.058224084421358   3.761365667800078
13.020341858470422   6.410771360404806   4.731844054996601
3.79607873139643   10.84047029257539   3.1601863678206166
2.8232102761107427   12.13537367063988   2.5219251981072053
8.323729355813722   12.78259498347459   0.1141687231865792
5.280796983939482   14.199867753389938   4.302519958528976
0.40924885182076837   13.40523969929123   2.7338031283536686
10.044899981556748   11.866218416068918   3.111947776976457
5.372763167332224   6.727808967190021   3.9698410794128094
12.693982929619114   14.416615361254308   3.8672167417972028
6.084782920178819   9.233438285346908   6.220979524762912
7.906719361674552   6.334889172979942   5.237965210609243
8.538118007976458   11.220769034890594   2.1301629555452615
3.1012632701932032   4.767756461066147   2.4964022868834963
7.60966555205302   0.28070992435282865   0.7751788347671342
6.904382313422367   5.9229323313379565   4.244607442670436
0.5178244868194067   5.989441759503717   5.267208160933165
0.689881263338007   10.596383215545004   2.8363174545347567
9.681056308123233   1.8618220809309667   3.010721299288598
13.590704224562705   10.01807987214691   0.48675478250520876
