0.4042434685439258   11.480896943520937   4.467357233432156
8.324353103836636   4.120326158564287   2.429054780673277
12.412032375672158   5.97900647120387   5.491621025740609
3.0920573413724437   9.278002624455066   5.335364882626953
4.627856266671666   11.998206420403296   0.987090258131027
13.867727987680041   10.266039907328558   1.4383182247472448
8.065308002425827   1.136811440607165   4.476135462091888
9.559550908334614   1.8835611293936019   3.590372243734893
6.847423096256045   12.386408256018676   5.440752004442511
12.838913669116579   7.695165481082485   2.198722270127806
11.689934798346226   9.03000857542131   4.613340429350206
5.069297774445019   10.320688416197372   0.6927960693804385
1.477992469248192   8.875123332143923   5.200081660771056
4.2415732849339545   4.362078806131326   0.04524364378656859
8.258891493402794   6.8344984539118165   5.013775238832161
10.083950643052997   3.6870163205327713   6.034175330543552
10.517922593816142   8.62915883231473   0.9210245377068709
5.1094344391396085   13.227118734637042   2.1617786060000594
8.892100874846841   5.104032885421253   0.263828436346465
12.982772259091165   8.907124951001983   3.2467887816510763
6.5052662627267726   3.2745972789429376   4.079382391423261
7.571327075458509   13.62643718361604   2.8640440072894364
10.828473681744374   2.8921323070678824   2.5350362777839277
13.062647868464465   2.039246653130004   3.403650824294224
6.870780980397816   1.4028512349202422   4.200687250930995
1.074253423446828   10.218263690266765   0.8069047924707852
0.1794279527766916   0.7476589744949266   1.3285206663843314
5.929552001837072   5.890858481100653   4.744160277416756
9.063267479435037   13.407198559647979   0.7285815125086739
7.418241811845013   5.443824788765537   5.528034806030938
3.6557426499130212   3.125839986042295   1.2390889522025268
14.30129520791964   9.075048034616463   4.068606415796498
5.670090857628621   4.356796338244865   2.9510639550463322
14.16775681471628   4.947783177898145   5.974031225288974
1.3539195060918368   2.87362702690316   0.7424412552260223
6.7133610747613535   0.3501287377336231   2.9558380269147833
11.209027157643696   5.977506798289051   2.8755459375578627
3.0259732416100498   13.177638468014935   3.7583148299552205
10.315312305989291   13.648150112096397   5.3577998820360895
11.989102332806365   2.7147052044488955   3.9534819477152894
11.610666628136968   7.582208999393327   5.389788051169835
5.699382502731221   2.534663546803926   0.15705497819130992
1.8433477239169558   14.184659848364705   2.2673881277987196
12.705262056151684   0.49862226152391464   5.7667344122990105
9.913062767925707   6.821230895652885   0.4700074683979925
9.612237843232297   11.703626685326231   3.9273290806868766
6.296839023823309   10.153481754951274   4.4871162772530315
11.54554874466886   14.094120721366224   1.5680844356235935
3.6265320010706557   7.58581692548382   3.863569671936502
3.747713936186662   0.40812103564583113   2.457632743295755
13.814460417161154   13.594280963685526   0.5492889327840476
6.296590430851603   7.397873458667339   4.304112855590053
12.112468945466857   10.529152708322123   4.870511053013909
7.995023675535015   12.059889418920653   5.835277912826412
7.491689865362352   10.54691300729918   1.5861682803040296
12.424214046374574   12.318568369633434   4.115875687587754
5.3470831612666165   8.339906378724896   3.029775188903993
12.733347809702964   4.875479138943063   4.639752421503669
1.3757896599728587   7.309322859212532   1.9280894577161696
9.226304994725078   8.41659791119156   2.3989223802138118
11.671127761235097   4.992542053076285   3.557982946915057
0.752065806108558   4.449823353473605   1.1596940541142597
5.291456253874728   1.0786904409686218   3.215217925689245
1.9093358812642012   12.082966572176394   1.1840955848412222
