0.212222637062598   8.81574874909059   3.8698934418545416
9.586224475257138   3.986509226282682   1.8049759916009342
11.407134021146781   7.588279347159755   1.560191778772063
1.6733085367304459   9.347398345831007   1.2480813494093712
0.7467198490860232   12.6191031503521   2.4262683676947168
0.26586646821043036   10.106941115701035   2.7638020021497294
3.9025547835176875   4.846087667779105   0.06725617535188455
5.828900483511773   14.283926892421247   2.6842297895383487
5.461338701568864   10.998073912343783   0.9071753908081257
8.9634807517109   10.626773726930773   3.9618143891416797
4.012046557417574   13.592972477913078   5.377458976747299
5.077790105720902   8.378271862173145   1.113189968363196
13.224945937390059   0.07026385015035075   2.0772177469567112
0.8013784744721127   5.933207968304258   1.0221434687178077
10.751599679040071   5.177277913025788   5.543758588049893
9.096521184872724   2.3694190773438573   5.379890454199627
9.571121715175348   7.510934695183294   5.4488559649224815
6.348200835249935   12.181937720080514   1.5250150055646912
6.705940368806072   1.580245270775536   3.6354053810557336
8.115593151024129   6.653672342780172   4.513408076514411
5.406753594233617   3.1368510686564894   4.937632211485042
10.50056685906375   12.21124583926398   3.4475427414942734
9.384387286712094   0.19215878076167392   5.293196088573619
11.804042543993578   0.26612416551356033   3.832964359154388
7.884868723496762   0.5230829328267859   5.626723000684249
4.080825269762451   9.74494566980203   1.550561720184434
2.67482683234259   10.378174398749596   2.140151778041681
6.409634124139658   6.16732628676721   4.5169978436265446
10.913996768654279   13.537699196556847   5.901914490642742
7.604478261131616   10.867289224550674   2.59963019433829
2.6318785759083063   5.2796929766859755   4.215714679691427
0.3566755004884314   7.693769075144894   4.099304228878444
8.015514143500496   4.9479520154024055   4.0921027516524715
1.2647890042895682   2.464118357992508   5.918800132911744
4.095069118544652   5.97035187382653   0.634112784656013
2.8410912007847338   13.013941556388978   2.0927913642929585
9.273739950738122   9.179495973234726   5.7827725613487235
3.6845729527114335   1.3153234417479913   3.34436418366841
8.019427088965628   13.906092664146849   5.091425694358275
9.723662475382074   13.320323739654555   3.8672232096679213
1.6301436907454527   7.618766153563272   3.836372310180185
2.696109302715335   4.204138568636559   6.153524113883861
2.878075538468687   2.0195175275508577   0.5029471049324872
7.439201455182463   3.1551799591006455   0.08475747562941963
6.566390154782803   8.080336726055958   6.113049282508101
9.301595046230396   11.749665178640495   2.9390595722483277
3.5486418565414346   11.291401122008317   0.7516451857439417
10.564089119716119   2.8956306836163987   3.2837727844745594
10.569491884420756   11.143123761276316   4.058722961734461
0.5910461006750362   0.8606156432731259   3.052793154259394
10.893943507760913   9.921391522911044   3.877930778541079
5.764426444464224   5.25970837193673   4.982671492490561
13.464493152541332   7.894573108528089   4.1326514205455265
11.673792529688507   11.812517991212118   5.859616652362036
7.248787805550083   12.994532550697636   3.736889618843968
12.433061173766506   10.401847486905023   3.05509304118441
0.3573092889750716   4.564230812226984   1.4219276071025087
11.157051465452296   4.014080735596399   4.67629854461683
11.801203462984283   6.518559763989103   0.6040747888410991
5.085509707905851   4.276116142347339   2.535313843259054
10.544888599188313   1.2202692599036626   1.597745751595368
13.326585044300325   3.7103219939583805   0.5916117521436599
4.835075615890066   1.7428938153812465   5.638361596169287
5.200400038760343   12.154882986301505   1.3027691258809677
