13.259641805003728   9.265842922080154   5.612417164340894
3.627136756347005   9.742020889944138   1.6889322100562199
4.405240566552747   4.22152710770027   2.807174773605874
8.812335292967914   2.947588918230804   3.37687061993534
5.867982865181853   4.069223807112338   0.22029452308542724
13.592589233219568   2.5374392099183636   6.021093700720919
7.926104906967264   5.2730508376351315   2.043988534212369
11.096917821067926   11.572646680201077   5.6161449763537945
4.307814120981607   12.400328195538357   5.16309624511399
3.0764770703953364   8.693127788786452   3.0435719281935536
3.5947543676776035   0.1414052504648564   2.4123501067989244
4.8026652984873195   11.034838744254019   5.454908014273417
2.9451947144929145   12.20859925220652   4.355035403340035
5.804653004537255   7.098805891566893   5.037667450388994
8.860621019007551   8.577945790235171   6.097981661591443
12.781280521278811   12.734432534449397   1.1365727569740902
14.054616522963512   4.848658203109787   2.9774963494776197
7.313534586589061   10.132160189330177   5.01370991796673
12.26606923757629   11.168120383174337   6.07209384554186
11.677579647208594   8.170115109508853   3.699503361079639
9.832061055269419   1.0097682924214726   2.8371519340976494
6.577041575197322   10.964263410935713   3.9430143958084605
0.37628425519644454   7.771294350602061   1.1498408758753589
10.727316020643777   5.587634059584335   5.918926092759754
10.418593580598682   3.583132515409562   5.658421098457357
3.272552422986144   6.487173319659395   4.796246186843559
4.007049728038509   5.632692454526658   5.539228062051476
2.0442338470828627   5.013346623084747   5.487584572384247
12.871326626021437   7.418734631916798   4.679759853178374
4.463149536918236   8.252764487395087   5.398530120559521
4.977478486231438   3.1395388878488037   1.2069731457188135
7.851354467859289   12.95179431287085   4.798762660045765
7.232847357336331   14.21416113600631   6.280553655574717
2.3284175916684555   7.524056265027595   1.9256940848065551
11.73220137785863   4.913485895468091   2.6167332316504286
12.2224287343469   9.759233254577643   1.3850557019916316
12.839873579166703   4.431049410689588   3.343892642753321
14.173272512176954   12.803364962674207   3.919967451937838
8.984512582055112   7.3130530377944885   2.598551417384476
14.291440239320192   0.48376285626477705   1.3533121196793734
8.715048039646913   13.648441661793614   5.185473760015643
3.6670494148694934   13.406802213046051   5.265283998518439
0.6704151952077939   13.549004343644265   1.3976998704597297
2.587633304254791   3.9795207514435194   5.357569850879573
13.08013818745618   5.800459908301308   4.328316943168478
11.664014427837268   6.655384407040477   2.323107103334497
5.3558403750972055   9.137751840918359   4.182922020560706
2.113204364749986   0.5471709992238525   2.641682047376152
6.651135456526754   13.279845464583618   1.4012392619299867
5.071931722537363   0.1128940326743072   4.77791423590876
1.523291980580614   1.9035789487342891   3.6688287697784294
9.088482731359548   10.057600050316319   3.8752552817209964
1.7247436082562033   9.816238156059093   3.5428276159992946
10.852698228361232   0.10654229937152465   2.9245989553420144
6.562490045438285   8.592019928705055   4.663814697261447
8.941360077743509   1.6790541133081751   3.181104782363446
7.505152769412222   11.695975846529013   0.9979582766159539
4.924701454928111   6.328502550638683   2.4808536273025608
7.677255571729946   2.645075192896919   1.5346439649380903
6.261379224140042   2.2173955137870522   4.072164216618263
0.027725115060623196   3.326056093876798   5.045617462089647
0.9489014402157901   8.76868222193502   2.4456138575828765
11.233516554002305   1.4068950315428834   1.6958096407807306
0.6702010944899637   11.425992792075695   0.25730066319216066
