14.212838461751542   9.433194746213472   0.5119719620460091
7.088313987204998   12.860092773739348   2.5891583914601224
1.1506367849350307   5.194524598860389   4.954661984843047
7.415569525023317   4.8993543237957455   5.547748812126861
4.200442840294076   12.109014144911534   5.741904117755027
13.847718392725692   0.044898816647309714   5.831270851182071
8.788465867891281   0.9079914176436837   6.219287048639875
13.020206687574401   13.147121788779375   4.211792974780253
6.020644429025081   10.862934313367576   5.9653445526611995
13.042724695144003   9.508391483143178   5.3581714289213656
9.868210249082606   1.1891821596039527   0.2968225778884088
2.7401224297675566   9.027349252484731   2.647943233928283
1.4972438770171168   7.900208271326001   3.9688055663854396
4.4722732822225035   6.24305604293045   0.49521572746044307
9.63819569835913   7.771800408825688   4.708693661641945
12.802588561090042   0.26440846182127625   0.9316707715056086
12.187297963330279   7.714427565226174   0.6101098199961781
5.7561629746965925   0.27370556208994623   5.921837208865105
8.493008649127457   1.9335905783926504   5.6949007749859035
10.124229866897862   10.899990306138191   2.1444286516907427
9.649288364529816   2.3254507946672662   3.5145989239361866
6.881095396006446   2.0257249769231396   2.500851272434849
12.819189203740478   1.4475546851148173   2.266545667757958
11.430190695213295   6.5691374980782555   4.912741941243758
12.377980262758323   3.739941828785309   5.5859475118837
4.202439393213486   8.644765608461341   0.47063482834840414
5.294241230512537   5.127642460008775   5.705052477959837
6.199470091936867   6.434233147428462   4.279036643396864
11.557851062603813   1.0877992919299786   0.11048314615436047
8.378322148558146   7.20104474370761   6.055706949397994
3.738509001819639   13.461714375395895   5.129877480032662
11.810770362288554   13.129148414435544   4.335632513479903
5.1032094064625255   1.9083060360937019   0.08363092011311618
5.1664015410115045   2.9915820845170926   1.0122643774543985
13.70116343232504   2.723568391084244   3.0622744314327655
9.458043527723667   13.578854427225334   0.47830291621083115
11.191823484017853   8.42819909696023   2.128687021583225
3.1860828732516224   1.4052809643673478   3.541580366866871
10.401703582250505   9.556327411484977   0.7106662087583846
13.628576513018789   5.914701976245772   4.313930714467848
4.125908242684724   4.460911320156288   1.0793100531438846
2.326051286879469   12.33464330035436   4.276437669299677
0.8447445557069352   0.06283301608494973   1.193099624581731
12.196603555483037   4.995983194295607   0.02060024305754074
9.054112811962948   9.127087224389095   5.807142040941351
10.5856867621104   12.01959585653809   2.5553946957055618
8.909170505996165   10.401739174096946   3.883668982325414
2.866231843708596   2.7143959202114853   0.2983532672103222
0.3932701203409841   7.9531681665668   2.942991103145438
1.878835867502389   14.059922797276236   3.8758963036973855
14.020237525393382   1.4811041722722131   5.128068748678976
7.484616547159193   9.718741077008504   2.2141446939343035
13.689716032062687   10.532973458630327   0.10038981311037026
11.658878596489384   9.876944615573994   0.5794986154841962
5.889912714727464   12.242404455500608   0.8168398576921538
7.23594005269729   11.19700224009641   2.938507696186849
7.222802306277132   7.357788971777565   1.289833892108711
12.760189961202146   6.5747625305703075   4.092247383415069
5.234378307581869   8.08444491966541   0.5941938489061518
5.954989637322312   9.575410011691215   2.1281161879438564
8.782016429657478   6.16538723807223   4.11744924350292
2.035413578168509   1.1106382202389093   0.3113105481585575
7.21440704576997   0.47896562258019193   4.577071624289601
13.40902109608306   11.788990046353165   1.9249267901930291
