12.635074008443306   9.904116242639716   5.580302350882689
7.098870751494118   3.3663541023107975   2.9827924472776584
12.841620473224701   6.5135832369407565   0.3268222315029029
2.914804410265834   8.262262173038897   4.99145611235051
1.9326933691470216   13.732571219054186   0.9600754810654091
0.15485357942751155   7.47542881621254   0.48476470894669343
6.885218791127032   1.247918584396134   4.359755738236087
8.53233263149334   0.4384812298726863   3.2869975015439095
2.127322572238337   10.263497852208591   3.4482686206542414
9.87714120116796   8.066811704297505   3.500550790323813
9.287594149736078   9.469384087742819   6.208859007748188
6.913156118470972   8.727536535955233   1.0627768722384925
0.6191601116726528   10.150129016011547   5.883113398141988
3.412216196416997   5.52152681066238   5.896798140006397
6.6191175543913054   4.871620051122088   5.115658855869213
8.218182216204987   4.882641788872265   5.452692072290355
11.411451756872147   9.884559124404786   1.5779508030297507
6.623277759503161   12.961880122321476   2.988927429656927
9.350500081580945   4.621918918427335   0.18008486121775993
12.142410075284868   5.70495278521228   3.9933294372510875
5.089944766785944   2.807920448363775   3.644374462311664
9.297042948536566   12.331334769972049   2.5189530581927793
8.702067762722963   3.2005241988342465   3.284634729933308
13.666965282180692   1.2365968942725136   3.412046339696477
8.415742005468147   1.4832121528187074   4.198540686068574
5.12230467558433   8.45795469434468   0.7980838990456641
1.9256089572858035   1.5328568160657663   1.5148734193477849
6.073441101176929   3.8803090983483197   4.092156880209937
10.842293947997076   13.875214990908031   0.7175802432069798
8.185661545949008   7.2048962942985195   4.921341064566229
2.7641190356885503   4.310364699484089   3.1464392628130136
1.38117834382467   7.245931995100884   4.117003754429073
4.201877079620334   3.7836141079122223   2.9165751754431346
13.884387473571822   4.092807967675496   0.5064466775149137
2.317054957587194   5.371763595599972   0.024476998118344
5.634603850502788   12.260955557306273   1.7901338013093966
9.258659998277547   6.6944956274875524   3.9925136503933056
4.188106484256811   0.7364580777180981   4.044646103901531
10.628306199499526   12.318962644393668   5.064078322840023
10.82037219498904   0.7663369210794558   3.0848888805451176
13.589137712050832   8.03832072922505   5.961889462564364
4.151901150542506   2.322559091917161   6.172356185504433
2.1052883053024516   3.017998923619046   0.764581186730219
10.620928255654324   4.941539313091099   5.343048483030959
7.09135500508702   9.953618145325963   0.44591052093741435
8.595566020687825   11.199578971713711   3.31788973893269
5.901272268367083   11.106188673966956   1.5632314467952084
9.81332500898054   0.08742026310115747   2.2328716531164052
1.7961364223078002   8.421077406186859   3.257051824083541
3.082493596817769   1.9269557205052037   2.33306859085146
12.271908317438353   11.417442426423042   5.406380641297647
6.819112768962538   6.542360284921607   4.674164221051939
10.6491384003314   6.934016307291863   4.287019941372248
10.493363509735271   11.271000548028622   0.15361644596836477
8.421958247267598   13.242284463068762   0.1421347994278444
0.37354009425586165   14.311950955716297   3.106439830045918
0.7947075912864907   5.631260509252617   2.537438842819062
12.794143699549878   3.1594247087946137   4.712609318848367
1.3231299346138943   4.497996588249133   1.9298706422938796
8.215226739018345   8.807437827521971   2.9351069625994284
11.667144666729623   3.8674140081941695   2.7298236372425495
14.19210469185245   2.210538684063422   0.7222411488013067
5.400214704070568   1.1043658088195918   4.229550979307082
4.202460832118059   13.105717331586948   0.7305643557559416
