2.8685668402041307   3.827204783943787   0.4637355571738028
2.3755820876089864   1.6593440037103249   5.599320349227228
0.6254071364583733   2.452767926932315   4.4149166753737275
4.353043376671375   4.254865863619228   3.5938252840440286
0.3353620405352037   4.529067834931863   2.3421259932136502
4.112208207325087   1.9463201068624443   4.711152639695524
2.815365040670183   5.195395911904767   1.676131662931207
1.684979950246103   0.03524328454427916   5.661376866317095
2.852291242961145   0.5232153676854868   0.5317156430175544
3.5855701506701267   1.0002925872635244   2.7395971649044544
1.3850657763548266   4.145114037010716   2.1016550036058086
2.7829683876022435   3.5513583551394423   3.4286228755914148
3.0375799863548463   1.172086919761607   3.2796478856987643
3.8457354306607576   4.2297257365110745   3.776199340049639
5.223031515482377   4.432899403950383   2.2846132657936837
1.1913495381172197   0.14033695243785138   2.6215243300651996
4.6192875503297115   3.7283268672660124   2.3318558184036497
3.2957572144051452   3.7615269505990128   3.5245110014768932
3.130226267651026   2.3515195293616986   1.2361778609530898
1.3379117467432906   1.9526177596647203   3.5638495578198426
1.9471475655855237   1.1497338938901889   0.6411512228609618
2.3758175324057755   4.229203335341167   2.0683533655742385
1.524722215141332   1.3052742983709025   3.7553031623586013
4.937057816656817   0.9774983285390914   0.6099653121257655
4.043273492317479   2.4462098823450242   1.7258151014310998
1.493708196122209   4.508269105956866   5.121740674658213
2.8072510826213093   2.802575029724772   0.9661939025234408
4.1884715174394875   1.0831401058278667   2.556677907013315
3.542074902709353   4.935812916648768   5.181223006458766
4.888688548712466   2.7333881248893057   2.7359906615874663
3.763094234064262   3.5928306243428523   0.4935095045480285
4.156257314632095   3.0622589555048365   1.7662924976141527
0.6128749022540192   3.1046405063705764   0.3938189064078713
1.21698643861758   2.957104156511919   3.959542518899081
0.5113113110511363   2.1907678635272085   1.5717000330541346
0.039275832808132405   0.9531541358896338   3.877052857690493
4.863787300299371   2.0521340144736664   5.552940451978927
1.335092269081472   3.351510679072256   3.3384848132507616
4.532214807982721   5.081813535392446   3.060133485345978
0.6997547164692626   1.2530388924556792   5.658265770345461
1.1285954100411817   2.466558176966609   1.3153009458103133
1.8194920444751093   3.7668662855696913   2.9169202267355416
4.2818143436816865   2.750391726089488   1.6252922702537538
0.8445099117151581   3.822376141247454   0.07626191803405885
0.6646936393615839   3.444291543338715   0.34387969248069317
2.410349192251221   0.9977844979811007   0.04790439782312017
2.126617204455805   3.32281843071048   3.52116448982554
3.5981510426358905   0.7156306576275038   5.868324375910297
3.4918704906601334   0.14035655318448637   5.196645483524552
2.811226024509542   1.2475749557564533   3.455156464223492
2.2080305833735467   4.986381503794064   3.8063440978988
0.3244903187514258   4.998374929439683   2.3675011441179095
0.7309416213849512   0.29439243467556275   3.1447523033514453
0.031235404196831573   5.123761475733377   2.5850110836364855
4.822364733561967   4.740674293965026   2.6584069829204884
0.8858199239341433   0.6104704669404025   0.07469405538959606
3.8204445312632207   0.8420208475086275   5.791566703323887
4.809196809573717   0.380710938465874   6.130802000852789
5.1276673326373645   0.19627282860925965   2.5971007898164715
3.246061604610256   4.266648606749449   3.7057200376527346
5.061367774341146   1.218079549057746   1.0050089347962436
2.2987306050686565   0.23417766488525893   0.6103177859062855
4.097537741689576   5.148706606719962   2.8726216221339524
2.1607912131964997   2.0630077764529386   1.9188304666894078
