1.7049744371545683   1.7506950647993387   2.5461989474171896
4.2756928370871226   1.0006471521998854   5.663663189135513
5.278815849221731   1.2988049692648767   0.010261024996602891
5.102625277900816   4.989421900745054   3.894067900836359
0.7351420468162158   4.769181441300725   2.590434996915747
0.20356080152704775   0.8024374752732617   3.8612495016341266
2.213028999924779   2.668699151425847   5.385439928027089
3.1886390504946647   2.051504724652605   4.070938039784117
4.715929294321299   3.3115676116665256   5.573239205729832
0.7353726486515806   1.6347702837484117   3.1679502572646836
1.5729476567073406   4.5729272785918225   3.3115623790933455
3.3184239978489574   1.1427660527370156   2.717554478089574
4.580835063073129   0.1346240668574044   3.7589799146462703
4.564610291100669   4.596153989565057   3.321472087188591
4.186057107583283   1.9164295967072913   4.8189571483912665
0.42867890198836217   0.2672972690867096   4.859274598758925
2.172644834646372   1.2220396765844628   3.482221067546176
0.6179576584843445   0.7735373403109473   3.9911541678763625
4.821953472553588   2.4839904759976412   0.5580467977310709
5.045012156511531   4.645275373664619   0.5826950163747127
2.421464537358407   5.0935012390823164   5.954729122457134
4.072398337988668   3.534591941553961   0.3235809745872531
0.5355318304145102   3.0029615041160356   3.0334010322836873
3.2314525735066875   0.3776990649223876   1.1056348159215064
4.500189594083613   3.9436563981978017   3.1616168803829687
3.8409908645586177   0.1520923223457461   0.5794568779583017
0.6059890186344552   1.2083104982306383   0.433753211819485
4.395609632489132   3.786322130430983   3.1706954468784367
0.09589819328038485   4.358471880451791   4.331377405393555
3.041577104451611   0.25223238717927166   4.085527450592166
1.9684142065618977   0.005058655004657631   2.5707750483661886
4.551059932053392   1.5007389688668649   2.064253909893419
1.7008390112954332   2.8286365425652984   2.307612002937883
0.9865873132194093   1.7836057311909674   3.05822229144462
1.5702663575107128   2.4624306847028787   2.277797168706374
2.4943697292790388   1.9052236563141771   0.6737882619199436
4.035712396404941   2.7939873182823463   4.627302918205131
2.731512333635062   2.632818420995839   3.0919176082114457
1.3601380850508056   4.469806192336434   3.247590229975056
5.221563144804689   3.9212304516875887   4.267598592806725
4.410647327853658   1.7000095398413955   1.8451171773985597
1.4654042529115512   1.963439400250056   2.256109518535814
5.0224229033346575   0.9083651999049325   0.8249200197287196
2.250755731023768   3.4921523064252082   6.069185662735667
3.1780629031857903   2.6874858393585193   0.3654375522388145
2.7767729916777704   4.323941568696566   2.7094082088580187
4.18458351014145   4.408980666248386   2.8278531878774036
2.7178166169938467   1.9248473091598908   0.6218661656511086
1.5552707468699716   0.8885181589061204   6.204069853002684
2.8088480268316793   3.85171463154981   2.4016149325988385
1.8418681371971886   0.9426553020536317   3.35554230366336
2.3781795489875006   1.5727601336302115   3.469863860419804
3.1069846610742595   3.7224997887136895   2.3705879190420824
1.9065234197288135   4.38548129978611   3.577892007013696
1.5112323935365233   0.21632563196371668   2.4414174126549333
5.268784645760103   3.095802174865853   5.991063024497827
1.2388500861810776   0.8621528251135446   2.818764925509359
0.9735369479832978   2.9905764885338773   5.747277536241555
0.3102751752608743   3.348124367807888   2.773925749771852
4.892889532817562   0.18073726150357494   3.4457596756206277
3.863985433352501   2.650593733924449   1.4423716231545234
1.6903655161646964   3.561446725980149   1.2395115704386157
0.21901357180307784   1.9400712018369142   2.4388791048040677
2.911705199198449   0.11192193026932684   4.11773328448326
