2.8617263615833126   4.302917470913842   0.7592708547843671
2.3086437219556366   1.851228480435551   5.615310408177352
0.2778314222960663   1.8057876972894533   4.862328317483
4.347912887395567   4.298657131385955   3.02928567035942
4.821540087183187   4.056536635232054   2.87298375072482
3.7924556318257876   1.3543150628415617   4.76590685275427
3.180064448447557   4.892721948820395   1.4637336619734957
0.7546193313717137   4.845088395479406   5.503594502687998
2.871075035232399   0.12974665902808868   0.6395012063999937
3.4481855669089008   0.2931661299441791   2.5451641195238173
2.090232939063096   4.31861302092206   2.1410993470933937
2.753183443050948   3.0136516176884003   3.113947173182646
2.9795241264571892   1.6536170084968758   3.4957993067449227
4.512572571043329   3.8194741185433165   3.0170133272974176
0.09178806213080815   2.5490059157057217   1.966415509389385
0.957583201824083   4.376434666815831   3.2078339745433126
0.5441432263197407   3.619417761740371   2.817875799410696
3.1964702735828157   2.5677470780943894   3.335069734571557
3.200819711286179   1.9606474019805098   0.8786154068934523
0.8120798336753653   2.8928772033069845   3.535451900221279
1.7238068250328502   1.2037602171530193   0.3923942451378589
2.6082968676994085   3.6929415012326774   2.110109175548286
2.285055321852571   0.06647075879005604   3.654034188545024
4.724138232521996   1.423562896522945   1.1226339226945168
4.2606358746122535   2.7777975452317523   2.01663293269433
1.674762621141201   4.930360858615657   5.42991029234407
2.290016264263237   3.067062896707912   0.6938947863956076
3.780847383653215   0.26876821926565914   2.7052229246181874
2.541175106495709   4.749261694399205   4.475026804958945
4.7862530857108645   2.518305587465057   1.773033576317353
4.194991635801925   3.484728150664067   0.6477419580019573
3.8868954113684158   3.069835539384012   1.5921300043922368
1.1859747986361273   3.258620757332969   0.5292245374004101
1.7323031935727522   2.497215892461303   4.557679245042249
0.5175966034539751   2.169272056446271   1.0185203554321465
0.024382771522640206   1.0614639284192706   4.263181786411369
5.192842467178998   3.468175613411998   0.006121430340208178
1.4897895003783346   3.8776879158284228   3.2668737487146107
4.793609669167988   0.19986597497871417   3.443496875425472
5.281428975563081   0.33149585647176383   5.51511750465398
1.535953192589694   1.8488060632430645   1.1849519358112606
1.8601133874500377   3.4774871110037004   2.934396150340095
3.92625188590474   2.8473549768352266   1.8022884908440213
0.8687690025571867   3.163825065847506   0.38732050563846854
1.646539757083029   3.1984875890314544   6.141858893560696
2.25302429277639   0.9866971384916576   6.061442293197674
2.9360259072919854   3.0438480204117666   3.1902957078300846
3.1103399347641982   0.7853881349901268   5.8621983788138445
3.43411749248884   5.1292712744847835   4.820054321559834
2.6677648963411027   1.4352503796200207   3.437155587694255
2.50268375051388   0.05668079438542151   3.7662343451403335
0.6603115555441588   0.8416229427301356   2.2078235623710905
1.0983766948094593   0.024571432068609234   2.909698909115878
0.14769214119245966   4.0941757619126955   2.0386604207797645
0.4987829431085604   4.86248220945372   2.509056829801167
1.367061469905051   1.3932891709018886   0.1909804709540661
3.3643520382973584   0.6605279921751913   5.643007037766553
4.396433370493532   1.044706794767158   0.14372979350081602
0.7399860831461829   0.3664647451219354   2.8780060573925756
3.7404073155410136   3.707473400792824   3.4493218916219788
4.568146050885014   2.014847983929029   1.6608402204258235
2.667417286088439   0.11438845311557005   0.49847947257261094
3.536980777246891   4.371826604448666   1.7300343423752642
2.5330124250817465   2.3390537610603293   1.8284741695123548
