0.9064433825763841   0.5576800555582218   2.188244999328498
3.5215096323224078   0.22413537694258667   6.041766965156543
4.382964546712698   1.4893376408027375   0.17694744115801006
3.8804964944226175   5.189998299233082   2.731670083062436
1.1534961251089337   5.124264883555053   2.0508608104055672
4.676202075186767   1.2205792753465765   3.3114512341234663
1.274330079548161   1.534210062717684   5.382311579959049
3.6831486577821577   1.3435063725052694   4.872047106208028
3.8014599760888883   3.3430877714576095   6.042743831395179
0.8230282384327542   1.6546370710085205   3.045329850895231
0.9630447244205147   2.948492123743398   2.7490094993488436
5.122512412933622   3.953107608931333   2.5197698124325125
3.9924157156835203   4.248034007609735   3.7640534611056773
4.592690338610986   3.6382925734072606   2.891862836674999
4.803932396494409   2.4962129228154786   5.456768339004511
1.718425664426102   0.35460070182236497   4.771022802461367
2.0598084385726096   5.051848869136742   2.940564233253408
1.8646306723223451   4.379959439204013   1.815378699677628
2.8893275964567127   4.109175836811048   0.22259366650183493
1.3321722399993228   0.09274249466147816   1.6439667709272703
2.648970477997649   4.679462789969451   6.144068719967055
3.461440512756259   2.8552492556149343   5.836858377939784
0.8406116458871786   3.2275998835500666   2.4677208455150166
2.8316446429009514   0.39632251319898576   1.1134407074352377
4.125098826665673   2.5153337159273352   1.8764320180134204
3.6152129356726905   3.6916348622664206   5.6321205467797535
1.2700548296218757   2.174827820186007   6.242061603874352
3.3546079403594615   4.265848153644641   3.796766464689904
5.176483743249584   5.249087119733428   4.023870804504957
2.6618357830965835   1.8270927110228419   2.973010590059466
2.367172895398188   0.20768225886222413   3.3877378902923336
4.8235789037339405   2.7004069767248504   2.3057910387448888
2.4800924099085027   2.6929053301454   1.7775449154067549
5.240402272330395   2.032498206733893   2.3610198723797606
1.5224947874920283   2.826193423071905   1.9506201563393148
2.3910889474615775   2.010078410819147   5.709497545086608
4.62781605115277   2.078204753786401   4.667505773520052
1.9979925116883521   3.232671688728975   3.385979089944138
0.1123461936218968   1.102806248968824   4.071884160804185
0.4320123495170384   3.7012942263009045   3.8634632355743026
3.671348332943555   1.7986809907797021   1.4377907022122307
2.110996553345817   2.1226445954095285   2.437503838155552
4.4418015337617005   0.8036134296565974   1.1060716477454589
1.4449768844927426   3.793802259506195   5.914002905320512
3.351717415412998   4.579797825220378   0.8401213189964429
3.1117244915985576   4.996492748859621   0.9232636644891666
4.0368348566152505   0.22679590472130134   2.697898344678423
2.9252858391472816   2.116511868147841   0.13955462858065282
0.8914563240212796   5.137674761662386   5.1832665837816565
2.5065165470221955   3.4309561286242376   3.528247765420867
1.7162456872982519   0.9271667743589702   2.9719941647330557
2.0283819929103823   1.0985507884285473   3.253825939505765
1.7897466844414278   2.246416540399888   1.9804681278814569
2.22921634121146   4.174670334132514   2.5718551997221097
1.025760025029101   4.193505261933705   2.2317400368791196
5.120638326857068   3.413273466675583   5.654348996601971
0.16882320916534915   4.518268790173629   4.068264089929761
0.20165920926671965   2.271768116389431   5.853331411415518
4.222152288276694   3.1473433911998305   2.722292637835794
4.64406636024336   4.709072050826853   3.1049276780955544
3.9277293550043257   2.2491050513757407   1.9967654513296103
0.3711489968471847   4.780089008831595   0.8762863419224998
0.6507806887952112   2.071256119053354   2.324699367488975
2.9553013157468895   0.9294907465627906   3.603591956873875
