2.477882860743655   2.632546255811828   2.6404266211016827
3.5797015182209138   0.876157043534749   5.761439245849513
4.7508337458349965   4.896259092159873   0.29124271717899397
5.163721074631302   4.976495125232056   3.903209228050265
4.890455808783041   0.28712876875292603   2.1999430612195985
5.1639651031017975   1.3021225721229177   3.2582577917345303
2.693955560794661   3.6412044767964975   6.210162766965608
2.8852105910502375   2.3724131775016213   3.2297143392956205
4.254310344596461   3.4026999519362167   6.0222896287699985
0.14627406831098982   3.3394546304158497   3.037889451877888
2.366912578597525   5.005276785246821   3.1182924297137484
3.4092341739129806   1.0145310426729766   2.402812939683351
0.835817460281192   4.004730593864838   3.588961720442514
4.025464698244456   4.420585008849733   3.5839297065162024
4.452041873182742   2.169510994369138   4.438053246468739
0.9535423161702864   1.4401657109690003   4.49192943857199
0.6592146459374852   2.493003426279498   3.504883612641238
2.0022547132987816   0.8359095155996933   3.025547654608578
4.688705016704218   2.4857063501849037   0.6686487949398218
4.257913271942796   4.528631927502368   0.49272911591215973
2.3588648175531373   1.1350613464479729   5.714865891066056
3.7160794263726844   3.645668616771814   0.15788050875622855
4.951694337683382   3.8265804022683305   2.9387869123958517
3.041826825218788   0.44373504053539403   0.7995978825760682
3.8771143420484764   3.3794248087416223   3.2449424411581593
4.312717646608334   0.7511468374199655   0.9834159578605478
0.07017251997996993   1.1599515713655628   0.05435308681255613
4.008354785325619   3.703080149246588   3.3272365076113912
0.000588139433588597   4.641772521989014   4.205737430698081
3.240677948496046   5.087171389596888   4.013404258182975
2.5752329601994557   0.9917949081372354   2.3756769049334165
4.32045852802784   1.7126572360498948   1.7604517541106326
5.192946491453324   2.818179246489565   2.8348669728056115
1.4487470615141522   3.882854746749553   2.4974695249323493
1.711786717301923   2.8959052496736506   2.7041126700069973
2.4064695519481143   1.8667865869521312   0.824135611408702
3.436915031126485   2.6700097011670625   4.725132721605732
2.8939350687059178   3.6572564560517833   2.90236756319737
1.9450965932974225   4.9794092545666055   3.157598058277762
0.11896942216258094   4.767465348488783   4.324433989276716
3.8785368286799056   2.395885417321418   1.7772460220098547
1.3091867589799768   2.1904250964392205   2.9127650973564423
4.354168788219133   4.869254074709689   0.7683002572829477
2.797211383644368   4.37299449779664   5.461408564008888
3.3190509968226   3.375380325008056   0.4394703749842225
2.339197626734681   4.244304907445131   2.355990976929969
4.04155333824155   0.09001325731154886   3.4331892273064324
2.9240033771869474   1.7411161617062318   1.1726119045008732
0.4607267766691651   0.42433758659946696   5.992602245340693
3.434313211930663   4.314968467060879   1.5868132274547446
1.8343758491137727   1.6440124315838496   3.378868958920333
2.8644138878905694   0.1408514121475788   3.6860688412327045
1.91995577980929   3.524927778051965   1.8114453412349258
2.4999250742419137   5.057030499417887   3.0827193481985775
1.3524510551038542   0.18182639148253749   2.0746149149368143
0.3324752862507511   3.036882404262851   6.26022289724182
1.630172695800593   1.1586758174288339   2.973139962695759
1.0570077920860856   2.6903079732890443   0.1449370468824774
5.046669665318048   3.1425529075461824   2.3585089117591362
4.212019600346371   1.4568857896743055   4.550724074224543
3.5628729655078235   2.49724648714786   1.6814687158385269
0.711111199171462   5.10511518597892   0.8992354965409309
0.47157394610258563   2.201791742401297   3.17868943352429
4.584585768184328   0.7745775833332326   4.144659409650278
