9.513923304866735   6.803583690553661   5.111984549380501
8.158872284378951   0.23850538598280646   3.7175988309680976
0.7265887625709933   0.136852048144185   4.993345965760545
3.5104931410165316   6.586086093460874   1.4275197805924604
9.740677365588525   3.8837616858662822   3.0697342644634036
8.439483022239681   4.466772421391955   1.0504048483583281
5.887733555752422   0.15028256144976157   4.981140188721538
4.869991482079081   5.001518664083445   3.849700429228021
6.052104826493754   9.039529538696172   4.514867728374641
9.790351656788333   9.581875331005644   5.391473504357147
9.353576141783236   2.696121802760762   2.255468206446703
6.069287579623724   4.888572943478793   2.083514828221772
7.004711315410763   6.050688389978899   3.4103596072485503
0.7735661154016226   4.454543483913332   1.0570309347664175
2.2615758177654866   3.5441737764640733   4.276662319583935
2.4268601707189417   1.9369486446470014   3.3081941314393313
3.882041715856013   0.3208967586608706   4.71264901145569
7.317178509233586   4.954999429910506   3.94032928290116
0.6298917781556201   1.936752253482534   5.786700172571842
3.6177418684912497   7.643556651587935   1.9657605831785208
3.419244057671097   8.90445243918551   3.166271593774886
2.9403222719866027   3.8342139669763853   4.572402406517449
5.204009419088421   9.314712817497654   3.101468927301724
8.02790963305815   7.333327135798372   0.6192083955172349
8.763176212564595   2.2870753488640814   4.405988716702048
7.934758941434076   3.8701569828963294   2.3642349876960487
9.309117937307356   4.7830509422797265   3.1367278375749454
5.188449659620644   7.484630204950614   2.7033915962451482
1.2905795749298465   5.252016387007426   5.13388850645452
6.056452835510173   3.7945025495101232   6.177277945115598
5.077827413906043   6.096646886000901   0.3109402799643078
3.72971853360055   3.8799589048531185   3.61414571040207
7.019703776384626   9.200651125462256   0.043169277188711774
7.351462062879364   0.7394757517105253   6.253547879112532
4.914661803485961   3.6170616182968525   1.4320088721016946
4.415289011718231   6.879774211382943   3.5447737538682493
0.2610964612951193   8.440145136803423   0.41585151765162787
0.025938254865423005   0.9303676042114388   0.148459876079097
5.669987476207302   2.2061580296212226   2.768298998695863
4.3369159638170425   8.09770744446417   1.0348957157672833
2.8309597537678317   0.8063440747415687   4.56825746990035
7.977808333726549   8.772384623053744   0.3237665665642387
2.649725682130159   9.476295344039341   0.6275882489836313
7.89674133791312   2.530301330133933   3.051833379807301
4.437638698824554   9.269004860037217   5.0138877004322735
1.9630169251996388   4.517914253598189   5.074323346366833
9.398002398259436   1.68507705940149   3.7794685412886486
7.029464302777578   4.2457560296894385   0.4277038176809237
8.50995116112124   5.275452368627208   4.0446584919562545
6.274256603846894   6.627174490601894   2.547578716677178
1.6411840731331218   1.179878680072575   2.7567903388446453
0.41014373086259076   2.8322026171096533   0.8180135457186514
3.9805734293154824   1.5593412991396227   5.941752107420363
6.17462339189849   1.2916865956038404   4.098223837948673
6.751691304071901   7.475527587271932   2.969362940602256
3.9407154886551266   5.403440287367405   2.3674667357570276
1.2288339412234106   3.531275139968936   3.529637948113277
7.1608608422643645   1.7693944646487476   0.8971159364203145
5.113785144420887   8.53347151335871   2.717108706229972
2.0374312735553084   8.271449950247517   3.2152962046954303
0.9167955945304592   7.987903852922873   3.709325340978499
2.5474197546636432   7.022877827078973   3.3407810543902006
2.733365678614403   2.847387139850607   0.4562119785319228
2.5961930813622143   5.015968841686867   0.9041501748348543
