7.5387810056943465   0.7329451293650656   3.051619157239857
5.923245969574985   0.6134571352811778   5.027478960049512
1.943338107611282   9.429766190229708   5.372478324834804
6.727480416906888   6.1386305831474175   1.4643210711457266
7.390818064800364   2.5230249730537047   2.987857546238217
8.319303034263747   5.756345765409667   6.217912099057656
5.047779283922644   8.826049041039857   4.527292763713317
4.375237100011081   4.049035930302744   2.407440993741366
7.453152776315   8.88692946073512   4.3649547004488864
9.667654945820578   1.2931662449491381   5.564994992649746
8.533358636168868   2.2423886283566143   2.540499411092589
4.565224319684951   6.878892564084987   2.41390934969391
8.16019501700778   6.75209928071649   2.824588130158196
0.5390707025979309   4.394670145738693   0.01843138466198546
1.369957224939725   4.805194261251965   4.390376559099334
3.0709109789723636   3.153378588288638   2.7077645672586006
4.0631499044411585   9.666233793290129   4.2448061729980715
7.307601004524088   4.175973061585028   4.756773384850531
1.1925150344632818   0.7915988348511557   4.752828757856438
3.736341528044365   5.921431506781525   3.2049296018052247
1.3266271744348606   8.07388123129812   4.361783620068296
2.8061023273041545   0.9419059775196403   4.700440066972486
4.702610506711184   2.0424527067341076   3.3210461529234965
5.947520200336851   7.227051820625013   0.6798860614545273
6.798476002588463   3.2894958525543077   4.250146527553657
8.549827361666463   4.5209905670199095   2.263141095571484
1.0212096274260096   3.4197300481745003   3.1069989385657975
3.467505119075095   7.2595593242700645   2.014780680121306
9.69014976560753   6.393734770618992   4.794028269649945
5.691650993295259   1.8905450668403614   5.284499428679324
5.7669138998054885   6.31418085913057   0.4667422811239255
3.6268872293213352   3.978902029677844   4.660086635229322
7.235603204945135   7.820202288620315   0.11344168387830086
6.802734957459529   9.695754385841212   6.131343879594624
5.54552935089344   4.234060241824225   1.9179097528209472
4.6903603144402375   5.196624140776085   3.426486669510797
0.9996419663001725   6.991591949546697   0.4866303947361952
0.3681012667744958   9.613816769683533   5.732458863827817
4.58035877332428   1.2553686793142034   2.6289724312894465
4.3517843051110106   8.025040290249724   0.7074618157483185
4.091084924179022   2.771391608196047   5.4325987866635295
9.368926024084741   8.798525448420945   0.02871450056879213
2.7195337764607563   9.627639420178049   0.8410065321671282
7.824731623456977   1.739461551224067   2.6114755585715823
3.110348126466752   8.650670047436597   4.463419305511078
1.8913269415832579   7.091086401959145   0.3585549983661726
0.053785958881175155   2.292229555288039   3.9638777617214616
8.170701171234931   3.4561400821001986   5.224091236651111
7.1050977511066735   5.285770828376214   3.1453481560025973
5.824226549419301   9.416427569111596   1.3471358467190817
0.8430638377468829   2.6085497082194635   2.960426813792167
2.13488888469325   5.312309532636159   0.05226106167105493
5.271219681947856   2.836198077292674   0.39275752422176846
3.8046830823577675   0.7927397182008342   4.2254120206150425
9.704590880177351   5.264717690180404   3.6962331462095515
5.529556351911824   5.470715864878353   3.1698774906567464
2.8878877518726047   1.9451217547948227   4.488807218345332
6.641889669217186   1.505582459571296   1.623389103050414
6.175083745283001   8.669837805407191   1.9531255240511511
0.9228704684959076   8.80013587293321   2.0011753451890137
2.5062663060477757   7.80364447290048   3.717574073419647
1.1384911463854508   5.49395218627057   3.817709966106398
2.416649250935562   4.068792323384343   1.1906989212549557
3.4837597144074013   4.789998237165926   5.943171155818445
