0.04071413979432048   0.6277320259228057   5.101669653425973
0.41546870062988417   7.199241104711481   1.712436883195159
2.4165999427201625   8.461129304962366   4.914088473818021
9.168009286437455   8.53747504998079   2.5895396063197653
7.355093208271947   4.164652391035743   2.6623392981055214
9.149953949349687   2.6039083237939327   4.131041291612377
0.4153986281849691   3.7701994047950267   4.16784919251808
3.5280246036173395   9.602332914085741   3.638576447916687
7.352089693914248   9.143926831159519   5.30040757629029
6.642903575473922   3.7851230336822095   5.326232319520689
5.945939417792767   0.18966559959222395   2.2240827646575827
4.546865096675411   5.4233755202730185   3.471820171376452
6.771512222811578   5.083066165845404   2.2364721140541333
0.11764686215413   5.535704959680756   0.1148024293089544
8.779890286284864   4.107449876735861   4.706308401266982
2.613492514951842   2.8284009790811724   0.40994169968355687
3.930476599021629   7.149139746154061   5.93201580215463
6.786078011903383   2.552128877170489   3.5962720433342517
0.5190960077758611   2.281273469342099   3.662857050608109
3.4374534674251356   6.047805762029239   0.5835733553436535
1.0307228376403414   5.076070841053058   2.6649820951684533
1.9940973097401815   9.768648034129201   3.404330718327915
5.25848704491678   9.107197883500238   3.0030477861545153
9.023933941515983   9.729217497109621   5.44734434728261
6.023858381723518   4.812127694471463   4.168825429357237
8.50129804631691   1.6241580064647398   3.034042097019417
8.622863744368859   5.360529277774647   3.4782603141214907
0.5197147074233371   9.403516929135701   1.5226363396689666
2.8759821077711356   4.103991044386061   1.8270457259567792
4.068745135679603   2.501738596158595   3.3289276141306217
5.918250655056962   7.368901375104298   1.8065279007425763
2.2503886408212828   4.762874429614982   2.4114554768497127
4.841466058812915   1.956357491058444   5.8008091111543125
9.681823024757389   6.589447814703675   4.841093487754201
4.318205631636807   3.7763520858163013   0.6262800964700732
4.942494521195583   7.682359389966141   3.933585506975336
2.700082290169222   1.4889306460630187   4.536023651005083
6.083526914138034   1.8161523809083913   4.7814724359638925
5.47824110594517   2.941796049305074   1.6849973007300154
3.214373240686721   4.961227421720072   1.832030947443769
7.883266152687932   2.477926027417145   6.220481721393134
7.826514165448811   3.360509689195397   1.964392810532356
2.8966721276375216   7.325673031598928   6.0238905123150275
1.4866067352612458   3.532249086028077   6.060698712503369
1.651059478083981   8.924127434406763   4.926960438163957
2.7229963125075254   6.096776620233073   3.5686997926235327
9.555631167683812   1.600170291236517   3.9338604785197937
5.4514446287832286   3.8098881174334016   4.763165018832305
8.954001529601378   7.7868933145952415   4.359244098910684
5.598451231876332   5.876252901898571   1.852101486183074
8.244965765369077   0.05997668236891868   2.1316331302189213
3.4441584476857763   3.2714290453056263   4.642414809395341
4.76686104725389   0.0032802306850395757   0.3042918693668717
3.614574312318652   8.418965882878597   3.6086797905367907
1.0774101485001983   0.9741374410270167   3.843932789662097
6.571812306711479   8.72800068745885   1.566184272443072
1.7022116917124326   6.1563040399871305   2.772618844520467
3.6285636346362735   0.5753015378532947   1.7284769175580932
0.10954090198275662   8.341964530225104   1.2065593718334031
1.7157419084983099   2.186920311378832   1.5526741982458112
0.8862530321281318   8.328247529937874   2.0052678127991515
7.454252867971991   8.072248879466901   4.972377537045012
9.315923403368899   4.855959446333344   4.707751698950983
1.9941452257682226   7.7143709566598195   1.4646417886679903
