0.6298190975665805   1.5433176631243173   0.07771078848131374
1.5942065693004475   3.551397605027711   1.215601024476641
4.4757816070067955   6.13980117816687   2.5882039754130237
3.9646545451602377   6.952668215152205   4.455054869690123
1.9631711064338433   5.465773549804232   2.752991215403101
8.772954369156365   4.560518548766087   5.531474563538194
6.491487852747026   2.273228684418013   1.1472371094834204
4.0916875314857615   8.83484207520927   2.432862658464544
8.368751128740405   9.312903377153091   4.0483632712260995
2.2088240893807347   2.2027937674583695   6.2545375605344695
0.5676028747043638   0.1900802747481486   5.298786680430121
5.24098708625724   3.839443519282928   5.449604233768943
7.091229649679943   8.640720344546146   1.2521369929828563
8.798661922248732   3.5156126363452653   0.8182621041511429
6.106235603071111   5.222835511301152   4.551923863722912
1.3956913855970252   7.021322832034632   4.0020635107875755
7.440963596085048   3.5796587980601777   5.825169686106758
3.5767638022390726   9.749083320876284   1.7039331673112876
6.609495935003144   9.686808418315078   4.463575058749056
8.248791656738854   5.793915214151148   6.26951101907083
3.1868279180186088   8.576387548341753   2.6725180123074757
3.195914742987792   1.733859159244223   3.7105366948339613
0.6037633213345857   5.151558085828293   2.2761707805346587
5.618844311817791   8.822291025929669   6.060899621796587
7.049539352528786   5.690636174962668   2.672051951790279
7.45965872209479   0.11113621612219937   2.923807819618819
0.6614520570989579   7.439494164278213   0.6954070726705001
1.5228930951864845   0.5194876214110336   1.5102011751833917
8.005440404650852   0.6993668249721154   2.77825365874834
5.918061127518394   1.1814010173158276   3.0444231790851823
0.7861316587879286   3.17247012078396   2.6497877991474836
1.9367071578313522   6.454739915161686   3.672057082517596
2.0934837770811527   9.436855325825869   0.07945899643618207
7.935633869090136   6.463047775031173   5.73762243352385
6.431537738533148   7.735875117466858   2.1275284008677753
5.11957548904405   2.902281477870781   1.8079430545251642
9.544973029771706   1.4897972514308446   4.37406032985291
9.041280856119318   8.942429997920447   3.1509184992385157
4.104649930470077   2.8700556141260876   4.117848467308466
4.336559143519955   4.714603595352379   3.0375390440236965
0.22007433704615487   2.6223882131006024   4.781821583746925
6.220978541818142   6.262082452204384   2.9637944004759356
5.179814643002006   6.766087902205275   5.921880777160015
3.4134998156936276   5.4166240204317155   0.8823503347367694
2.201610782078927   8.319543449322627   4.909703231992524
3.9918315948179757   3.7882172780458667   0.712531074525395
3.959213716990151   1.2790860701175837   4.448820105790741
1.236772761193901   5.829912174368291   0.9864411339725851
9.389814310763397   7.833773915409341   4.142791612477321
5.140511758957043   7.780991985127002   0.9765966431209778
0.3155033436203093   8.728105932859874   1.2839225088315782
4.891179178727258   1.9370515515981341   3.025919462984142
3.2380916195657963   6.214631750091358   0.9448914106213202
2.4898180024539487   4.404809439449301   0.9098520899252778
6.779905507424407   1.5477112494601695   4.5871436420393445
4.530073970726654   9.499288833424067   1.3540909728076376
7.606564034328132   1.3527263868495427   4.4341387654153674
2.746443790653138   0.6475678078068461   3.5247016606722665
3.442288669252288   7.655228940815433   4.058857587049277
2.3418944320335258   3.1734903458511186   2.07612807400068
0.5462112617714362   6.494725928577704   1.5809788771059043
6.360422473529048   3.9972648338321073   4.909262546729821
1.3942989385439803   8.91446374041186   5.413157404502243
7.808712718016501   7.271760742894211   2.0991193647886015
