8.402692863324342   9.593295043459333   5.497708070069602
1.2621082859905897   5.8449922109447465   0.63354256402511
0.46750007578353525   0.09848068889622191   5.855058042058269
0.4171090940177567   8.086977672595058   1.8426993229888955
8.662191707108018   6.121631777150975   1.9078894878007995
6.636404013102859   2.6845475784805255   5.188219077167677
7.603868180561736   4.8755795195857985   4.099518388193263
1.7753125429726053   7.653848903040139   1.7102449441366865
7.593702906624301   6.299907043937253   0.023593455617349657
5.967914173197072   4.070780433115403   0.11561106348838121
5.777535118289496   1.02762064933507   2.734241424140933
6.325184797093802   6.330989961010908   3.3798513961075045
8.976929867293286   4.852369278875983   2.82075824832159
0.1579396266349704   6.397876080600552   1.394791915524719
9.057973355623766   3.6624427616814823   4.228618424703035
2.543266968763114   3.0010081783260993   5.411696956338775
4.884665527496704   8.539611516673393   5.425888820001767
4.621860775797043   0.7604642964224817   3.462804140265815
0.6829455831291636   3.809434510451442   4.405175114584172
2.228824247451889   8.275021487392172   1.0909810242126117
2.4074321950675457   6.02444806718952   2.268520031591629
1.2734787597891013   3.2869484782455096   6.0861220110363865
7.327421090565663   8.877722906552224   2.1356049997772564
8.69609147228115   8.350326943548719   0.8342289312852005
8.716398443418727   2.6986298721389907   3.4917530980988425
8.017727943405358   3.838197756664851   2.0726584958728593
6.525392757084101   5.429376355755166   4.282140788987906
3.4642921727116835   6.993591527780575   1.1801037790633657
2.9800282086572674   3.6644831671256477   1.181861358364166
4.229885325191547   4.131815903893656   5.844036115018743
4.930346607373442   4.339626864476625   1.7084840587787586
3.9305955986271544   5.156386771008865   3.3542394814879635
6.258689558045906   9.218089164092717   5.278750307716094
7.4927506414926395   7.6720177969307555   4.8494953040216835
5.697532479078418   3.0254693735385163   5.972972436043802
6.194857867512154   7.8416908097926985   4.504775046517573
8.77846595600984   1.5233656089715577   6.1397523886029965
9.24284672807858   0.20517343166340024   5.662663357532622
3.6410965502562638   2.668755435118504   2.146018781600864
4.070510060135906   6.358488105168117   2.4645684382859234
4.036197722179272   1.9125943414458175   6.230083414130196
0.07143898107951469   3.1382329340930726   2.5109775527762768
1.917088154601845   6.689120479791745   6.216083875642544
2.502339440041343   2.101739587711309   2.0338072708456134
4.364519360433764   7.59624523916316   0.500414142003968
1.9984559187319388   5.25857527245473   5.355065850898302
7.917206243967887   1.7053040949253713   3.059568879736142
4.195323990181183   3.270807119628788   0.5020042225360893
9.22382497740938   6.973507581731693   3.5403032687187936
5.082996419409891   5.370300969010123   1.417242516470107
9.567370013667087   9.278923560730057   2.645716674722481
1.4441112684494612   1.0416253716419068   0.3540010087876193
3.6807202730900137   9.565434385735406   5.980645798146255
5.505181771618828   9.392399512487238   3.685351207502408
6.948785222995383   9.789882061611712   4.566115342662632
2.8207373579086075   9.57849809281062   2.1963173008365615
2.9897819628466094   5.257388479404334   3.2679310803045225
3.616108815823196   8.180604626376304   0.9110472330499446
8.504049855059748   7.233435172593397   1.703771630149602
0.01757964957623065   1.4005244502897871   2.292496184582034
1.3287252609207183   8.629634619863277   2.6467937125045653
7.168469117002935   4.230190510033453   4.465023554404727
0.2231552685988687   5.225890511120145   6.077460930243822
0.7632058120903674   6.976990583693315   1.6575734296193376
