8.179952817785772   7.844137808470866   5.491210209328414
0.6015499460520739   9.08067580135109   3.038329689959036
3.9946721173296376   9.531103169374113   5.718401887677307
0.19156248655961505   7.32817625764179   1.2200934322477057
9.436331588622968   4.730783671611241   2.595267507714189
7.5518974052808145   4.097312612550394   5.873306561552547
5.776754838670471   9.02073525399921   3.0148986967479092
1.9463316019638268   6.961884532113049   2.1619347403702154
6.182950504359951   7.127162878632455   4.351649289106642
7.805387251252101   1.3627864420652003   0.015666497611429797
6.53218218813815   3.2807624240088025   2.139961757898846
5.996769380843375   4.996936259709871   2.572571940798367
7.049705569584814   4.909542575876385   3.5056067583877715
0.2914365853451852   6.0747122347554114   1.6659632393988968
0.14822021755363063   3.611940532619725   3.747040310673724
3.383895137769969   2.584720016181373   3.667691849008277
3.268937770843397   1.0856935414962163   5.147327806998443
6.539149793696689   4.174067547852597   4.366688618683436
0.5746185262517384   1.4781199171684025   4.015683510237589
2.5847057424291133   8.367820202122429   0.8489124066669377
2.8388334121466468   6.7370891817983765   3.3346281568341554
2.5662678697875325   2.0827432653344786   5.3332490862766
5.542579657461601   8.205313447656312   2.3453629882931044
8.700097909915801   7.115560903300939   0.790319671586951
9.564871457226836   2.743131422598044   4.551019974420486
8.426400155882275   3.532676101514323   2.6584114558955774
8.005024447225944   6.057385741985661   4.350031000008081
4.654171369851939   6.5660362290844905   2.094971768611782
1.1499696322691824   5.356039441610377   6.221624816572484
4.368225032181915   4.8575821190942   5.700072806198857
5.573645187250474   3.91249502031891   1.070390111672759
2.9828848892681945   5.651527300303556   3.076140482980619
6.628656617206064   8.602775908874774   4.9732687501680495
7.50820701672197   0.3702375715143125   4.646082791272037
5.508473178969294   1.9377502801171094   6.16330708811076
5.156536219366391   5.601530712790968   3.3974776787524625
8.267252073196008   0.18666279035602784   0.650206430080027
9.372542462973518   0.5405183989600454   0.10581992094764853
3.9908781546578442   1.409292241402205   2.2530997251968787
3.951063630326556   5.838748801053525   1.428513090136988
2.0493311837232175   0.5260448372180884   5.465662143575578
9.121734747137273   8.010885690219194   0.8612428715766397
3.365407153647752   7.654345022972985   0.558110803011655
4.841893440099633   1.1240752186266985   1.733763420758593
4.390410077091587   8.603151908030426   6.114849039524873
0.895247990504583   2.924638470576019   5.653918223275355
8.88547100297477   1.4891838590518374   4.275056561092754
4.862277999325158   2.9403606692838933   0.6906748580375025
7.852940749638643   6.888458305466314   3.3527213562147775
5.771764171269431   6.365328552136439   2.349431745832169
1.7764397475961924   9.323775915796668   3.0201564898499527
1.5124357235804695   1.3561411285679288   5.581653167585007
2.15714451866257   3.190171357740139   5.076998441277778
4.698207526687978   9.726002301567748   3.123083996175901
6.520406595965944   9.58716203377441   3.927642195718087
3.444714598673314   4.736926147745058   1.845016933759449
2.471053797617347   5.109871804495666   2.886845549595401
6.744107744678422   1.1800738589883697   1.5359662201445419
7.03059942446564   7.60950494230162   2.5985813424026247
0.686485267892458   8.005792838075758   2.202649403244272
1.095107058481481   7.2631635243637005   4.348988172159293
9.20965630206797   6.075175372031435   4.328268931349938
2.0762697683603926   4.36703686239405   1.0133572380266962
1.3543691998436789   6.293507018947172   1.8060772575610413
