3.2025377371438126   0.9356282558966242   0.22806725676501685
1.763446294368057   0.5821853047211962   1.7249312484307673
4.660969532552853   3.7260039094649717   6.090012208487671
0.12320201500732075   3.4224827863742373   3.9026070936644324
2.323364294879259   3.1685283734391905   0.6846317429202436
2.000687855635362   4.210379559505378   3.714357693748529
0.014609917392785221   2.0141551926344103   5.259983250399227
3.94424740529421   4.208604185740471   1.7778780602383402
0.5456155474303309   0.5186610235764106   4.968407425732392
0.06611168082374874   4.203920835838868   0.44592140321923657
4.4554929150599225   0.0041019755552244574   3.9811845161217843
1.6373718095553644   3.6788762153379997   2.0068550473324134
3.1214474441260416   1.7114207208401953   5.33621658053035
4.394976861103853   1.5417265753093434   2.576256472970425
1.8148885375453205   1.4925050673840108   0.5922302153689059
0.7861694173011986   4.6983165756510195   1.1569544222070294
0.9024939044461628   0.9070290698347518   3.936118244180903
2.898949372876646   3.2567933054744094   1.104674287696224
3.306944365989299   2.278504492756119   2.112204636830845
2.9032896670020487   2.7407746692035433   1.9847288183568756
2.6218303168303443   1.2785327586694242   0.29890926894565534
0.21490293725029108   4.60453532907501   3.295171180940445
2.193635769747929   4.132985104796855   3.736835830230589
1.4023084564368338   0.11577641288422569   1.7653579439599796
5.264125742860126   4.785811602569829   0.02507068980125171
4.931017666006903   0.2656150492902517   0.9822111676768961
1.2060534690017721   3.3273675678421086   1.7386644017029558
5.017364621893841   1.602473615227105   2.3447940070443214
3.766354955362102   3.986171844993473   1.652387376754899
1.0688575799924522   2.9392438380042836   2.2258116043816405
4.086644954123935   2.0492880581279924   2.671709836335905
3.4419285346191146   5.128913957356148   6.077905635960297
1.8649939186140696   2.8335381786739022   5.238722359263217
0.22637843433992355   1.4566925427063107   5.296501202630016
4.000071921456296   2.7452609092508053   1.804052717907212
4.648215029275021   2.353062939048917   5.488368345011369
3.514291828568165   1.3993755748060104   2.983724768540319
2.618757908860573   2.145311597289286   5.121180857672682
2.0783363565647734   2.404716052969364   5.500832689369764
3.041476863299113   0.5341279095587557   0.28347684606992807
2.4045993155285994   0.7794090185480902   1.3337546971321275
4.159253354113213   0.8692918648426419   2.1638500734127715
3.696166763269779   4.805584766217299   5.655021429390674
5.105467875439463   0.8534637403902678   3.95565065613478
0.5433106151971804   1.382789061427704   5.299194346307211
4.77223491528054   4.50358536319653   3.79766848291712
2.8831374718106138   4.070821073719027   1.0394703642432113
0.6511698577129621   3.7659478338525534   4.008995163024228
2.362596506249036   1.3272031203046328   0.4788111570987278
4.197462789099066   3.7176077900018485   2.407344540537102
0.008662864466865372   3.9617730752584057   3.605780043487445
2.801108411421299   4.497691162300268   4.765828135121295
3.273334276997383   3.6337398254006157   1.6866178880875546
1.3708068290049062   5.184466482983267   1.798174643006901
3.905985159771092   3.1285086631025374   4.303469130742783
4.665011691754495   0.17753743958930476   4.202206180329545
2.4579257823104066   5.168944088654012   3.6121341342049393
2.919380522279806   0.11613802122295969   3.8234966025277908
1.3459025130691775   4.130001745465202   1.5047423303327248
1.5286137232522452   1.304608157292265   3.56562895596563
0.9179588706410312   2.37025101807496   4.577702379839394
0.02594964253059248   2.7666331934335826   1.8196967422440353
1.1616663998412544   4.767876615024642   0.9542151531144693
0.8136588680231214   1.988340495846436   4.4303104156778765
