1.3396310500931095   1.1553913214985414   0.6369562194038588
1.820870448973696   1.7889099746597696   1.4397646149315064
1.6612509929759054   4.092653462155454   2.6420043262502206
4.933310403715332   1.2355953741883041   2.0534302557756283
3.8773693719749747   2.5771989642912376   0.06783693579321878
0.6501439830288986   2.822396622856324   3.417175391653602
1.116681777997694   2.2023391362335056   5.4957483135752625
2.89225627792269   2.4677991503056433   0.8026909266611978
4.404173412613524   3.3076267665683923   3.6967530060611558
0.24759985007826157   0.4776320691258058   5.021248282374962
1.6507451433220561   0.29070611838831656   2.619899631927052
1.111837282825703   0.6002637149704886   0.9232970078126657
4.8638294790550045   2.1453608965706996   0.40544210652132895
3.351924883031782   3.1170868274529306   2.5128496959609157
2.168975296552539   4.123503196936818   5.780189355429036
0.24751973000894506   4.523260724701523   1.8668812100000536
3.117942416600575   4.0895127428233895   5.907369904021715
0.08038223161574809   1.1966894454882726   1.9453760998530918
3.446042368934457   2.4070412933277145   3.209432190626707
2.847088652657567   4.985923833192092   3.99685174604309
2.1824522690602   3.6556630831215524   2.476865800696266
0.6408033437795051   4.299261198344648   4.722278416995217
5.023162781230533   5.203684381015143   4.016347392414255
0.9400576959194585   4.440256255385897   4.729677642567851
1.0188424755489431   4.996942138541957   6.236043347344367
4.470028892838117   1.9882920140268259   0.23727459006873067
4.729857323518864   3.8949090161040134   1.1577092861084797
0.43643566444825854   3.6356765966324134   2.1410245303767383
4.054763582478449   4.7789963988847655   1.2009506127943606
4.6564430073162315   3.3378735072320773   3.9064845239529222
4.772818528820862   3.5917306522085863   4.299340757054033
1.6813192514145672   4.465939187187973   5.39107684877977
3.7183412683956654   3.3170035066345482   5.541138561087458
3.2834035376135273   0.4401111706079599   4.740480951153644
0.8698534148881029   2.7786925589420286   3.5036444694287336
4.296452148678343   0.3236321801630739   3.4132906590343213
5.118176379935262   3.9691481203861168   4.497888884042476
2.7813342013353606   1.9651660837118854   4.611144001961723
0.18466154259421402   2.142507149806776   5.054653699205232
2.3645689764950784   1.6494590268166944   1.9826924834379924
2.2931544374954345   2.737356170446598   3.6817722500883345
5.067279680188177   0.2127221101454273   1.197894447184319
0.8544058416219286   0.3179442353716421   4.538020700524475
2.7337474569807116   0.9846585100417806   4.47682011694654
2.9076011193533686   1.429585106105253   4.738189712651777
0.7222457781415749   5.070943376608975   0.37390505635465754
3.8028679605037494   4.052296774096616   2.2159079761468177
3.898108349096733   1.7388208012440125   0.3493607520157177
3.3085329769488903   4.040829455207616   5.788803719809355
2.6836820386672957   4.441577465332196   0.5665306585597152
1.826495246804026   4.991466182175823   1.9367149072696461
3.3217096675265685   0.22235713062884788   4.712726072474763
4.307822951799597   5.078829393505987   1.412155181499736
1.0244213627571215   1.0401059869452265   0.8936667885682351
2.343496958907066   0.4187509276296108   3.443480082204206
3.630748101586536   1.8086631101493567   3.2170253350842506
4.576132263895496   0.772883804276748   0.6787084631717722
1.828812671470167   1.1727444116415533   3.694932401297657
1.1602131981592678   3.5563568919457436   3.4254561917554223
5.152551969043785   3.0200429184708666   2.8059270275808776
0.4337026332768351   1.6590031325944703   4.457280254534496
0.5599393815995054   3.516666498810931   2.0096037542088863
4.614796999509591   2.449899565033006   0.4008086049780989
1.481155786021482   2.857655928948663   4.354843118899115
