1.6397118055700108   1.0225944804622786   1.5802756744640918
2.5020634560064794   2.3296019673814237   1.8813010250647006
1.219431271850762   3.740341994132409   2.8325693751246033
5.144765587521419   1.5506191238021605   1.4619241067059725
4.366496946733162   3.0033125879924443   5.869709518086839
1.3551931904590608   3.307681991396659   2.8392395571296203
1.0575045897426463   2.495432281046268   4.8641451884165345
2.947774964031763   2.6892039410313155   0.5653398280939734
4.484132690308661   3.7183170913626973   3.80511540448181
4.875071162649209   1.2189699802732659   5.004903788524615
1.9641314428395837   4.900524002584411   1.8868973554614215
5.074348898593219   0.7165594423104747   0.929403504082619
4.0671727628217695   3.396738123272656   6.046483484851744
3.384734114807997   1.5750457384229355   1.8154113516238197
2.4744206807205598   3.974842460622836   5.921884430438693
4.944253451465955   0.01574525059818771   0.9741672476767101
3.483975657043394   4.0072915550859936   5.634496385099107
4.36656166046923   0.6953693508517979   1.6742059861748502
3.304060296515761   2.6348088358505644   3.8587846567889117
2.9771692036316706   0.08314483541188483   3.7724271137597913
2.662870136702673   3.394436283072171   1.7043580236653706
1.9322830113837297   4.476653045853144   4.534732846800099
0.540906545857841   5.157192834022449   3.9010392078756255
0.23130019068544194   4.289326911433252   4.502102619105108
1.590929026044162   5.172860823097005   5.591835649211266
3.9634032012416016   1.6484809248244827   0.2272482776721513
4.963523540110326   0.2092784643672202   0.9263554174746343
5.144836169683979   2.8451098638127235   2.1562766095680255
3.1217569182372156   0.37536941151767866   0.22873987364178067
4.295753827349631   4.6453321216734835   3.1016068443674074
4.9494671750206365   4.836753004267732   3.882658134200722
2.75321259462504   4.777718765582332   4.765657371526
3.664496456552613   2.633103999475783   0.20278999645933965
3.45324869610445   1.0116921927282685   4.626002149540302
0.9081039282589314   0.8661524505238868   3.9071284199837564
4.112103976533781   4.9118103377503095   3.3021399826003006
5.0162291147645535   3.836691767638764   3.984034963129246
2.0657142337092207   1.4619986349627867   5.0792692857044
1.772823380243008   2.509983086558156   5.329184184901919
1.827167648472905   2.019593462016462   1.74919390284134
2.2217437199421406   3.0460075888006553   4.288167023463311
0.4510403508239675   0.8418676260799778   0.8996175644052529
0.30164163812654654   0.07260065704810742   3.7832515349454217
1.2936589217080399   0.42864247527885263   4.88699994502055
2.473124976481129   1.2753835355465712   4.847747609073456
0.8307628243461527   5.059535850606111   0.5859637537318648
3.441791613547998   3.3254109240033234   1.785724469867973
3.3586702836989257   0.3942210926271579   0.24333585250396123
2.962091273489499   3.9492535696250313   5.785776463494754
3.4057010133999075   4.95941478579282   1.255911621152018
1.4479987534342482   5.228618384270554   2.419241627912465
4.4352961987675865   0.5733064150046762   4.824424990492596
0.9872103861159324   4.512420034190471   1.4268611584200976
0.8192133871489673   1.495177609514246   1.1780205702707658
2.677042878303196   0.17175956245616186   3.9462786040734144
2.78468413073577   1.8749812624835662   2.924159935847811
4.280381929476752   1.8887809309942953   0.21527444132397605
2.2694664060255008   0.2804620602985412   3.2713266859191408
2.1422520723428646   3.839178806551523   2.9913635755064036
4.851651837880371   3.08100027311867   2.4224622599449215
0.9955323874839112   1.9940759398979082   3.8662323121284374
0.7874081326761345   3.480947274213997   2.583531141102466
5.118453788916782   1.9761176614483973   1.2735147187349218
0.6748020348929065   2.9145385822534466   5.027478694132394
