3.2644934622331987   0.6653092073333008   0.0399542557378183
2.1747849974574853   0.653873261042125   1.2532139307644838
4.562501071140436   3.4041896016928437   0.2164872666798041
0.039742516139747   3.434429963214621   3.8007206408235277
2.323364294879259   3.1685283734391905   0.6846317429202436
1.98825610039943   4.333148986441199   3.4631120412447123
4.911643651140233   2.4075288737047265   5.29753479852187
4.485760668323933   4.677488145975956   2.310887520584247
0.8744387394110182   4.999911055264723   5.11380818413612
0.07552175048104814   4.449405093536267   0.3151665837266996
4.567581255957541   0.07016411349361173   4.188279432193006
1.2142305353190554   3.4607994812731206   1.8835032345384835
3.062593489307253   1.6245833678878736   5.2201897023739035
4.8996998603278   2.0276911831384687   2.5336184058206848
1.7531689926628997   1.5840193581067665   0.611280868271261
0.8355696046900511   4.415249111478741   1.1117129648827997
0.9849679922100386   1.0934134168332672   3.9651775777992246
3.1196349984756098   2.892991236862977   1.3927518790741567
2.879181392644023   2.1787071455659115   2.1661120215799836
2.3169288159399573   2.24523371287461   1.8803511895351117
2.4998826499626072   1.3953595371246266   0.31519266519841477
5.086218396240958   4.735349457362192   3.4201889866629065
2.5984025711443532   3.9331807929925624   3.689365788581447
1.0380364612357877   0.6183405521861982   1.6620756818639153
5.227874821457327   5.000366640534406   0.1376157294326008
5.11794187689775   0.9347809228639183   1.050276113999041
1.3924547992874332   3.7139386857210774   1.8893648454606233
4.9644338975551285   1.8105318071089769   2.454204622804835
3.6829110777182987   4.0738305465610685   1.8578339070646632
0.6708436182279922   2.62310153665144   2.1549413357525027
3.7554956618127027   1.7118668154488872   2.920891050413015
3.4503475055314343   4.730114768217129   6.0924720967264685
1.7430717161907376   2.862819116384754   5.259378764072595
0.6855681690016305   1.7129839264046955   5.396805433401271
4.000071921456296   2.7452609092508053   1.804052717907212
4.298150741331349   1.792079106265515   5.308734747011412
3.514291828568165   1.3993755748060104   2.983724768540319
3.1431012811559946   2.1016274498536722   5.283879924115557
2.0450276235737372   2.577422149410899   5.589430237958054
3.0165399077466617   0.8781135957561036   0.18371570027722717
2.4045993155285994   0.7794090185480902   1.3337546971321275
4.06718497203271   1.18946697450597   2.533731899288303
3.5913046874802967   4.515558124606689   5.849475076026291
4.85614067134037   0.5158998452714809   4.042040035551923
0.2542739926976292   1.5784616200627593   5.319499234548747
4.074213206209502   0.1223613798607473   4.213078248137252
3.081170698078547   3.871021319977507   0.9957549478294281
0.5843691827105157   3.2593324535580357   3.8963234780863343
2.1722264137129472   1.4727499259071177   0.2582919801695682
3.8961399314730443   3.4783367035487194   2.7040543663577155
4.700728932945589   3.8597445484770483   3.661766116599282
2.808734417590356   4.477950044279535   4.626036356239254
2.9338506511668285   3.3736872837132275   1.500248711400173
1.3502502271511725   5.020318126806137   1.9573172138423525
3.346318432486041   3.076555551157925   4.352910053205717
4.564370904615271   0.3324995873668816   4.132055953397407
2.3122596228077823   5.1646501008419845   3.7136223765410485
2.710452037447596   5.134088811948839   3.9342266563708788
1.0713468543659195   4.079504139085895   1.6170570931104775
1.2949829407678979   1.5183272170369908   3.4621335700125067
1.085571108954428   2.2600753306391406   4.562597555406897
5.052339508085079   2.6862526220878378   1.939034437120492
1.4570218357590472   4.40756522918222   1.0068696429700916
0.7346391769578196   2.157427231490267   4.5722433207625475
