1.7445316944142948   0.07019433014301385   0.21570507372338926
2.8792188735641417   0.9224715457236105   0.4496400068927704
4.5295810804317584   3.6983232800650216   1.547167472194431
3.9677625278098763   2.6213583883334306   5.552040972850585
0.13228846148192874   1.6936017927851978   6.078337220664
1.3133352196783363   3.3259336628524263   2.715365249415581
2.8696982954680896   2.744820056684269   5.106738499533599
3.2226571472478427   3.088110527402921   1.4442956440674304
2.097229736174159   4.417431621889952   4.719337221375516
1.0030949888104344   3.5037580995640702   0.0651391931237966
1.3158147228425618   5.014450315456522   3.000878695397447
0.3074504722649034   3.539358652186244   1.491262747420265
4.36969703033092   1.6099624040067817   1.2806406269240984
3.409604726822925   4.509692347296758   2.328774461305548
0.48325637084106077   2.9393317579250073   6.109033655279955
0.6227346335995875   5.021307155052179   2.312631551233479
4.851345415332568   5.127886300637795   4.896879956378287
3.75578699111387   3.2759804661445515   1.0158317580357958
3.414978557198667   1.7998497392530797   3.7824517240758544
1.128660854238701   0.6352693960184966   3.8670235347955484
2.602342979539349   1.7674233220436333   1.4058285071824088
4.652072567429814   4.311791230264481   4.02864144240713
2.873088625488723   4.9296672451811165   4.756636135064979
0.2312967845872927   4.157450058272281   3.037008411255516
2.345008418182057   0.36279591630043445   5.840496796855519
4.349636563073647   0.8258393404588332   5.284168575853071
3.0991252480868137   3.4519099064946333   1.1085284254756558
1.2626972426000957   3.891572276273581   2.9799822253514674
4.0669932038906085   5.1651436262599795   1.9832672421578788
4.503638839189254   2.9305832611266007   3.5942175597841826
4.982855198624983   2.737624042216182   3.8090797260655025
0.40593209899976623   0.8526455700444916   5.514037751066496
1.8466089297129582   3.9152689843232475   4.425563216382923
5.01724713726899   1.5693254431169799   5.842827113815706
0.45099941867065263   1.8698774435476517   2.717239096109029
4.6567986196683195   0.07783533525568459   4.577634578123789
3.38907154665788   0.26258735641098996   4.386008265574988
3.0077510756643075   2.3653512715285734   4.407892055915677
1.6673095683350103   3.0278991239856934   0.03118903334405901
4.734350355296982   2.3546584288611805   0.8454653864240713
1.1711456033707286   2.637883009403991   2.5655145852576005
3.0979253584213224   5.192505463401675   1.7588819111122909
3.839824049412121   1.136400051798251   6.067721991588522
2.0083905760505503   0.9109017145904174   5.180112204862847
0.7032505888616214   4.730158710869728   5.665941557436768
2.2835899292036776   4.997086958110154   6.267553249476545
4.351005176265797   4.092277730526736   1.2621937487898829
0.10843628086894697   2.8367255740436232   0.10529696016387613
1.9821378352067138   3.503619450689434   0.7809317454876287
4.470019795753427   4.8433677664534   1.1933112627128697
5.262317028695696   0.3245700798976221   3.1484092861265993
2.9778925999002377   1.2649483533389287   3.920321873935731
3.07793305221781   4.678594583400331   2.029445474036049
1.1368000800076397   0.31412259431275014   0.972409040908566
2.1932079446263253   3.11245498773705   4.050549301079663
4.288851539253174   1.9541293695967343   4.243319600191985
1.6585929545579436   1.1873835763665632   2.3985825859173966
2.6976627435639227   2.1352060552925893   4.170701779584212
0.8038941960344336   2.5804440438969594   3.023946617038409
0.8248646768143522   1.5937472759235927   2.3760656020364634
3.4156756281772513   0.5700463689702295   4.026645892778716
1.4450034514729873   2.31514395329242   1.8962401801202255
2.9068578746946447   3.9946253137749923   1.4666464959899734
1.5050895882271376   1.7452559292083476   4.886456541129464
