2.070244493867854   1.0339420473069536   1.8644538405075446
1.6119390754112417   2.549273256415181   1.9478264536641512
1.4900583404389245   3.2153186140197447   2.720307901514468
4.760853110815792   2.551449138310244   1.114023108220129
3.516756441754826   3.0135869854821826   0.19703249499618147
0.7975440047108616   3.569468201567177   2.6212515999576365
0.14024455905091726   2.0233973707804407   4.789880300571353
3.9453020451538   1.2126170129406422   0.09944214603978443
4.513010018601664   4.855219795244671   3.446291411824722
5.126391133969371   1.7204602582604536   5.49928237745975
2.2986487795816464   4.708516158591632   2.422751144814526
4.861153574530762   0.6170118594807464   1.3902121256086348
4.03182175310864   3.522459183147048   0.2285655487305236
3.030059923425093   3.249286442408609   2.6466037787512744
2.7688189927885114   2.1414959698342764   5.495926611061362
0.2691572303768367   0.5066953351187704   0.8116218902459702
2.5130882616650845   4.236252309929976   5.562967436758087
3.2210329264530815   1.252169332582963   1.6345820563067435
4.3928830225746225   1.79284835174322   3.7565585049403856
2.691193621838311   0.5752091432459638   3.0332156692653984
3.454353865506975   4.086558103572972   1.6519453398484603
1.3285513671003046   4.41410044866805   4.458142756794574
5.188515041560617   4.85020922523162   3.910140123323138
5.0447343412319325   3.6590856482465224   5.185409224498452
1.5142091442965473   5.2391101561498274   5.820086849575273
4.152354967821385   1.458438800015911   0.11613571577271971
0.5960942536340178   0.07317581044940108   1.072948040644816
0.8363097381774445   2.665136281897749   1.398961860879693
3.265594865072238   0.02493672731368246   1.1196461630627348
4.31946551869647   3.4850400033953464   3.685679575652566
4.803015030582797   4.752951802076066   3.2139769964031033
2.235843022222547   4.993048119742487   5.230906482931473
4.589363957508317   4.106816703131284   0.2652407578750253
4.598635275492704   0.09614047227625469   4.481100168472465
0.6061244623501797   1.1288871619229888   4.886547886134378
3.4255186007368463   0.6601642445712318   3.7919069430390926
0.2522466513450354   0.07753842576749914   3.8874921484999594
1.897201089057595   1.8462085848603436   4.881747651795119
2.6049364754773636   3.2076738181466307   5.648797207869375
2.5493118960832017   1.6790154808811886   2.101437359485856
2.0131335081771002   2.831862861262958   4.404851407076252
5.09837573535012   0.7664687934276676   1.380931648569687
0.9220638341804717   0.5744339248998269   3.855473949461102
1.8876448693610097   1.6808608390582387   4.767803098734867
2.7113753735491324   1.438155754132737   5.173577816978596
0.612670447494648   0.5063492811085705   0.5805415768934465
2.5445040812393267   2.4347017816235335   2.2800878504335556
2.3569048492256486   0.41179502817009594   6.178542732848154
2.570378514784018   4.586322025863916   5.587476018620489
3.627818034952194   4.4280008694063975   1.1420907594059764
1.7717099462234833   4.959502546674543   2.3259775286651045
4.567817401972966   0.3255842581780835   4.634834997685924
0.8076569403715739   5.166284202098223   0.9037053452497269
0.9117308218819088   1.585698729129329   0.9002253007069543
3.96773998794861   4.557811176134557   4.254322211255972
3.2853838714324675   2.928325459284528   3.2824380555358665
4.4351134211367   1.360168721078117   0.374634122553993
1.492929657093404   1.0854851700621744   2.834054714244411
2.322240844426765   3.482674144637301   2.7437790146631906
5.086483977348329   3.3169115711895385   2.3743053366645226
0.677091449218489   2.1688258107176255   3.8718607729645886
0.28031695119916966   3.933920662733741   2.6428966517016255
4.747221901638637   2.385220834369229   1.0676265431592453
0.653022496887672   3.8017217753570756   5.7214112142048394
