1.6601486806932275   4.959474497448109   0.29545857356806404
2.8604038972027364   1.370061428666455   0.768772963689158
4.279331940775512   3.818965105194305   1.4565561590747433
4.561530036919033   3.4019239049560834   5.414222794366945
4.935031807333738   1.369008849069692   6.251746337062452
1.1188374309637443   3.164440552279916   2.9802893631331515
2.270330163476461   2.888414157938249   4.703318998286695
3.2597215321088155   3.2259430787211807   1.4526351131977102
2.6672890339511985   4.695678825511181   4.844559948207986
0.8666428979523363   4.4582705249275785   5.882271451850343
1.2140305289756423   4.728890155271937   3.3623998633323096
0.994459183976396   3.816668280432675   2.276266905280979
3.426175715669701   1.8781645273673537   0.9145845018663861
4.121506251438227   4.398640092949693   2.4162413514068786
4.890662928451592   2.78899764316335   0.4476943278331105
0.15436141051212332   4.881735030050543   1.9991778293377038
4.7441542540892305   4.9117332236346956   4.873022979590044
3.8663920251488477   3.5791290939312144   1.0718685423383034
3.241725014407705   1.407879233810374   3.4509591828435626
1.420453734750804   0.5960139957923144   4.032622568191756
2.390144922954777   1.0599169872234264   1.2834339647294575
0.2539668954603478   3.925151145201917   4.347740525828952
2.414400091143775   4.794951262552749   4.903804510007151
0.6805553648175577   4.6291367525941425   2.7428605463957756
1.3733408914731533   5.120613044014266   6.200189163559051
5.083475746624339   0.887419567724072   5.376048513767319
3.5985714333615735   2.9058471338394414   1.2328526676132547
1.5038747800349128   3.626289320079745   3.2727927543158084
4.136723347917943   5.070335336522826   1.8729900623929117
4.783721346430395   2.3857808739694093   3.502180246885434
4.458169677868058   2.2815383899251525   3.7915523834084817
0.3127566479935138   0.9338368361130528   5.262802470187782
2.34316013138072   4.322950949682272   4.1753823403074035
0.032957742600268625   1.5894976161839387   5.929298228433203
0.5232325548069794   2.4273845678820156   3.058650895792706
4.837467590900936   0.03409793069402994   4.526904015597583
3.2554819039504888   0.43703998666143246   4.332760211204555
2.3589633583525575   2.3959163689194902   4.406930260053541
1.7000054643225464   3.165422891490731   6.13380432644054
3.943982757831304   2.1940603920381743   0.8477681890306269
0.9812623166230559   2.2011080029377856   2.5196793303796823
3.6569136146049686   0.0410109202443687   1.5160232426534608
4.234746160474698   0.8255771239874189   6.132015053248092
1.5896193684541418   1.073716181388185   4.578345348639349
0.8973497012633114   0.02704126893812192   5.9246692921143245
2.2189309050664865   0.15397273197477723   5.969772601070963
4.902719899204855   4.0418206524326665   1.2596680208655615
0.06856513504261041   3.233462962845976   0.23783340864351224
2.2866551469806757   3.6837933540670913   0.9290433675910452
5.206092596332466   4.355116883027046   0.9288717625052408
0.563790039331918   0.26929251260638376   2.8397734300058217
3.7635098292066007   1.2758113952687427   4.2237210523966375
3.690318595178092   4.699300677234259   1.6941746240778133
1.1072241603313144   0.6165304991451075   0.8413627135935057
2.3131288374048844   3.3130578709117837   4.034028128568696
3.3535082295090604   2.442598121097711   3.6779136739215743
2.0212289862641657   1.790816775094727   2.9956256385772106
2.841129938658467   1.7179396818406323   3.774459853365207
0.8841889697287875   3.1485005721049495   2.8420759004523983
0.838159993351657   1.0969973128595794   2.0690732376696213
3.7527905914449953   0.4509574221378536   3.9145443135551514
1.490375573671335   2.0931882294010533   1.8662620048708833
2.4412708449205955   3.9976592570758314   1.4653071689671846
0.614768165825741   1.4103717111005727   4.79733206946093
