3.151613940725319   0.3606060328329261   0.6810665591350649
1.7751662838028488   5.093842504064771   1.2119297704226708
4.733067044963114   4.68835887666559   1.041666084861184
4.789982115883686   2.531438715965541   4.798320353855748
2.7922015815202554   2.9152165069992586   0.7874923075998754
1.0525040164865007   4.513416319125539   3.669449076242503
4.5777492366413375   3.6275520824613863   5.755583720583739
3.5538670332976365   3.859982831343479   2.4836143478580435
2.0871708659499215   4.411378977281144   5.081473009200396
0.8068444642210122   4.25816572427339   0.1141003988829047
4.914842208005932   4.070081533436387   3.578615102452412
0.9593793651566723   3.094832521734741   1.8900954065934354
2.8588623430660083   1.8854350506500486   5.207806676529655
0.1384310786530163   1.7821163094262127   2.779846061827686
1.966439817038523   2.0922802761391814   0.9858265342872197
0.29997651151765325   4.034043394257763   0.7726800525742098
5.254318526493513   0.6394356282633066   4.329394137753168
2.9681857343992806   3.2350029194236765   1.0553926331641452
2.540477566922817   2.4085460508294685   2.8335929625530447
2.390866531440604   1.1573149447682387   2.423391063816865
2.8541228805094314   0.01269962648438483   0.43939207536629943
5.055769876730079   4.716469642613078   3.905058815875251
2.9188027047182517   3.884111116024518   3.493858580640899
2.104601229805497   4.727513997235505   1.8810819346032615
1.2064145717378802   5.043961079562269   0.8903430266636613
0.9482249889656268   0.24064973098730907   0.6669437949671346
0.8862023367483036   3.343803250008423   1.7114528527435233
0.4281521796518994   1.0649915540049397   2.1389986395755076
3.9135966770933943   3.622507772121047   2.5389333065950885
4.232380160003853   1.962559111936195   2.3145414536082924
3.3803529148315086   1.858379093644916   3.210669782402311
3.995079736500044   0.5773730512202038   5.510612287388926
1.9082786953854916   3.4623766693608835   5.11282374997554
5.268096569025747   2.374846972547561   4.732827272233674
4.203175393720976   1.5637159875371571   2.427662511301505
3.784200921159327   0.8733263026300004   5.151429620970451
3.0810025616571033   1.014142058421006   3.6025558100358963
3.212731015545171   2.5427100959488236   5.2818546233961285
1.9281512734247588   2.7192522631667546   0.13729645353302428
3.312702203336204   1.339897877301222   0.3252325944471406
1.3823824683442227   1.5510778740084532   1.2945435291688403
4.107688561917134   0.27743786910763596   2.7349544549291847
3.7625552812623813   3.6718682533633653   5.563550932957521
0.6831150868379049   0.25466526937060807   3.786528993778615
0.5297528880663096   1.5086778256396958   5.355762032346185
0.280862987506159   0.25152334618696065   3.683681104616928
3.8121459697197766   4.47594875854423   1.901415822774961
0.05964491155908558   2.9339641114360466   5.111481995390169
2.1983898007002605   2.9660835091561983   0.28735868845421453
4.385429263776699   3.662622095424725   2.507099484137418
5.053080048205496   5.134933401149055   3.5147875385759266
3.3340436022824593   4.749794469838637   5.338660755844982
4.216129833701842   3.118265921418154   1.6076338830845858
1.2353024348669193   0.30577045756954124   0.8912828754937395
2.426914728343703   3.9300616561710284   4.0428959121793095
4.916808265297071   1.0333865352756686   4.349131956366418
1.6386945712431864   0.7955791871585608   3.3591821149554195
2.4500959616333726   0.4993286522043973   3.2064008003310027
0.13476879748424853   3.3217850067412757   1.8179755562162794
1.1705808347029858   0.9627105229129469   3.4101165232587642
0.7068145562553201   2.3537745131460523   3.9759278298871514
4.924881853729423   2.934528381705922   1.9583218465113985
1.2432301494158897   3.941711587096833   0.7911921642714856
1.312885523680589   2.822256559585495   4.72188446873949
