3.150741216822158   0.8682143741169428   0.2009575953434262
1.448528786125547   0.6823812751675659   1.4913253326078304
4.698082206718441   4.086669717902053   0.40947418804247937
0.3098432572373779   3.2639206314500027   4.197233406844369
2.2952157055440554   2.990975199520349   0.7756358180208229
2.214398930642483   3.9766321102379267   3.511823419022016
4.466503545544292   3.2651095942656685   5.083027486737895
4.014503139428829   4.58178750395963   2.5029655131657966
1.8973559519356815   4.70144419274746   4.607547079557497
0.30978022084855167   4.697108302491137   0.217126258466121
4.7070891589728125   0.3544982625452114   4.0478985380977885
1.2526045628266642   3.1168400351839782   1.8488906580502296
3.038865258041006   1.8019188636909966   5.33739837883765
4.556992950024576   1.6131239749570179   2.6872288812692857
1.3317442450514734   2.20308203191163   0.7659929104744491
0.9145449605262476   4.302066382782586   1.1551601007124557
1.0127517644943491   1.2440397689851523   3.9386441653777347
3.1196349984756098   2.892991236862977   1.3927518790741567
2.758984796725514   2.4603566263156043   2.4322099539303426
3.3072075121067   2.3304131701727036   2.239917200759212
2.4998826499626072   1.3953595371246266   0.31519266519841477
5.085123652761953   4.741351067925981   3.6019936319659136
2.6508454370462236   4.1412623683280145   3.5614573690100233
1.6411307386906389   4.892219477705623   1.6400124203256339
5.225644166612645   5.152551702751572   0.40863432742454997
5.2542237112735055   1.0345336458061067   1.1821069844374714
1.5791741225507268   3.7233193754775504   1.733472255050174
4.873312178232584   1.6275340761706762   2.5305244901960178
3.977195657615421   4.142376894765567   2.2459563144198933
5.268764613945553   2.5705781064509514   2.3709767869442113
3.7220974204846975   1.8666317124712788   2.95470418686553
3.508447333965831   4.575486966383301   5.99645832084901
1.2032810368104403   2.9657650460887033   4.93112886164992
0.6855681690016305   1.7129839264046955   5.396805433401271
4.168608339034379   2.6635214922539117   2.1013268121085664
4.121955015801028   1.5607778349846895   5.386537498701731
3.514291828568165   1.3993755748060104   2.983724768540319
2.8921470798504267   2.248873673134224   5.331133120256908
2.027175335029998   2.4489033912151985   5.893927666600145
2.882497472139551   0.6192865728670158   0.11287662368723783
2.048621355430601   1.0038636186418195   1.1960776798523134
3.871343318600066   0.8298258463263748   2.6891715171881336
3.62972883291885   4.3662357783808385   5.939204658251158
0.5855987607787336   0.5516961921529644   3.9329789978272762
0.3894977739761781   1.7677288712250077   5.244882490575525
4.307792063736643   5.152520782748983   4.158146852519821
2.9005331320988   4.428130061606481   1.0490762343453968
0.1985502868396849   3.576598955583002   4.228907420977764
2.1722264137129472   1.4727499259071177   0.2582919801695682
3.8994651622543937   3.232606716409698   2.6947070187673745
5.038482633908289   3.841884087885399   3.6187888612102945
2.7555780039922184   4.898188121977268   4.772814189470944
2.9713713700873603   3.4710754976092737   1.3922389812375742
1.2559697552023075   0.07564808003346313   1.922300824990627
3.1130522719813176   3.1016616471519196   4.446753518866252
5.0761683109276685   0.8518356826379021   4.42830991342248
2.5768459047015027   0.26272223650046556   3.902257967211138
2.470578587497289   0.12825917980187196   4.034371613536483
1.0986216772148019   3.7714247117291424   1.8781644781366056
1.3595457400950635   1.3946739147290248   3.47401814373421
0.5415778640671365   2.593379447213038   4.872249181381379
4.806188258333887   2.804698599579292   1.9847456069906753
1.559852250321192   4.426097198439814   0.890611120605689
0.7346391769578196   2.157427231490267   4.5722433207625475
