11.69878973622589   2.1260676282554036   3.493114312330711
7.2312885842002705   9.961416570220518   4.229543310325554
12.629921927372813   3.6651724254354043   5.365889583690033
5.376404119712032   8.86425470304619   2.8736874422042704
1.8220700024903496   7.44683781642425   1.1332883959142865
6.137074728188045   6.651647375188908   4.452969298354569
9.216743957593268   10.826176681082414   5.493403959057866
8.108286625730996   7.826004683410789   5.565871647717764
0.005508056931681438   8.608297472360208   5.221369879425836
5.887685579829944   13.07344366390473   5.683046620006381
1.9959087709082912   13.965678521713233   2.155107770501522
6.958221355175373   7.482034874638723   4.527341128965245
8.819627889672178   9.849038479920772   3.7306393769334933
9.076057902838402   14.384240417003047   1.452316514739268
5.353476082771056   1.2273275601341163   1.4768028939231916
2.2035564429786563   2.8864700563719543   6.171982950514809
8.430618606937983   5.516723073190734   1.2532820004516685
4.8903634684938275   13.570861647833587   3.906190979407251
9.274065760867227   12.599078878494902   5.216351430379448
8.393589641259458   2.756106849852434   1.5053494413987345
3.924628326471399   8.808842096609396   6.144239656535166
0.25329297176654064   9.873181380895288   5.818816928564159
3.3523106641397087   13.37737331979221   3.0054126755535258
2.1886395642947445   4.969208641465743   3.3134093295318414
4.162824281464413   7.1940205419708825   6.256981277140146
11.582476413396249   3.403788803085646   5.905471542880113
12.503363488180971   6.121713715504246   0.18435673064630181
7.613995411276486   0.0403952803387424   4.787938212129562
14.08107368750632   12.896873740603896   3.2084647824680084
4.970008858698445   5.987276435360284   4.925705276706697
1.2893759664582174   10.321277468746722   3.6775520223321587
10.418115327401368   0.9212470880140351   2.650363594662356
0.857398297834783   5.865333504887214   6.0634008737920055
11.480761581930254   8.574264625896523   4.156579320961565
8.001294254406464   4.042909631274129   5.754585136614837
0.07813708264675251   11.380492315463682   1.056481015191943
6.404811535349185   1.7064382425738802   2.4532624373900362
0.3976632683003533   0.835323438855671   5.997425703969387
10.808681135549786   5.380021430854841   5.537598077543053
9.545101761832628   5.433259960517254   0.6224884470885121
4.735183975843573   9.872321979259128   4.675327491270723
0.6682988767219367   14.18484014413462   5.022713850597573
10.538236704249568   9.55889341627881   5.867510616635565
2.6026958398845466   0.6658119960866241   5.619398966334908
2.663251298381151   8.336050041786416   1.788353379974038
0.0646655980262345   4.5442721455765005   5.986512596390381
0.37856226646651236   2.8591409031792265   2.711255524609059
2.651755564044674   1.7963732775636703   4.220668039496885
13.32409916305561   4.902610018194859   5.4001810530535606
6.056379954692961   10.819609263779416   5.518242596506971
7.623372660906888   11.68920767742646   1.9556838946653134
1.0360383850305621   9.107650667197005   5.730256532844867
13.683249523302853   0.407501046985989   5.642326470248193
6.388541287029941   5.574330851951942   4.151060241650544
2.6789913956776807   12.384606692137893   2.230410290868808
8.657214942979902   1.064433300962482   5.267660201668533
2.830488050626265   3.984094546195075   3.9325656434437626
14.238144638295385   6.632396104638878   2.4512783103451725
9.538204758619507   8.843064966515643   5.648330316090623
12.05139770626782   0.7199460320006914   5.9599523502874305
4.185852026422052   0.10907191306880815   2.8612856828852915
12.48243040975151   11.802424530907793   1.222800783102052
12.440680866103143   7.840927585264814   5.5730109991864705
9.103241608598143   7.336875495641264   4.417802545796859
