4.523581930224765   11.070878091485605   1.284201276396414
3.3826164184299685   4.7221261722169245   2.238683845700243
0.5221340434787721   11.378245193712358   2.602759821119373
2.529666731320915   9.734523115016465   2.704221073461269
4.71461568765257   3.0462894516829904   5.99580050961213
11.85618043905391   8.48657088609163   0.22887845545427188
13.329691487224157   3.8491539977127105   2.0880822872808094
0.8371009073120859   6.76503685978581   0.38737703097840914
14.299829322192679   5.595039774073784   0.875154946134485
10.969485039079355   11.825200921841228   4.165737380950941
2.3543820131809508   8.736943651325015   4.317607763307573
5.807591443108128   11.849315273630056   2.6631517863616376
10.319042817899504   0.10128279030560061   3.248270921072581
3.694382051283939   12.57787035591058   3.0075363896718748
9.993555646852585   4.895520007246176   4.016025106077926
7.239761203277372   3.929926251160639   4.552308716324842
0.1499019504034324   4.386111808393136   2.096423093542776
8.125975015952196   5.2838255698516035   4.778214561707279
13.173207124481007   2.6216004581244183   6.08140463534473
9.28524549124623   1.9254897008231477   4.712366426598661
0.9209544091328552   9.027442229681755   3.927844346631925
3.8077389482667936   2.0646413048498027   0.32275353263884765
13.2660571477332   6.189126095025299   2.153532304259373
2.9081662848562835   0.6327839278892036   4.144932587920579
4.0628339238253   13.857138873277277   4.362695107373114
7.193651496525037   7.626361251494341   0.3931569887437177
9.094540367239501   10.05798531238158   0.2945643212054708
6.13089340413438   1.4427226084322406   0.302137359032846
4.9680469873932696   5.421713330890369   3.4759991968892145
1.472682435581946   0.2739825618610412   2.565948821015972
7.540062229640187   10.254820048129893   2.5127293363228698
1.043491615405021   1.5257481204227712   2.034656371190939
10.51429334402806   1.8293415449322752   2.0916096237655686
5.966307315341989   8.738842651380748   4.925316344231515
12.203181368794608   0.23633321401404223   4.028723717369577
5.4955841821880425   10.691391400996856   4.188913239456543
6.7247936802885295   13.696238384132032   3.2200766324117884
2.216257891125582   3.865620606456816   4.055869606135878
2.1790143264234345   10.758604596330025   2.705126701813394
1.3510133381786618   12.815905964539505   1.0076883728370534
14.074673347861324   1.4612588273218439   2.043970061793511
1.7666860175783248   7.71428039369517   4.12099075983321
10.565693756318476   13.456272181708181   5.5129583533592
8.059793170957741   12.43061601089942   6.0283611942952975
0.27340725882426653   10.050349941513188   6.260912339064194
8.231619915035859   13.544613084591019   3.0595244245481283
1.6146489449656014   5.783618876903518   1.844003360343317
5.183795153270724   14.342489710954537   3.49618307994123
3.892698370548658   10.040897323857283   4.79183835730877
9.422480629419946   13.134353022565348   0.27923544294531344
4.685592313466394   8.601447250646027   0.5868054292187797
4.554574258880174   6.9744168653145735   2.539523028380654
2.0688714358299336   2.7237310486867132   5.224892773732407
9.387703551815347   7.392655748143575   5.407408006142059
8.45178307351696   1.1676149312729838   3.7708755822292788
4.795644356586413   0.9608990496747306   0.9394687092896801
3.2004096183990045   6.667991221193068   0.4926656951174859
11.673938655384642   12.687893422572074   2.4152421726027753
6.238588744784817   6.559369147959259   2.049916652692114
12.04884608445638   4.252567466461598   1.5788209053019748
2.185780973982519   13.67901770320419   3.80153801723574
9.238184069877676   3.5266162432519677   6.153678731547837
13.30713400418369   11.968388864327764   1.3938510674941282
8.437439010114957   10.911677939080478   2.5826529779800715
