13.402698666294297   12.402746771246324   1.3009720845878543
3.2418340164683914   6.510805032377259   3.3550488363924464
13.171476438947867   0.5266884937494498   4.920706915197433
3.6183460616363825   8.923330473923668   2.9604803495036816
2.375739953872638   5.691501972855437   4.402062364154922
11.374791369413705   5.221272855361421   0.3369150741322517
10.3948078526362   4.792449800170825   5.350976728577224
10.70041593739778   6.260815538733749   2.2119415826772744
13.293174548222856   4.090121382145576   1.5716856388386815
8.122728795428525   13.39346502215783   4.437011493049752
2.3806415564896706   10.547186089378934   5.365097177658626
4.202952889747705   11.856191095458762   3.0302726772448048
10.530702146686014   11.279381856427946   3.316933977246311
2.8867202015056286   11.70426047367731   4.735918986630843
7.229911678821375   1.9143171298083974   2.656933080932318
5.993334839255992   1.6896883088112087   4.3715853163073835
0.5181717215756683   3.4715132816308554   1.0724542185634653
5.052603644064138   4.393548731377582   5.071820214869871
10.416190903462654   2.3532230397338956   5.58160440967395
9.151527478318837   1.4494520581551555   6.052957963018445
0.334322131894459   6.214158993491449   3.9823207738109017
1.4142625186487907   4.51995473574701   0.16853733765911644
9.377771105339162   7.386152179366361   2.6491381514384957
0.020793347652547922   0.6732989745093401   4.4223571982238665
0.05606410037404033   10.950579872523267   5.913796760029479
6.61750208390832   9.951091000152687   0.2414276333812328
12.16426738964921   9.26700938891832   0.7958931455190829
7.853388000309124   0.462368101476734   4.898048271485048
1.4016902971489746   1.5553319397597227   3.2948553248153982
14.08731973544952   13.665532819895237   2.3878286190943268
5.329392034077381   10.676043029525987   2.8766505200675403
12.811027019204003   2.166640068436384   2.1481047042294756
11.654435498208832   1.4782372697170092   2.7797440281714336
11.200160008490181   8.176865455404002   5.060086901401542
9.332117042788559   13.806726992030871   4.898187625641485
5.574072419112506   5.30237068310187   5.535797885816054
8.645141026249199   2.6941072432952957   1.6192342161234474
0.25082953847009115   2.4709827856577213   4.0577401257707075
1.2555959827860752   9.82364132131025   4.299307592193003
12.227217179155499   10.406459693850325   1.858464518937294
3.9519493960404652   2.9532586864724606   1.8643056101165216
2.7835839711278285   7.728763580987872   3.507638787636259
11.487398556112504   14.076140838784731   5.704716065467125
8.582005430961125   10.42197026444745   6.062358791616732
11.7094595003804   6.989168445539437   1.1047382480223698
6.987611470301475   5.04875297639277   5.306852057063853
12.130119879151941   4.411521697233278   5.414395639497472
5.195027188419541   0.7734823927271185   4.159542150921682
1.029103419185419   7.330237974964196   4.405312642166722
7.729914052625409   12.186463131391013   5.645044534365008
5.962931540225901   7.45854651564351   0.4282146476750164
2.024857302108866   6.830633185769372   4.101829235966141
2.1608845588523513   0.8260413553739661   5.38450978048294
7.464652874622143   7.46421520631962   0.32257275722056267
6.422934711829276   11.859607028429279   4.105191707823717
6.37556686075812   13.184353368972033   3.0312718914913708
3.6287663190493533   4.053442993984489   5.78402472298054
11.006549141003461   9.405715918963987   0.8430826186946256
7.048634052255397   10.971240093948154   0.8656406272817254
9.351428955449451   5.1174234088512405   0.8203841883708829
1.596840686657008   11.755591074962934   2.4923615630183455
10.660335879421456   12.481272798225639   6.267495015933292
13.546378689165449   10.247787920968847   2.2311401933337245
7.461276548274461   9.178640419080406   5.759489672431599
