7.551658921151058   8.68551259756219   2.1208054728632035
6.495778950717691   6.350037849220642   2.9818187418171265
10.01287528594361   10.696768871893847   3.3584296656171673
2.496749441165268   9.473238324094067   1.0005466506359255
6.784904241183774   3.4379722871621228   6.269304131964789
11.438306515722422   10.402548879953185   5.531833993516839
12.681735473610617   4.43139472169209   2.93960296331877
14.411366406463289   7.519833402427119   0.6538576007129412
12.955947026446761   6.002803171202181   0.9994008661117929
11.720091152255835   0.4080181531028416   4.336285107131779
2.305793119558163   6.22520939913583   4.411757181614121
2.622443140984778   13.134970150185888   0.7773021351726022
8.03329019352919   12.31124243927701   1.5961076670542733
5.448903011107837   9.239743362082082   3.652526428146462
9.204368621129309   6.34037427759477   4.248449644401157
6.071827787925179   4.413853162562449   4.293259242482442
13.43510347104447   2.269973712351079   2.8608977500377786
9.889117970110645   5.327289626635122   4.9544486621861905
0.7253143143881636   2.575292458608607   5.85097326529751
11.90892600373059   1.6187410816915744   6.105983980070446
12.154659481321556   8.437500899897216   5.793049308955331
1.850706402023392   1.9506516036068593   5.965329085535643
10.898225863444281   5.678096047622746   1.2927507889122927
2.680138192342561   14.350300840351464   5.36296095879139
1.40833916913587   12.677757184882154   4.501629035996045
11.15410165445013   7.840367705029744   5.257634855275453
8.08815313649198   10.57958066210395   5.235656284022879
7.917511563495563   0.36087379422966304   0.0530141535686211
5.396917487933646   2.6625081512350564   3.8730894919141776
1.6097034477754049   0.07388644931639676   3.244456970281907
6.811914344124113   10.695452271648668   2.489882292867329
13.63983637316365   4.892534870429528   5.339647017890641
10.11102942904795   1.183348105696249   3.0157299139918394
7.000424467534608   7.676773114441447   4.131334244854053
12.861681498482142   14.298863720366604   1.1197609422076424
5.743044410726267   0.5261240374959966   3.654316462840663
8.734406224251822   13.58501926548917   2.817026154715864
4.853909889826122   4.509500078105628   3.128226552933315
0.6150571968295376   9.477187901574744   1.0693509644385337
3.1447595456235042   10.966561609500854   1.5172962055573678
0.3959361056596835   14.310910156865503   2.5540897642305564
1.2148825716398615   5.437648792118816   4.408319738269432
10.071988969227172   13.988924503075433   4.775934938084154
4.746934043998317   12.291909083813799   5.925631459105806
1.0580457870025495   10.838207484636444   5.778672704475468
6.81680194900169   13.996775647604446   3.90055300560095
13.019538668706263   9.756047340006543   1.3958752134689603
4.181113000372717   13.55648574741812   4.091940930445166
4.61044155048412   10.19595538332632   4.408731740351871
9.004903698475553   0.3389571420387245   5.866530329038505
3.4552544764406634   8.542526662164653   1.0344595595439248
3.7907184402595244   7.459170058493358   1.1972756426547728
3.261373230177494   1.117234356610493   5.819313766912793
8.718168794493414   8.87022105826489   0.24120779396800884
6.212255107671395   1.8982411410425288   4.1834757864985175
4.2903020359146105   0.36116431381038433   2.019421729819309
1.5742123501725453   3.8958522683152284   1.0151735888294133
13.698224646728441   8.93981018648015   2.2872802308112843
7.8780224177252105   5.018102252052072   2.222038775416056
10.00088536606043   2.507786331551781   1.3564563451161404
0.42721952924790085   12.248427328184711   4.950982671766112
8.973389211627454   3.5571860907684356   0.06399339673765869
13.137315112150675   12.60329619829956   1.0561080261561917
11.053816585764821   11.434095996305293   3.08272228384425
