12.223084915830457   14.059200219810188   4.409626221312472
8.689856711219221   9.304662957229347   3.260359501638718
14.314941728284591   2.5521741768342654   5.963598850578207
5.470032859068709   11.464621836006527   2.9003273737945974
1.967017791650314   8.168355130001762   5.2382441751457085
6.511921795936871   5.976196976163365   3.844881726205842
8.04002852399459   12.970291125366753   5.434951416522987
9.890830769547158   5.107578200976875   4.64140513856808
11.681114179358957   2.656469123158538   5.5514763446623405
6.211089197651389   0.014109254134655913   0.5768175968501117
1.0901934993056015   13.243803530435   4.740153090738553
2.1910193264662365   11.559326160099502   5.701123645167685
9.98255628629079   10.080157791087311   2.1302414991897276
13.38820543284781   12.745485169461386   0.40500900595610245
9.158843915671543   0.3314630519637447   1.8124105573987235
2.853796572743974   3.8518361297323107   2.0680278230785225
12.528902642301182   1.9484115114241272   1.2026630405836178
5.342987170279116   0.7472755868129402   5.650399810641862
12.254950783709724   11.612484611299736   0.2790776764714971
8.04191728990093   5.882443498838413   1.0578757955605136
3.1405415889954873   8.743153182049461   0.88507960391465
0.13273582305761653   6.660379856586343   5.433173373606599
7.344235145858913   10.296322213341028   2.0141895575516293
0.5610626107924349   5.296175427042376   4.662420813855318
13.329010777552593   11.122300599734833   6.02496444586489
11.669012964630758   3.885160485289624   0.48055718208687315
11.98230112179046   7.366705895742353   0.7352030641799016
9.502123836967169   11.49120500766139   0.1578551715266805
2.9008687155042496   2.218129184524068   2.6938683887662167
5.161575470562289   5.738307734864807   0.17995652641355125
0.7027473256746195   9.419540743130007   4.646973334375721
11.746915902956935   1.0491455999570973   3.193455782204008
1.8711983894019069   2.6569336130075523   0.4458533618056285
9.710569314688632   8.613857611950008   3.446761085180267
8.243613638271146   1.0667547363903154   2.217305132986643
1.047947098515672   1.1214098737618652   6.148073628697416
10.552723135140713   1.7822152996661562   2.8006472912050313
14.249965854821772   3.935360930024525   4.429523552808096
12.976054552463133   6.041778978100704   4.984183967891546
9.557686652708595   7.550127922903615   1.3349345420895036
4.918120426778838   7.008792763017203   6.181773350034205
0.7028915390823954   11.662408279568657   4.3894046087371485
8.395715610039833   11.1284799841097   5.4811153632269
6.6183909355013535   13.281875440110273   5.606401205853567
0.09563525902811953   7.919366996057689   0.43323490187695646
4.658140176399671   4.014879170824267   4.813008381824246
11.12993136491031   6.2845639263996365   4.5256390436007665
3.81556051249266   1.0095240062615525   3.538574335708418
1.851960774347353   6.2800404789095445   6.046291171762806
4.336198688482802   11.83523103848859   0.2525563319207381
8.697564638278163   2.8259606912158706   2.2608164950965657
2.321285568226259   9.314876687531774   5.678435675896949
13.272699785626298   13.867337990522646   5.962401040128217
7.157706499606485   4.975983938223273   0.24419470024281856
3.2643997727918808   12.59460193391382   3.890019231685968
10.52855733024917   11.888560202667449   4.569441129181526
6.184602790563639   7.148190066577306   4.645175467189574
11.896758531807377   10.270022970923216   4.156543902452455
7.449952187809969   7.743346663684408   0.8724630439279425
9.83030082685745   2.6286033721202067   4.742103271823866
3.13447385726043   14.119854874776793   2.0535797844184276
10.956713706612325   10.859759544398651   0.5270649703622228
11.968267551278307   8.470846124261465   1.79792143789722
8.401297984451068   6.91685317223326   5.889980886402535
