9.853296166404027   13.29108144639061   4.183592402140345
6.229323351769684   11.697316958053301   4.474249770323786
12.65388462312414   1.9332700816798456   3.7136340390620477
8.09162965868167   9.720794663986448   4.035271365876815
2.5379483727150185   8.232556573581853   0.975387662939986
4.496051290776054   4.140157023677589   3.039477570791839
11.823764116995841   11.328540986144192   0.47281993715682835
9.630516231525391   10.663741039654381   3.5517342495601207
0.09965456029633551   6.486662331122771   5.221497459988247
4.371627295014933   13.917899384745919   0.026054648508855166
2.649290538232095   9.960643001813146   1.3325843719434145
8.681236893790414   7.400811965537294   5.231102699386382
7.334898195997242   8.211263679984542   5.43603630091954
11.66291250765141   12.827726834971662   1.6281837040671534
3.7071315123210278   12.528401315652054   1.255548704259913
1.5560704702552322   13.22209635304375   4.99378635855237
10.931456383805001   13.643378802226286   1.1439865451084699
4.846063274885244   1.1465780758696762   3.326411894332479
6.344835056777377   13.043015490588624   4.031305552187937
6.02808510262576   0.4635154816671478   0.4550024899939724
3.1991129023968066   5.97996814227807   5.603939329914251
11.066083658282409   10.15635248519895   6.0722499607361105
4.927292344373849   11.019985870750244   2.8003939505166424
13.504956392731092   4.493633310251938   3.965678524549835
3.988663549880531   7.847566357479083   4.649710706138414
8.805928165221756   4.197234972728579   1.0051141399189594
10.809834026337564   7.394019208316408   0.7729964208063244
7.3083081708565425   12.377728216975672   5.921192681322319
8.228176616917526   13.301208574060059   2.072545242075818
7.096930784179199   5.911725087008139   5.787541670743737
14.081294736615972   7.97601898131751   3.730760350340807
0.6833506874417232   1.7501458382372435   2.9202630272787062
1.4996745131224398   6.376827190763575   4.786986264888871
11.697655914304596   9.165997789760771   2.479377223776076
8.193927040678314   2.9016285387692586   3.964085628230952
14.08010127703476   13.42620454468349   5.905213440346944
7.569244395276515   0.17942861812851113   3.727226956604916
11.714674430656535   0.17621633896029998   6.188823167622989
13.348435050462543   6.167341663074962   5.919419534333283
10.246566464970302   5.464843437638124   5.930723485639964
5.414994860001262   7.480119135971322   4.181877175845279
0.9655308716484683   10.175160028432717   4.362417757409967
9.929279854876798   8.523053042325431   4.175828371202975
3.1858914477396016   2.0631238765370363   5.403104474563155
1.681007477802216   11.262104361097391   1.5318901594327847
12.12208955909272   7.976874529222126   5.701142090803142
0.6556059425205755   3.7299154366214737   2.843154535211567
3.48706230883921   0.8668793460956006   6.0905260662881355
12.344113135062454   4.992827761649006   0.39352203729510427
6.027413262439624   10.340177774734151   3.943428314356268
8.917637775406979   11.485107315565001   2.6917571328997885
12.971644354484665   12.640951893998805   6.099567609962711
0.5449009506165188   11.852314747001094   5.767558563301287
5.9819794935483825   5.102180655082158   5.972839105509938
1.404782395474173   7.407728223112134   1.6831433185906106
9.964025676399318   0.469935141451028   5.891327103543363
3.019990446759158   4.537249336387089   3.690390564858391
1.8819745658785183   4.616368448980779   2.50429846448172
9.960485826313839   6.7041562859061905   4.872940805932936
13.592453699393454   0.5820665214999134   6.011128655115667
5.309894881934987   2.9972549770486596   0.6944503679109133
10.621916995036862   11.276733995379209   5.690656589552581
13.893006027107365   9.997172035620222   4.931477144259271
11.382908324879017   5.468084073713542   3.5357154569093003
