5.741426940348737   3.9889611287910847   3.340899616721693
2.1692566809501796   2.766274042485295   4.679867819565242
4.360703466737588   7.399149754600918   5.584245281934022
7.4292936504205045   6.64481622980257   2.344072244541183
8.203087710738167   7.317922517695788   2.32622675564314
6.698424340187861   8.875015037412924   3.79056596854979
2.582661156349667   8.773967724185425   4.359515388712469
8.921056499880343   3.4291368885445648   2.9146420213058866
8.077941995874289   3.3720858435802374   1.5059826372433638
8.26717115005232   4.35446270988249   1.99282644543025
1.893853710825332   7.450605751093882   3.029449876612958
2.373732831563206   4.998047791950485   2.959656708963528
3.5577378586148347   3.4330693649817765   0.43267883251397876
3.6667235952590165   4.749548663278367   0.5728941278109245
0.7297632973772858   6.9657738489888095   5.06755419392799
4.854217493885467   4.43429819037117   0.037969922788995025
3.4302493656112203   8.862322860444163   5.886413098063876
8.499270530419816   0.8656178313750764   3.758978589014185
5.474717732606975   8.473475267500813   0.1450492790441773
2.8517589953032245   0.18489159095273355   0.5618585066339973
1.8990594651144765   0.0737897866507069   1.946419838354189
1.7178078848015264   4.144160679275429   5.115497153074355
1.763252817405649   8.499086021508917   3.8483276602325764
2.2522637706087245   1.5996343451330177   5.546200177599459
0.2677517700147878   4.126968051425389   3.1404998483103914
8.622384248546737   6.323732285926929   2.485296633579182
4.39592426249299   1.8922796858464137   4.0838359381180505
5.02822311383416   1.1403046313452567   1.50197613146648
0.7351818842659205   8.544750887028911   0.9681856974342121
2.7172720036756597   4.031433736539783   1.4452236879647862
4.647985222626998   3.280627400441674   0.9033470834976768
6.896961796074261   2.6613364426767925   5.690430957947531
1.2521739441444333   6.043318003261633   6.244099502946033
0.5789120032973556   2.8433004415786054   0.6926819192182558
7.14921608106229   4.458872499118326   3.0307684874811542
5.7585773173563375   5.976455727994039   4.081742563290037
4.234981307992978   6.277746980605077   4.611046668465195
9.401576890455368   8.897604275696839   5.652249124479137
4.798624932971587   5.570951173340925   0.9624237815566065
8.266488330474838   9.038706016249092   1.3745004414581612
8.047419322841243   1.6897660569141175   3.832806334957711
6.907032361699553   3.594251657620242   0.5271214675478737
4.299077157451693   0.5044843281191426   2.033210895848631
0.6895705953976381   0.10709411282498466   1.474658680249597
6.6626146117279905   5.613952194745858   1.038444335994449
6.365521384821408   7.163855767279876   4.886718458247528
1.4837758329359227   4.979934678925777   6.040665127519267
6.091538180986577   2.112141415816736   4.888726102988183
3.311213225024495   7.827582340959752   2.3783221459395185
3.3522890104226053   6.913795007390164   4.805564800286632
5.2802133526369115   2.364827933691192   2.1318858921161112
9.398365895339714   5.35238989238674   2.8522816143433225
0.6264890590140162   4.9714672372950375   3.950613535498477
1.322597380020941   2.1988247086161423   6.248365490208988
9.668722462573909   0.2395304511336705   0.6221401356460314
9.531512921251823   6.257120755342573   6.20206979958143
6.3045636432131005   0.8384870352022505   4.158550335096218
7.968644285611407   5.341406975357345   5.1850425310784205
7.51480363681378   0.09035392931124209   4.021545061459862
9.121496388658437   7.837077980361591   0.4596098320790354
7.790910385221133   8.089561057721113   5.569472000185959
9.230785609765972   2.3253882886936843   5.354338914834197
5.2726858075135565   0.11010546267165644   3.6390284676960114
7.367657822874654   1.0933606807729723   0.4980365750694019
