5.728326770033146   4.917724341598893   2.9897599125702814
3.5318362245687274   1.6547517614783893   3.8798414102514345
3.8997897801058587   4.696619553623349   4.771833252000736
8.284145192333474   7.317074203410246   1.0070501393629578
4.760770758376879   8.580163180765599   3.7779660672694697
7.599305468215946   3.101182862935964   4.226625811750265
7.773586489525274   0.6192638153194019   5.935115660362732
8.692925323372561   9.586343750401973   2.3177705203446424
6.60542725225342   7.944170258059677   1.1949805216585019
9.75033315199098   2.0150726262409595   1.7550729004824268
0.409065770097219   4.843355899399276   1.7137002425566585
5.941507718463967   9.336071146900675   1.3115477445218426
3.6291550600638383   6.623807280127865   2.9445277900973856
5.174933076872075   7.520068359433629   1.768663048034027
8.490424519037125   3.6110467292406856   3.6249533371651492
1.1799529371321393   7.3949450289082765   0.5800258846568198
1.0589987174498274   8.549811023120917   5.819758045355084
8.70251762507926   2.401805422209512   5.283170304433125
0.10826793302255311   7.280517906216913   3.9785565641293417
0.7085616417820711   3.02505842524738   0.25586366139754835
4.407116087699063   5.90346567332497   2.696406143021528
9.289245172193901   4.660511565435749   1.0461650331195544
1.5891230672420715   4.68020592875113   4.702794924256436
1.765239676997697   2.5253961090864734   3.4863971510583602
0.7192934170159755   5.866455724683295   1.4469388255399243
9.75385586259814   3.5697734832104158   3.9513302227723788
4.142856831904119   9.301674702121547   0.26374584119284183
3.43515967073704   0.5133562267612207   5.379652543910563
5.979885465376212   0.4994792268673547   5.098854087335605
3.164095334751718   8.221842470334437   3.1748304093074395
5.387271976080267   5.930348315897824   3.304662184240224
7.796823364790377   8.855998265106933   6.214235293673272
3.3832443717360583   5.741743467769061   0.8621044249409973
1.49401228087308   1.4090201960121724   3.185025402515603
6.197019168445794   3.899508281469122   1.6444192890355942
0.8776887489906959   3.891876975833741   0.5914901049178255
5.601283668111584   8.363726271182342   3.074976796605869
9.622406175099506   9.743530131599806   0.16231655270596745
4.257329827311199   7.272023950372317   0.436724398554841
2.0265140526081153   5.699953752197585   2.7861849251828508
9.73833487125121   6.332521945588648   1.912019863118698
7.6302255960691365   6.568979359538792   0.6096139373671418
8.738077294799991   0.7575693338850991   1.1450099038500736
2.012724013710725   7.95481428102132   2.6604652955597086
8.82450541538272   5.586177173838457   5.885598497722064
5.434235971944995   2.8504709586939425   6.05797945961961
9.793904754694504   8.448930605953134   0.9575070499640883
2.0233725873353747   6.681995941322044   4.384765004528633
3.436240433268088   3.640465475294228   2.649419645112405
6.683999173738089   4.752421612158017   6.168633316988947
6.021770742583888   2.168843713714119   5.710339365829992
7.027410834941943   0.0421893560551041   1.5581077881621819
7.823213947364676   4.733426853987882   2.2684375257168576
8.169596777072165   1.5873757695853983   5.7290660597323315
7.467502554238218   5.524656525695371   4.403368318168725
2.3348953149837053   1.5367631871577192   3.649412952078711
5.255102122647234   1.3519846704918703   0.6868203022156357
2.4807000152783623   4.47337417840602   3.4110986471809017
1.8574127933417437   0.44575727275960453   1.8985996792708786
4.579425118476095   2.737963772349572   2.9073923478403207
0.7082684192126965   0.9912123475551345   1.4195973396119836
5.001121147460952   3.934302231622416   6.166347275257919
1.1205249938606825   9.570159919570985   3.5011768568933137
6.678607297455262   6.262812655872196   5.238630230666382
