4.816536657338578   3.637772082955107   1.7426341996952488
3.9218122558569894   1.9718376578960795   4.698420749747506
5.755200308521707   3.3038729120182406   0.18861457705242232
6.934229881995016   8.822383600808855   6.269436246351706
7.377085373948146   7.844892877308956   1.7777032162073756
6.145285405726019   6.135460214257835   5.229815366995675
7.511820862264707   4.494772549114984   5.9560169705281325
6.093174114826832   9.592454010779107   3.1039352273882885
8.795035888877502   4.603466364395396   5.493511350201423
1.612363289063046   2.945868617641221   6.127077702262055
1.767089922876528   7.112242901043967   0.9000521921318441
9.351311052721307   5.268778721110334   1.0995628131130275
2.6747451227878165   6.309721155050244   0.8890828271339548
5.315623411454958   6.732502990453726   1.3716437607286138
6.257155336221919   1.0786916287270039   1.8057903662029644
9.183925009881397   7.085565565030212   0.09596079539989155
8.694584577586028   9.290086812269877   5.5449803468843335
7.831996935149748   1.2020440152739715   4.978437016983917
8.224426976315709   8.486817647125047   4.985196412689429
0.4780671651649198   4.211507199174028   0.7302832568240101
2.970218828302771   4.180476815338006   2.183857368566094
0.5271997858516373   3.0757969811994688   0.5993943597201695
1.1321631603934779   7.7177747615392365   5.452980850080644
3.145065311766552   1.3117450427814907   3.801341260399393
0.49440840659427876   7.077338205486903   0.5982700192495004
8.05406793480913   5.2646085418397774   2.927598750458979
3.563055685409833   9.053443793794463   4.444545837367233
2.75956786259925   8.726363069159337   1.6450819679981517
7.276324732396632   0.47164931587417847   4.187270239573721
2.1163876208839554   8.115502412339078   2.0799802412054
4.35757872047651   5.104376638219151   2.3368334971828086
4.239912156234741   9.735947961578384   0.6798054275372587
1.554712678238366   5.217048098991787   0.4277923042163192
0.41478180563233336   5.207259732327984   0.8163362191512726
4.609153386132451   6.029672813132304   0.9041828215243949
2.4582163725519903   5.212411739293563   0.4107922923084866
5.238720809511266   2.475103677973768   2.4668135992217475
5.481767800313264   7.691556864383836   5.388353588950068
2.8502660341564714   7.511122914612372   0.5077854102144657
0.07138829193996787   0.4042542439757566   2.019866990952535
9.51796862974323   1.5153128946805285   0.4909795025643926
3.9200655010970267   4.110671683247906   0.5456803633707303
8.108111708277386   6.142742159152898   2.560653406275822
9.245467960121578   8.21805972196426   2.2897207208504518
6.907379203074212   3.8329728209313956   5.164656534295831
5.836581337616606   4.682955815609837   6.259202391558953
8.661699878586095   0.41984636712853407   0.004860570604149572
1.640661996773917   9.128763201823283   3.100044220400681
5.028314606046923   9.066946568748351   1.8655166368803922
9.647276996688504   2.4840776880406996   0.5269790470632171
4.011806100959938   0.996747558814948   5.752245452718596
8.15370864762092   2.5715556486877853   1.282557955974045
9.007538042191708   3.6551253360585463   0.8723222788846945
1.318307993502376   1.9585322265160037   5.505459946006997
7.183337336413174   2.0950975833402765   1.226027405281578
1.9671182826727227   0.29422626436777255   5.329276743249287
6.312281947397966   7.670720797087989   5.321692716406856
3.513239811228515   5.811926395527993   0.7892871036465903
2.4321847759924795   3.3152028165911474   2.8231822879149795
1.5983030351863876   4.0425898364445905   0.08729981262582065
9.724544150691345   9.114491604552033   0.09486182299961435
3.8753949526693865   3.207275111897629   6.013581344763556
2.8454694004192373   0.011931822786461155   4.0294700192196204
4.53478394426225   7.374020429331781   4.60943341665902
