3.579879406216417   4.1093501284620375   2.816656794429755
4.533153630688401   1.5410470470791273   4.050193821609784
3.516344861207804   3.002023611109058   3.7379707864122
6.973179488998582   7.578970317718145   0.5110684734116965
4.330375672741544   7.288074580322732   2.574372450249322
8.778550427377198   1.1254440840694726   4.319161937809762
5.477034949520491   1.4314828145759293   0.3734393781286634
7.661285674275588   9.454411170261274   1.2972245268986824
8.566453583159515   5.927406748980692   1.073617529327136
0.5293383325724261   2.8900934287699642   0.4547306334531383
8.639889846730007   4.823420600279283   1.1745278339294805
6.61577832214304   9.225558505934691   6.153327379779336
4.696542801033832   9.053426264706275   3.63684495783274
5.222152764903   7.839328451600809   1.2613273141078483
7.1377045905638425   2.794336682005711   3.684903927300521
0.8442368279896849   7.9677641907615895   1.291116412463409
9.412064424480407   9.07093026949158   6.227091029848633
8.681366118477165   0.01193276909727281   5.390944153071521
9.187899429533466   8.167105552574636   5.33022605242394
1.1115820617193295   2.220225787066772   5.6410943468704895
4.351594564839174   6.093173377181533   2.3385232582780424
9.510603358421191   3.2768769930197355   1.1751474315272843
0.8190898873375649   5.916234281799094   4.76112580286903
2.5096111125171343   4.656272482368419   4.179475704814337
2.549415359918315   7.552790874769998   1.2834300349446515
8.854573030935242   2.2847041913640886   2.9676432925455667
5.659899623453231   9.285654563275383   0.8779681972190663
5.4127367618488735   0.41483630768062074   5.579853111010989
6.655719691510584   0.4911263770117099   4.043025112830482
3.871495981797745   9.39008541478873   4.285634517686949
5.753789551217858   6.22791793084939   3.551436358558631
7.485564657475664   8.483416066351287   4.522240784004317
3.004202766740028   6.193488129976137   0.6027922070164706
2.647177853359311   2.3819499121141727   3.0663723107828087
5.979826403707986   4.058566269942003   2.2390867580402722
0.8440550392996976   4.5128288877150755   1.7692785794515629
6.136080432452918   8.441260302257092   4.774591773620175
8.6669058999114   6.937244837074808   5.464228233393117
3.475913406128151   7.434975608627112   0.9888946273044511
1.1615906090419252   3.627646781342685   1.6646085827555641
9.558940646989214   4.3210177831353445   1.4997624230558078
0.1030442058292646   5.26712674484911   0.8598243604544364
0.12032415243009886   2.009210917079628   1.0015578332630994
0.8398417289429914   8.983050167599487   1.5818290143254112
7.73806926914458   6.149507625688628   5.979481901967975
4.767126817012526   4.657592231698804   5.877264591383985
7.79994828727907   5.025723093207449   0.5152785326564225
2.0761108030219884   5.677334569095072   4.863193185707304
2.7242608773744665   3.425747189689458   3.305228077500659
6.758243916176036   4.526386702540183   0.3852887318501059
6.047130321113584   2.2417435794007323   1.28687629123566
7.929142775662207   1.7114148314713509   1.4431662993987857
3.2796931849571167   0.6800919157215182   1.43332152250674
7.789534919652083   0.8159366673146249   5.511816937600976
1.7440316308504353   6.921684590301879   6.264300050642535
2.268003926588787   1.4996747904992964   4.173423272105079
8.350623804431573   3.133051789947831   1.8486816237836314
3.627187033912845   5.407274163468515   3.4318630988595467
3.2180132740585257   8.701752349234905   3.283575284823594
4.157313544000113   0.5498908798992868   3.113988004747584
2.355609473949973   0.5196645915652276   2.325450528407474
3.6588267759951987   1.839303650342398   1.9089072560378688
0.5736748030735701   0.6491891321852497   2.9398610935490552
5.847330539327592   5.241691943835834   5.609304396993587
