4.921585711923564   5.289741195724034   0.5502290196694979
1.3624611624431475   3.7745154844032864   5.465150668821116
6.032497971829343   9.54490906022111   0.21241438454968525
3.4770234369662067   8.229651522310691   1.787511485365395
8.01609320662391   7.979229350870225   5.1519389267958235
7.132544363139933   7.046388842129972   2.137820370441448
2.6866176468789487   7.260889820119905   4.683493054686011
0.9157919683438658   2.858222054810124   3.1316401341953792
8.370690194947437   2.6544391821014557   1.34382107752882
0.06047746519174524   4.5903688088939445   2.9840737997752633
8.907398835824292   6.261736841190462   0.7525777319608027
7.974735376380619   4.374378989587436   4.876807234318776
3.107853180374691   6.421178997968578   1.5564110128092008
4.531695914116455   6.063010099934298   5.755797405492427
5.388466073770453   4.009756591999928   2.5614603574791563
7.049104838832245   5.916774586860647   0.26509241474926776
4.4004627812911   8.312273817266899   5.113314405664758
9.30836947139283   1.147859225013201   3.388420882010175
0.21994293981996424   8.750707773700476   4.882181139918159
0.08818655516972562   0.440275553584481   1.679064629656421
3.1364991804925757   5.0826068124318455   2.1512624307051524
4.394293293672902   3.2539868703528274   3.0536166517581442
1.9403345558567702   7.939457496531601   4.558605141149511
1.2824403472835373   1.0008008946511697   3.0210909074992163
0.2371616286444802   7.196408690820451   5.08515699543634
8.106469764408882   6.701956996618471   2.1062475523695965
2.852106311006952   1.2155255601079822   4.208493266698045
3.8275289905098275   0.8661543086175209   2.620446809132766
8.719250810541054   9.556705516353576   5.42535153089609
1.0264601773524862   7.9259564017641955   1.8025259372966709
3.1008997808460537   2.6452289169565852   1.4147595138918638
6.57186263753659   2.0333386092463   0.6732404605874046
1.8211030059863997   4.8483797568774305   0.14890921809766153
9.667722459058194   5.793672310355303   1.4517593171513559
5.159057668119959   6.745748458489571   3.823923735526814
2.0538757418655753   6.100316416598044   4.871584418446524
5.887988727550816   5.892935023678844   5.8289691258140826
3.3171788675668354   0.13815887072473565   5.012830137053028
1.3536592356954953   5.566668065172202   2.922892849162035
7.581120510552285   9.18400880009087   4.194164617688756
5.636006896285037   1.4481602595053644   2.7076107870627877
4.235552609966103   4.722094441887721   1.892685519235907
5.115163384146252   8.859074259650399   1.9291593819628046
1.5442145263005935   8.768008161004543   2.6563435222804266
7.749010993724665   3.4247981126339013   5.3125376754579134
6.634987805128226   7.929878139579681   5.734612385435338
1.8492992739541076   0.276972757008446   5.574428050566392
4.181767982790404   1.8704320576621623   3.69148372203919
4.3479980141577546   9.522887492877507   1.1458644310505552
5.547769138418309   2.489283588035103   4.343285753160926
6.8643866742956785   0.11975057998147226   6.193978248354277
7.849834007862401   5.537277757494974   3.9191136997966214
8.678489112466258   3.793194990271603   1.4548180499097874
0.5175518381669223   3.856602065261545   5.3516731236593085
7.554299421796824   1.4369742752739836   6.004798700696505
8.366300768380047   0.5738653041165411   5.464061409064973
9.430180696273158   7.9364196127736175   4.188787492564392
1.752862168507023   6.99068799718489   6.253936323008912
6.681255703363543   3.2778863804991936   4.931751512903168
0.08881007587641498   2.470852764383046   1.9243847727079237
0.9165080080665259   0.23826069889904333   4.529369027707043
7.1072513655878415   4.214938174354542   0.2923073070568216
2.3364870062055894   9.101918339421005   3.8890835260924104
5.91181356018464   8.490275004054645   2.00738693115605
