6.705806433394259   4.1910730207198075   4.700013152614946
1.1036230715593847   3.214578805787549   4.270685395133288
5.617938715615903   7.21968478760132   0.021203056008576887
6.665225110901044   7.14121510201349   1.6474934542374744
9.764168875657706   7.605868335817327   2.3817473867247463
7.57969588421661   8.27395868037117   2.995032889512082
3.302510662750868   9.639196942710948   4.054507755229851
9.290219688198022   3.526972332013478   2.4044665919442347
8.59268534513658   4.2437424573709315   1.0491230828610685
7.43959949838237   4.86700071088321   1.918541361154154
0.8617003124094145   6.90162145966619   2.698779206120624
2.809064818325273   7.4451820872868275   3.8823815437154576
2.3591657959052625   4.180703818705545   0.8344772198561589
4.367877644146876   3.8979815542443177   1.2372441391339537
8.67931640999471   6.120326473342338   0.8812380577297142
6.2866472478903885   5.335237095847301   1.173903249784419
4.201255987936384   8.393177874390702   0.22167045433249855
9.24502188593065   0.1323182915661132   3.984862644859904
4.165317286564035   0.22056473781931518   5.814791963591471
3.5895280271429666   1.4849446511596887   1.1394195162589755
2.0845628943784864   0.20347734877596935   1.6155050326296372
0.3887218552013997   1.5977432854165066   5.354513492494166
2.499424879575675   9.22475744071073   2.7735792917291078
1.6282106939570604   2.2018116167159123   4.584743371613306
0.6229448922333315   5.424025894658214   3.013441068594283
8.475248427013817   7.869147192741402   1.784484225820427
4.524001791292335   2.017138411809979   4.112093403431509
4.372798155659378   1.1166699714899344   1.9399171043291155
1.0608181740442322   8.255857281720699   0.35729253745390577
2.0881649407444374   5.80102028969039   1.378031296103912
3.1381212293174645   3.257688395055002   0.5809532416172716
7.551840897828645   2.6677986619844742   0.16932477458008116
1.2808801207294616   6.0881336976298615   6.226670768778337
9.601154097661375   2.447496569273117   0.5524520438205056
4.975088448024447   4.885988781468327   3.394227887224995
4.418768771085623   5.857164047586433   4.025674879426964
4.769047766376461   7.697267047693801   4.842451265977916
9.43471325553342   1.0998225722961938   5.63944897944927
5.428191256862864   5.954485607545813   1.2737749981113218
7.755328580998737   9.803865422048071   1.813160643409862
8.155953492747392   0.8838180368080882   3.359686245166553
5.885424806448793   4.1667243196573   1.9131184236214207
5.783714501180656   0.7275322415766077   2.20183088254673
1.291786760445893   9.446950296333254   1.2975974462412054
6.67518812933784   6.150669036103313   5.505564927856327
6.425857964093065   8.273019147355807   4.26293133079
2.1288250872578387   2.9611492329523146   5.958055002967101
6.5535331359371956   2.368012202912076   5.3338211778539115
5.402634697306583   8.57093816235123   1.704268833119793
3.1421131563441462   5.4619134750413405   4.476052214471804
6.075012435979909   1.6101435502935804   1.2457035604128237
9.549168308899482   4.523600237300358   3.4314838864655064
1.1017660343756703   4.065738633389629   3.905704837329235
2.601144536041269   0.9347702560565931   6.080556930295674
1.1891671926957317   1.2341630199164249   0.39896546707404834
7.476649798970576   5.870968548589507   0.05268174646650792
6.846877382118584   0.34031692948013736   3.7035447069879854
8.668413162494408   5.201356175871008   6.113631131959874
6.1936953092359   9.559560605151702   4.121620819906865
0.29084113776387877   9.042639419376634   0.9581122912908967
9.338906647781029   8.577147350448652   4.966831490474094
8.396100945810728   2.4300353779593955   5.994587894208444
5.199322063827191   9.508712441942505   3.40479682775761
7.695505528700687   1.7373863184095377   0.6384076767237233
