7.274351417765092   6.4368271236004695   0.9307861271329818
2.3952235221279197   1.0374944429986528   4.4160281211097905
5.601500721689447   1.3382765830756955   2.207480918518193
3.736104569978431   8.370221555802601   0.7536945878275717
9.736962283188362   9.46800911160026   5.86406593382651
8.375592561383764   6.273995112769887   3.0773005093074413
4.939013164751701   7.844631540660067   5.45397777462839
2.544089095270327   0.19786292806641925   1.794619452305996
8.287377674860357   2.789427657435625   0.957292510324641
0.13525550968095487   6.319307361928607   2.4039226749102354
1.5706504482503212   7.5178325710276335   0.7140747724488059
8.103719668242055   3.6561641119820707   5.6631270410847305
0.919173183575761   5.591043327644556   1.627458197961217
4.806772398890216   8.72245544676157   5.625246898737121
4.523699745438201   2.7747607608212954   2.522845443025118
8.304504780076021   8.018614310655337   1.4460992212299815
6.79127201897198   7.67249218707083   5.616201218555886
8.22650707897283   1.060980300994873   4.612843155878758
9.223835147329156   8.115174928542306   5.6349843941536335
0.6202325655895813   2.811491856303481   0.20430241202981467
2.114325109779819   6.392761882401413   1.4324112984086033
3.0299299318268877   3.592874002707318   1.6749120404893425
2.7996694437387966   8.190653511053045   5.258453189430753
1.5102522831468572   1.184890656544332   3.1902828499574434
9.507325023781545   7.151171565487019   5.033667824572
6.39994258681913   6.904234588688155   2.1250598740819173
3.220728687216388   1.7201482021266377   3.91242199740884
3.762275557158985   0.39395164978463537   2.4958145823399636
8.156969075664831   8.953299823519513   5.251126210872036
0.670282852101301   7.135415754396821   1.2583306360640523
2.081709119512529   4.843939678296917   1.4192429047225166
6.276481539132306   5.128977350466795   2.2551705013608263
0.004217118272599407   5.291665585044383   0.9799346671300648
1.1807605341127032   4.751041109680633   1.8344419967825754
3.9027248834942037   5.200886445788964   3.0965306822426077
1.6003409316835968   3.711836597245217   5.37625068329513
5.431987325168807   3.515981447959789   2.517259073464836
3.2912855459341457   9.22087384093495   5.1939028930941795
2.775451015717927   7.336592050772383   1.6042793662834218
9.174798377834515   0.8562931406249712   1.9716239803363913
9.373561797974121   2.228319359127731   2.680790493085831
3.9640084836721012   3.5459716858558643   2.5087335258738324
5.923943163493222   7.976941021645448   2.6479836960234526
0.7659599122138212   8.014433195850767   3.0778807304719007
9.08698130967142   4.184314931454316   4.941029369783932
5.973318931779076   5.97554533942055   0.04795727501728998
1.0881832879222428   9.028187240547943   5.239369821005003
1.5387234409046493   2.3447437958866884   3.467256208784693
5.309771049717339   0.3810405793520608   3.0389597515073774
5.865665243537186   2.261293760016813   6.040764681493665
4.479371989796559   1.5246187773192754   0.08957509895912263
8.333956936905448   5.158167788540362   2.133889285154643
7.236436302958724   3.0576505287771356   1.849973018742414
0.4189382168433514   3.8260183744054457   5.703449324606743
6.730880808330765   1.1939324406630396   0.5698899447009252
0.24436828550211204   1.6765087468230468   4.91012195197065
7.018895518262902   8.625683658760893   4.235950922640292
3.8712461757691243   7.235865892874104   6.09837973290622
6.332426785114284   3.608291070234052   4.603005499033661
3.2817049588227896   2.7521892338567406   1.6967446192796112
0.7094046940292893   0.29566689783126954   4.644655282776539
5.194806984587139   5.082669816694896   5.588752984995798
1.9216270088746872   8.590422640183204   3.8756948966591853
6.060100491589127   8.876697869283708   3.7686996498812895
