7.32062815966472   4.655543249014052   1.1957839020802514
3.6560614341415674   2.409416174664838   4.895795912064656
6.489727676038364   2.381996397881059   1.7812255791551888
6.090050795288871   7.214162626005225   0.5614490310867445
8.290650342972674   8.856132180775022   0.7421560662616746
8.277292555848566   6.118260109959864   3.3794935943747353
5.6660226371381555   6.455628288687074   4.265144503835072
5.496645727080956   0.15806364501114983   1.7405441376639357
9.453744481027465   2.292854477577658   5.991033155514882
1.2261849677888041   4.525329933182695   1.6381224175829314
0.6157064286027294   6.476383418766284   1.179573994498542
8.322362680314217   5.154391845487995   6.169340183831007
0.5067198382973161   5.578767700231033   0.9667780080502603
5.133100021036485   7.693691391817613   0.050439053831573225
5.399354456201217   1.0899327160068397   2.671640996977646
9.01089162393895   8.037161402320077   0.8527789350699777
6.995532736489547   8.422862657752297   5.290187422980802
9.222865387954592   9.356968331481685   4.120246173133084
0.06847216179923876   7.863146307393867   5.315375517620387
1.223181208170489   2.0567064762308136   1.3288978225691046
1.4695938279028562   6.50499008767752   1.5246190902354504
2.3546419327643022   4.333203910069606   1.577783547988908
2.3244458254747853   8.388765234745739   5.465191146954741
2.307559479904154   0.836768624750835   3.7471755937391347
9.409554041491974   6.339617533396111   6.073101047459023
6.5139395302882015   5.798034865647574   1.9509541748232102
3.6334826816321586   0.1729260482738617   3.821481847951853
4.4326576064514205   8.98503620909176   2.574780209012666
8.745874601422493   0.5809332829130258   5.600640584561314
1.0254788846738225   7.268971743272859   0.9048165185519048
2.7910967062876075   6.103560109898518   2.052599503887759
6.722727946158178   3.4126494524483486   1.4916753337417639
0.08154360660195387   3.864245212719714   0.7270046326046518
2.111644144866534   5.531658135065608   1.6714459485016557
4.249672436812023   5.310195015307577   2.1900915482238337
1.4027777065605394   3.401785234025592   6.039964387051519
5.492645201602173   2.7958331239293885   2.118961622258963
4.257757531530548   7.674236692427272   4.981757831985716
3.489110019631597   7.237449892546372   0.5411514303552399
0.574887904755234   0.3388555182018942   1.6181793378686928
0.19561246318947195   1.5723701133463805   2.4757110758365775
3.289508983881601   4.813011340872271   2.664905969052724
7.34282193307234   6.750626427540873   2.2852019798516476
1.3860864323622062   8.380163211806511   3.008060781658154
8.803353828281667   4.114524097427009   4.266162193137863
5.286676846489807   4.4874038208368585   5.904507150606074
0.48091761097993746   8.785393816688579   5.225713435094069
3.6333552070907196   1.1131934296548183   3.201185973799902
5.910534695284177   8.531168415741677   2.5396816494227883
8.884781379693855   1.4313654008688648   0.2982173519361103
2.9071566556155886   2.9925595567761016   5.577972739952571
7.800098521645988   3.879845054925678   1.9074465255653534
8.178284858584826   3.0378501618737137   1.6222680849374422
0.3882553754426077   3.0316578058236026   5.569334479154484
6.957068415035404   0.4444207267452126   1.7476367698242297
1.2269142796610844   1.1275685469084222   4.698250361876263
6.945144894977689   9.385930096122266   3.940589941524791
3.8466444902163968   6.308858151559708   0.4740582054821478
4.702275083003587   3.4446866838377628   3.5728750169656713
2.1097004398915056   2.3630155702064832   0.05115188872452564
1.7937332611066297   9.280688369470841   5.179865017393968
4.102404643411952   4.156452170119322   0.05812987145449866
2.734650874468146   9.791315738489475   3.72985704977443
3.3079862233907953   9.003630259473354   3.847579027685695
