5.046278189287132   4.69845027555841   3.1403417398997804
5.838553607708745   1.876659702447388   4.175817472755238
4.0911457185244915   4.804163095014315   4.889805589564652
7.2723677518070025   8.235514082219067   0.04218927516452364
5.356052253791721   9.441528370944102   3.536529010419317
8.32184844348927   1.8395957321629557   3.8753129608986225
6.599866192514724   1.2736746039892894   5.531803531641278
9.255689436539738   9.493304397240212   1.8148246240294466
7.576932385867232   5.881946011999886   0.8012186462388674
0.4028566217938113   3.180087890407022   0.8650376269431083
9.51696470634804   4.377951329046385   0.9794152443813351
6.892450510307645   9.226841308637294   1.122448605593557
4.483320736173444   8.576697268915314   2.747269730047174
5.7669050537854405   6.640904584053783   1.681905428439569
8.235684685977718   3.3767473607241474   3.6700209229930536
1.3435892940790142   6.836894480709728   1.0322338942891922
1.4571851525391544   8.01297423415317   0.14984823566391792
8.974633954279636   1.205527465411786   4.853265282279583
0.4911169114454009   8.59113062924577   5.0717713850718615
0.9129288468482238   4.255789518468481   0.14643365350180307
4.109172019124887   6.364273919244984   2.846393907891914
8.376381936479403   5.040575525532141   0.8907115617736698
0.9041629740633872   5.116303137401082   3.444385481100729
2.7505238653833706   3.9010803065153272   3.712720559125763
1.4792783966366971   5.931414117736809   1.290636685174681
9.056118583378153   3.053577460040165   4.0806722170573275
3.9479603281627966   0.38053249586893223   0.3664283999038823
4.849575339153219   1.2356678910198298   4.138536526954532
6.407224215012957   0.19391343407972483   4.0889059700854595
2.879213448443118   8.755011174967434   3.584787860488942
4.9613214080177   6.0285326582509065   3.5182002941681967
7.877518354414862   7.207620416633903   5.787050039040236
2.4236692818456067   7.086423348424683   0.48215454327634977
1.6851440585286233   3.0299370544230526   3.558360190541274
6.308568337390677   4.169726630418341   2.448563726659284
1.7766101917144959   4.4521305706584675   1.7498624319275815
5.888854243583696   8.667057037610606   3.6566908960808586
9.27827054857533   8.483517568825706   6.085796352046946
5.318621499406664   7.615878331221696   0.6915877628049664
2.284891312834828   5.287301268352576   2.2541449906401714
9.217590358667774   5.287871037307008   2.2193379688501977
0.12432528024009198   5.889719902567022   1.6500030616907901
0.5548761727703584   1.390177365995116   1.8002968143910825
1.923061356445774   8.806421475883305   2.9073836443506806
6.718476435436104   5.159760179464863   0.16294653634722542
5.11581913688173   3.7189983114463376   5.700751297004223
8.768788072569965   6.986627498682731   0.45520505880301454
2.424410846139574   6.130225036693661   4.5057667397850985
3.5505467257479104   3.3053893701693684   3.030199922999992
7.481849808917055   4.153535949527499   0.5634284210039571
6.233237153684069   3.177182024876465   0.2670559287943916
7.602313433370575   0.10202961374111488   1.3079967262764203
4.337945841036143   2.5463380533716955   1.4747065957819274
7.724165783365199   1.0674876014163601   6.22631191065933
8.454922155070358   6.1002136349169955   5.481471461780182
1.6969354141950046   1.759684719950118   3.440698985753045
6.940198911912022   2.3167965019972794   1.0998896215360074
3.535408691657838   5.614480667926525   3.3476438326939126
2.8523369926106157   0.07844442042945943   1.829000228277547
3.632743138962903   1.6606757246102017   3.588052992137753
1.9195110865600946   0.6004112361520149   1.8143930661005676
2.592057691666232   2.696851393182022   0.5936816463614751
1.3387045289886288   9.507304829892671   3.5560152107294236
5.736822227318309   5.307103260750957   5.730470677343694
