1.7857031368122627   1.7573098272557677   5.126458421939573
2.930580572469272   2.451339099708783   1.9227066308667973
4.394008542236711   2.0384121878041253   3.202692753086565
0.5163891359137418   1.5630415509570543   0.39263269952821034
0.6591914640173931   0.3985312777129099   0.11369950105950499
2.9800530909289185   4.768254106897415   5.726940802119495
4.200456277788162   0.6870457488660024   4.283058678574196
1.1155098513848336   3.8850980404540523   4.921651762015346
1.4976720112373172   2.253748964783651   3.245133086350713
0.16835501140015657   4.686764072201942   2.6596856677187195
4.478314542093602   3.4667232111707937   2.496421041656816
5.226015599284629   3.442856429494964   3.6936144143276306
1.5645546371622177   0.767161320392575   5.463066254430672
1.0184533247040373   1.6043167521990453   2.807148707112945
4.824765350656916   4.563550439705562   1.9494036312255445
0.25554808337325574   4.344711853660612   5.565818854961659
1.622092385111181   3.6809442959528864   2.08901506270092
2.1306317517116797   4.13994357152226   5.126299227470227
0.8945813444213842   0.6339798821959394   2.9734992522049093
4.7247426332240305   4.252506648476628   5.133447315446187
1.5520777815855928   0.2692919065154593   5.515110404166929
0.14211351949228757   1.305771166879373   6.166531328153586
1.83220134456943   1.3320719812835309   2.3451841274619247
0.7211918551161902   2.3470262845718874   4.88331199884098
1.63574147983035   4.687111476261456   4.894436363719569
2.719569946316107   0.7638441422205227   5.979608247950335
4.490418603314379   1.4102330027544983   2.1934561179562015
1.499886209064874   4.232882367896617   4.6118043144586345
2.017956846991238   3.575992657448239   5.457185191757878
4.865408806511447   0.23778701778550915   5.548202286676941
2.58024988534908   4.143486559065281   5.1959820514633375
1.1630625484374328   2.8320963298487465   1.6099282129842518
3.6922733500963805   1.6744383993581313   5.857483935807393
2.8654683975212962   0.5556628558450957   3.0273005572620186
1.2888078122611404   3.6996245062844584   5.053357861139384
0.5885038408791823   4.409925466359483   2.3929549963264356
3.726777933801023   1.1547348259694141   2.6396968817959876
3.7230746249960474   2.8440672141277688   0.7520975318987713
2.787852980750794   3.7303944642082074   6.113753350351918
3.790972059347389   3.539793792659315   3.2089747005400726
2.4793123155241705   1.1981373898767258   5.554838824170821
2.207420147536582   2.571358348336603   6.221136325021166
3.610628004108288   2.035778331918477   2.8575208802585115
2.400995825518378   4.883597340938632   2.509455238684739
0.05021796145079538   0.2040996337276637   5.4657114448908395
4.9060789156679165   2.3907362801690004   5.21284066075299
4.245049423296939   2.233732614825886   3.1636197248308515
3.7870475009866342   5.133787951327218   1.283566809592449
0.9804672200849891   5.18578833449115   4.392648761503807
3.324979771414056   3.274439509615005   2.2540957851915033
1.8678558250877153   2.6055074768146578   6.128450795206849
3.9681589091789653   3.893450573425813   3.2367096292090105
0.4376886218428586   3.3208569677732624   1.3711280201703993
0.2020256276703386   0.0009153603610358441   5.804541770869478
4.189212852732981   3.3148864429776697   2.5958494107123147
3.2810343591471938   3.789102224414699   2.707777095152418
4.765724500774704   0.9442053065415821   0.14960920418739657
4.577762265022961   2.864114077564035   3.309437282331314
3.885577579116558   4.656126259881462   4.94774525142368
0.36515130546791774   2.7692659186540856   4.174221680974583
2.783727563461016   2.803192534698046   4.582502907150883
0.9223938431292333   2.1358925413293286   1.7545911760112491
0.9044557459065808   4.390110447933696   5.862539502669643
3.6140714810891392   0.33880776360483   3.7340986524480924
