2.5415658355287465   1.2798313712601517   5.675264696265291
2.103928432308048   1.7265812324445253   1.8612906867139563
4.287786958939505   1.7683575129096842   3.2771753776062034
0.7071589671276514   0.015063302762354847   0.15235315731350502
0.4277934268144376   0.48144828635621006   6.116593485823772
3.2012259478832745   0.7076995009960476   5.4120669201292495
4.09796165427372   4.138439173640977   5.052406211686706
1.8220584856433435   3.906041661829972   4.278976501506192
1.631010728334092   1.2039330392183178   3.35376178899877
4.8634391407944415   3.8936068920852174   2.611056182369274
0.07589897744363816   3.715023650904544   2.4311010508197697
4.892970560730558   3.327336082509893   4.498434002995021
2.3295680794603273   2.6627431294180317   5.762909260386013
1.0932425450762262   1.8044528143995173   2.099974151042467
4.166100980530483   0.18154843989466424   1.5469501938325436
4.468354892446451   2.7090507393323957   6.224694013911733
1.0241935758635528   3.14671141206619   1.4556442093876192
2.3780322594876377   4.8946552783635315   5.169921599567012
1.1966311199145476   0.701713463427479   3.1630538709663454
4.878789614620784   4.699273119961045   5.091786921327118
2.745295173256516   0.4578634541259312   0.021657779448823078
0.9927178300950898   0.25197750480097825   0.13078710971049745
2.361076405196754   0.8140294309246656   2.4741422399873096
0.39093172363016687   2.8508059277327944   4.4274897078864255
1.7838528237139255   0.539924069060859   5.623835180447635
3.059696073216287   1.5966806452311335   5.860913453426815
5.143518661444805   1.6862864803718425   2.5361590119917405
1.5841074985603658   4.180328554801888   4.399986952646153
1.53685742526792   2.937046200087864   5.645765899084275
0.2292254762924828   5.058018322364527   5.769781068859352
3.51687282610831   5.153769032552276   5.186858914363164
1.297343079078583   2.432268235243562   1.2964182304571115
3.533700481860791   2.1380831015439643   0.4193191341807494
3.163546576791996   1.5369575316700983   2.713085523528533
1.2544631693350599   3.546800045333088   4.637866569260781
0.9968918180248455   4.211121493163447   2.972577008363354
3.626053382659894   0.5939339154291898   2.3028560290352313
3.6433869379446717   2.8930766764285067   0.5683924299910941
2.6342868682062144   4.413102058121969   6.24705905666718
4.212785590481452   3.5129839378912058   3.214058135303542
2.5075437502625433   1.6381358164639497   5.205080979220117
2.3135942650071506   3.4590579879531167   5.612823108105114
3.899736749188798   1.888006045476539   3.001337925278639
2.305741990948777   0.4731445327149369   2.535762934633428
4.790024084260762   0.5750242502003158   5.258417502404048
0.4882286130950839   1.546591982250953   5.842931573144385
4.723962255092625   1.4593640405124573   3.4291663415153777
4.381482988413655   4.447234864739496   1.2860304050598388
1.7314370784669646   4.716226149593866   3.516146933681646
3.231704773024874   3.2660079500369115   2.8294462007254797
2.7162219598072057   2.7840755495388234   0.10021601909688202
3.6219978905511114   3.3607957275240223   3.45464092201453
0.28469938449477866   2.4977070992536063   1.2939570539954242
5.144953406209606   0.09344902740757985   5.535007218623229
0.4628299381083167   4.487266380191823   2.370822611469081
3.430834555046684   4.132734036644981   2.184327153340443
4.576178661359441   1.3396114548813565   0.25596228949237576
4.6973770344037655   2.3617814603007385   3.2249473314379196
2.646989058935583   3.5403851206128127   5.520053411579032
0.733456469700821   2.2380851942556053   4.710430837694487
2.5547096663922546   2.0252840079468095   4.882606535192438
4.859123539912911   0.28456454855129454   2.40892869780513
0.45523689048064675   3.7701793095608123   6.162623050403566
3.708847573512117   1.4012527795845644   3.861649104941383
