2.4261425810731088   1.334513241629494   5.554644404511865
2.199714882948365   1.9625132331749313   1.7960142354012714
4.287786958939505   1.7683575129096842   3.2771753776062034
0.6814750054526773   0.7285288617194999   0.23354901667874717
0.39889213480714036   0.4316780931913635   6.182752752237333
3.438705211294149   5.271266141632323   5.370611401906036
3.5746956644573182   3.89099464916861   4.988836730673566
1.2870428022088705   4.078488283085249   4.189403900472394
1.529232428694929   0.8448927972077488   3.351784544719673
5.066420578143618   3.889152481195676   2.5820616246656534
0.13506253838769677   3.8448342801812427   2.495338297797148
4.993410871805779   3.2307093795626347   4.410661334686568
2.4554082808839324   2.6591119053363523   5.73271635383726
1.5126190578709244   1.644347739597322   1.827175848206773
3.969698198965468   5.198291564009477   1.6148456274301508
5.031451160832372   2.4297059850175486   6.26538941421453
1.3607747958534686   3.3621219553337784   1.4632186823402826
2.4240797143723953   4.96579064246644   5.164173012141676
1.2791703956507015   0.9302392678816989   3.132621783291216
4.9858333662761405   4.908950740251661   5.161019865583452
2.9763883056512905   0.5553593129784667   0.08708179453170212
1.159941500353735   0.3419845485082978   0.5030006685508246
2.3218856838413857   0.8580126564466058   2.3164940892956722
5.169620237146807   2.984918095035736   4.620349273294683
1.9541956399953477   4.943596080917122   5.666341105288101
2.985648968100954   1.9652448986253908   6.113037299609958
0.03543769274917427   1.4061033670980128   2.4323139623431564
1.6622800289599433   4.297941346431104   4.436091512518928
2.1159159772749847   3.496744047303871   5.8025906483683745
0.03467992872115505   5.231013168130701   5.6306851407311145
3.8542614079872908   4.859175695975805   5.0030529373220425
0.9180177582849541   2.6713471485800913   1.4043151873489303
3.3988083094296107   2.4655841437177886   0.18138188561098056
3.388699500262127   0.6492276167974238   3.1902928594614117
1.2987381862345175   3.7763570498636323   4.63004510333854
0.8068909445924469   4.361521024719091   2.9115705042872952
3.9432077580023126   0.7228538745857049   2.194252584533709
3.8003527279903664   3.2566300045654275   0.64284794845444
2.668890261435629   4.5154717192765945   6.20521906385889
4.30345461024924   3.077373539122737   3.215244057353482
2.430109952903794   1.6779890546086789   5.142968337081018
2.235311208266808   3.287651946938781   5.558840359887203
4.143424999732698   1.8250759665497502   3.273772388531894
2.4101824790073567   0.44165674088631823   2.636070578128591
4.369512896435463   0.662033658646593   5.2516522379604895
0.37224879744885075   1.1933699845189376   5.8762792537745066
4.899233702412129   1.7266994021952617   3.537188131210751
4.251190025994574   4.135349885861281   1.4329956325947102
1.273021316360502   5.02129886195611   3.7206357923383466
3.1086943914119094   3.2613153978748333   2.783927272479125
2.8218081346547095   3.0550790495283775   6.18644238087774
4.1269397426317935   3.4789307445995092   3.2607931771684857
0.35197760804341893   2.311656725321535   1.2616505104746198
5.179513206156787   0.3073590962982402   5.451395993420579
0.4619097432818642   4.618066693827113   2.2475328125654137
3.564760162178419   4.444685528393064   2.1153880028426397
4.50787788513033   1.4588925403289403   0.17207443431057443
4.5728865435799   2.4292445523177904   3.1177558265697556
2.646989058935583   3.5403851206128127   5.520053411579032
0.8567303814238362   1.9669178520556843   5.270174344390105
1.973007366214088   2.0351486262279153   4.94125527593774
4.71226519022948   0.1201336274190874   2.4102220136314294
0.4191351113790133   3.3619335777954364   6.065512330038801
3.7390970418591505   1.3929195138578738   3.8267640137288423
