2.382518530267689   5.1608997191296755   4.822862312828892
2.5859652232291332   0.7588049367221927   2.0695997301815496
3.71870892576988   1.172240134262977   3.2917809384698
1.059840522615791   1.878441429210993   0.6678477364968811
4.474096726435329   1.3516332623873595   0.25875336772425317
4.01014235469161   0.5407197160183415   5.0177992170319685
4.43557126652596   4.133792559961498   5.243882649114237
1.2066218299912332   4.647448870727198   3.84359253597791
1.1427001395914862   1.414537419936233   3.6631118865508547
5.258032182270141   0.10013673773941034   2.129396952272405
5.008989086822182   4.0276412588836115   2.1283226340254977
4.875843119862863   3.0437413015679895   4.0247700090998455
0.9901733833651714   2.8859848240104893   4.8754697807184035
1.127560954109998   3.135196069054454   1.9340038342454995
4.118062775558426   4.149620031240228   2.095247793378495
0.3805107183353042   1.4597852726861484   0.3206157824765067
0.7615501736511858   4.583647658947686   0.9478143416787357
3.3152328402400877   0.06755791422254992   5.343624836456687
1.5538444583086004   0.9443488769692914   3.266929195262684
0.3805093786613373   4.063494804412119   5.930860021027442
4.313471135144905   1.3273768303578102   0.21585810324636479
1.0545370209435783   0.9738951170964706   0.8980312998320388
2.4410522311545053   4.823853654065361   1.5300970040887771
4.7612193349576355   2.597676560232025   4.824300937748421
3.618592010153844   4.94771812652883   4.5827028273893164
3.2524873774395004   1.5671684107514179   0.46835320182371687
5.161405668660324   3.4879590638468354   3.0411870250681026
1.137434232032177   5.150617209184649   4.056591056725135
2.9887635433384494   2.6619976302786346   0.24908010539733458
0.3112904398472497   0.7453654688817098   5.057356870090005
3.2228399847273734   0.3458847572180211   5.608654446415442
2.2201198613041795   2.463071010235094   1.0278582797706044
3.850623436112833   2.5759005268811186   0.18348354149803264
2.591280594886693   1.0464310212749235   2.217335117761103
1.873160718881575   4.218909964107545   5.176055911269686
0.1531357876628145   2.7981569017090284   2.8303193599119223
2.991599191583769   0.5693350758457563   2.472471119277847
3.4096037539183226   4.142266107983219   0.4412227654070758
2.3473287470315976   3.3539205949243853   5.412596486620217
4.355731923235612   3.144653362182781   4.199395228107305
1.8536779887874881   1.4884540401987558   4.163944921624782
0.8151107693037645   3.375824531427853   5.2340489639956544
4.926643832626897   1.6057243264192582   3.1448711610061886
1.7730046352919073   0.8343430040288633   3.2198024547544724
0.04547820081119505   5.148097002591188   5.092377591935415
5.1754194683533905   1.4882039303280097   0.2587756587351191
4.092999436173111   2.66150978222813   3.0997377246453923
4.036009439613155   4.2732711784101785   2.1269450540090764
1.4414126582502527   4.764361055697485   4.048384855086529
2.9514901509029463   3.609728409614682   2.771045310996984
1.6270484922496369   3.4192966316798383   0.4632985605547367
3.5076017685605185   2.5065744433439825   2.930546018719081
1.5565788985797433   2.491782976949031   1.4183927402444954
4.765824180010414   5.087076998420935   6.257477764251454
0.5144741995284366   0.29432236731773215   2.4530288008953574
4.221174049982388   0.06427036053264912   2.6608425150423938
4.728811497326661   2.017072169672055   6.127961582206819
3.2673632550185796   3.176064367635827   3.4204899266602906
2.3757459213433494   4.330582327564898   5.665309713771986
2.4203175956274805   1.5007911647118581   4.602898580476737
2.119852548108686   2.0539456460004963   4.42671577909846
0.2475228087074659   4.9823834652111945   2.247397565673931
0.7398447875817503   3.965869372100917   6.059204614614843
2.7079943088026948   2.3254537216990863   3.5846039775710823
