3.318709209708146   2.2688019399865427   5.387108019493481
3.140882626009938   2.3707962191712237   2.197665196208608
4.604609323533723   2.7588551832245614   3.1644574599657203
0.3496760330765528   1.5189917622319475   1.1055272452143834
0.4207214237938382   0.5175328092179722   0.22972842379508884
3.036575814252548   4.3437979325401646   4.997429801033608
3.543200722055757   0.5740220209964544   3.6655603232688
1.637010566783883   4.296432091204757   5.126804589289575
1.5933794832328299   1.953933977216458   3.128789483284773
0.598403776346234   4.347387685558059   2.5359064864635177
4.264594672756249   2.970555376810141   2.4644664180969293
4.98749638697251   3.3081210473395894   3.0936935009304545
1.283605708163651   0.9420505275198078   5.160553062133389
0.9633028656564209   2.0347990748187117   2.2569590060426044
4.970637326825228   4.05675222484425   1.7920967540980364
0.6846267788937124   3.8973828363367686   5.259870382954276
2.301514524340063   4.275079495195076   2.167865359244112
1.911809814578901   3.820272718753706   5.274319373467625
0.5925826124712833   0.9191138015989089   3.4564517735872142
4.76849717067418   3.8591781008360995   4.803659676399296
1.0815142065220846   0.4505653905740162   5.601597051171328
5.209725949524546   1.9845239871567117   6.240991755582242
1.656977826653136   1.414643137181081   2.1671400301692127
0.5639586647973066   2.477734178691426   4.826291314127664
1.915464178899159   0.5269975603544782   4.374160757848134
3.0312903294254356   0.07188623352806917   0.04159778650620538
5.018680974477751   0.9896104592996433   1.8267589529708546
2.2337776308952426   0.09530997694181487   4.177065593527533
2.297318770555796   3.661250581039626   5.60844233662906
4.341340939761961   4.655241868394076   5.914056879656067
2.126680732165929   4.807571775621377   5.292619571237003
1.3480134701353705   2.8443634500592165   1.5337729110718556
3.593015248002933   1.494724497742308   5.769736027242078
3.2186411954025846   0.806182651779389   3.3756747183074314
1.550694559774023   3.442710562651576   4.932140714187038
0.3659028567142213   3.4073487048397526   2.387272052271872
3.835917850698786   1.557008162958602   2.63811703239354
3.470435847037469   3.596534361509059   0.2526937547511068
2.6317190638001495   3.378306741754226   6.149567235058616
3.8818901707261206   3.4746269566784767   3.223433263837281
2.631173030812351   0.8765976813626828   5.75871259691243
2.309350741933651   2.786808408907029   5.863660822748992
3.418168083063676   1.6101029617507572   2.781014767353476
2.5990427464013623   4.681768729983216   1.9301552183983874
0.2050645983854485   5.018132294797549   5.462901310760544
4.928184022045523   2.4042702775975937   5.442121223769423
4.472129161877627   1.7384846975540074   3.5732231338760263
3.936130172879248   5.173602814471272   1.2996946191237235
0.909077511474929   5.01221048156698   4.527372116240982
2.8942036295832887   3.021305187106532   2.1621830198291847
2.212911155408413   1.280149842258479   5.5268122229474255
3.59464113761475   3.8023536208317497   3.3046659663670246
0.7477037245786237   3.003377453575706   1.8432067565425256
4.603414147982615   0.1164234715568872   5.664348548436213
4.046447518243569   3.7198831515449573   3.1435758450690807
2.982379926079386   3.873172471730752   2.640967659552171
4.766005801444089   1.5009626835474312   0.4803259518479558
4.765691390654847   3.1496889837955484   3.3060483546741386
4.787978328329885   4.6524402311351665   5.335101706117569
0.023388779857961506   2.9190864874338422   4.181115078677637
3.3482407032141435   2.803307289383131   4.5132637235816135
1.1229925545958674   2.4372253173261718   1.9538259949594012
1.6030811513403653   4.865068107876803   5.643233855375702
4.086715976977718   0.5053044035393589   3.7610380619889483
