3.000988460666872   5.150441098974096   1.636776990536609
8.251759362036022   0.46765666764236846   3.9424548311681744
5.451038210086695   0.23331790333328528   0.2257760745745411
8.427241213252845   7.490646574693418   4.328010642531816
6.183787196352342   8.212516871734767   5.039011175994832
4.2284004333001075   2.8928340399975108   6.157094363667244
6.378513826042179   0.6681118219767544   0.23647349038606968
2.3408242975243194   7.035662470095394   2.334227355133583
9.94030354732538   6.358703847308831   5.474374011479148
6.71217939046849   9.084043333834432   0.7759447593798665
0.11145342845606443   0.39535556075052236   6.118403874316231
5.943694883204646   7.569645213561135   2.0515806094554954
4.422741871167371   6.559665561653548   0.6477892522009124
9.817737747624557   5.347355700138195   4.409351313791832
1.1148525616312022   8.384562595408477   4.542527574465314
3.922115854621725   5.041687218542366   5.262094863704262
8.34873341623669   4.010859479147933   2.0716179420200356
4.087773957732439   9.669044146029048   1.601482032350488
6.299241015287699   5.604349278676616   2.6716173289299086
3.721153141172513   3.7547938646962513   2.711322789085671
3.3862398820787534   8.990382083972056   2.604958299533316
3.533004969584117   7.3426771751129865   1.139910283522744
0.559226718715511   1.819684970096407   0.6031405117885499
2.0198133283686692   8.602323965557316   5.62303098761678
8.678338933013322   3.114456827402318   0.9436597964157862
6.219421227671428   1.5437079874026083   6.045710704757675
8.343779856732498   8.974767997864014   2.5455987065939567
9.554443033337806   1.2394640491490454   1.3795130564097589
6.477204222078422   3.4670422978286335   2.6569095261521603
0.8365484948837578   6.869598768299591   2.168732756220512
0.029761704150404356   8.816368682938872   5.362767344993631
0.6339092641143803   9.781612675594072   1.0041408689673759
1.7618237451442145   0.8651412024954697   2.2112625663935477
0.7407726377960622   1.0193952586356327   2.2091534874127
4.231370900398345   1.1644031484766293   2.236951461712295
8.08532071103258   2.2922860054775125   3.8306979217191715
3.131609351810169   0.9239426522701332   3.090281635340604
8.999587772853548   2.3066400230235553   0.2832271412217332
6.268930610073933   2.595415459297003   5.392696643406824
7.611184136890168   9.411740905541556   5.347930689307746
5.615213857879289   3.9147965296955385   2.8891342468485885
9.56869129713028   9.475275881364125   0.6945169723951498
7.255088351906387   0.4496010536278538   1.3533694679018025
4.639635334572889   3.7033106069828863   5.765068652317135
7.502119097327349   8.307214728569042   5.750593430218852
8.35404340504219   8.232731145691123   1.5772210971590914
5.229966371981118   6.43909291050857   2.035422324989887
1.4085813750757588   5.412911742600782   5.209087249273894
0.1930854903727166   3.2665289444885044   4.919575866282631
9.534291738626417   4.679928870945368   5.398797966519499
5.690309444381159   3.0128209835770092   4.358272865062689
4.412744483196779   8.009568639458443   4.47412964410896
4.572206456016841   5.575062008205673   0.4949841939986863
6.710261027684214   7.349688551191426   2.6548511272074604
7.366566447360384   5.677459969375721   5.318044140563433
5.315288858659178   5.604807075557942   2.8455618332382002
9.088036507542789   6.0565319116028435   5.116637875764558
1.4758548821020332   4.2733236800978105   5.397702624802695
9.284559745776704   7.375440520381795   0.9691983886184629
7.355836836869008   3.56810436612517   0.8860573355070718
1.7801616753492642   2.4418707321030344   6.156571711889975
6.184878089833926   6.714190660144687   4.15437494830405
2.448319407548248   3.966164024958102   5.881598390065061
5.683607220287728   9.133550338686602   3.9695820593097193
