6.486876188613918   8.146004913019844   3.0232355740445254
9.873704307002761   9.437249746582014   0.22699439739078575
0.057319817919792015   2.321227947121179   3.6183393390711567
6.8025466796199   0.07845970535717761   5.108112891177873
8.774919584142143   8.050463063978638   5.125413601094124
5.756400130254083   8.920999427836412   1.664930553453492
9.535117405273759   8.16725499997753   3.488788583051348
9.882008982144596   7.448386805438647   2.308692769169416
1.1333544585243636   9.1965834453497   2.366171903280868
4.3089680462806434   1.7993761131495298   5.657491211721853
3.8593069546499423   4.0387292098479115   2.651656417882909
2.887306973855721   0.42770546764590556   4.642030493214858
7.025128798675366   4.78950007914751   4.012921488294414
9.333444235188171   3.2001451743992986   5.521031570907544
5.254942673361429   1.2592369630759468   4.922873865208781
4.96042799379352   8.570534496041017   3.966692748619
6.524031286517952   3.775167384447786   0.18481101716796905
3.705837164072686   6.634399600447175   2.5065843824833043
8.22081241703524   1.8765934767143921   3.664791760795009
3.2406195753151517   2.587329078968813   3.630688578469439
4.585628745209515   2.3728851995244784   2.5854257920008132
8.400662839177881   3.2814609717091265   4.4952469066975524
1.812440710655474   6.275011656644047   2.526035906591351
4.326027574361923   8.212484480213945   0.41759639865421294
5.843289041164711   3.1728664730594787   1.5086010848433973
9.684511082900864   5.504903029476599   0.39275427362950377
5.0837704974373255   9.704010401319492   3.2078831040660525
2.8321264375480313   1.4918373604635629   4.373211124961286
0.17868379212799818   3.2062682620365206   3.635251976296372
0.13484431338977426   4.663077392781808   4.90118361040861
1.4583667359398644   1.1213684685692606   0.4134022378252219
1.2954144160919432   6.876528347320672   1.9115599911469119
9.011121616384127   9.746644607446662   0.709438991423725
0.7918927336819855   5.591728967667708   3.822107443093064
8.885622467723776   4.253692015768658   0.48739409597107675
0.15519785643104483   6.706897021979013   5.987827609020278
9.650608660274882   1.0033896022014852   2.0312885719935023
1.1400335382705806   2.01064088231061   3.9276464752214983
5.092427867516669   6.815489586748959   5.128154720425372
3.2662962772924575   7.717715129545101   0.0023071848951888296
1.0005517078235318   3.9940308410631618   2.527334887415747
2.8872480281224977   8.862691693985763   2.816700535436805
7.3185290742616065   1.1655445718172508   2.4109961468705725
2.448482370881255   3.1311062028949084   2.4510619490156484
0.5918162339801891   0.8473499313798275   5.620965809541702
7.942401894117547   9.440330678841358   3.735878038593509
8.234691921949262   0.9546246277343443   1.1494271344250677
5.012835691337523   5.782218149665763   6.100268293543387
4.749058413395075   3.661972001019747   6.123705985138149
8.347404089072441   7.029368213942329   4.5230120087051136
6.688008076933016   2.4262077446359838   5.669564368618443
6.470522452618308   6.536655104786771   3.1625554317637334
3.5512084136849187   5.4788374918990055   5.820074187079864
0.8002321964571866   7.687774574902903   4.518491518209373
7.734293040742577   5.844872363876161   3.377260799905171
7.237603750914632   6.943073424383837   5.021073836710551
2.0353567567486115   5.05049614048352   2.5867031202380493
5.643958816495767   5.262585855288718   5.469345282081111
6.090252040083414   7.588195518159189   1.5126911433380992
8.78825345148709   5.552955909513633   0.7148538673665747
1.9618068109729603   8.175624120434243   1.6766955878206953
4.450695900049454   4.979337671531151   3.7197323198084242
5.73981386538802   2.128495482342682   0.8233592962646303
3.9265469275241722   0.6983960897010887   3.849131175076011
