6.224657029728847   6.163750260522323   1.0015305755079198
0.7436890394796496   1.6421400637989547   4.391533670968333
4.684908339923409   0.9381793743088758   5.891471372165212
6.691461779260718   6.910456731608336   4.730105167329195
5.787576723161652   8.224366214109867   5.249673615284382
1.9664740739452602   2.8557080333856293   5.531779548497265
5.916435938482303   0.8002041184289458   0.6753179287188907
2.6815503226257373   4.700521621976455   2.283933915908531
1.148521200859483   5.850185399599863   4.275311401707323
6.6221193808626655   1.538537163657085   0.403331294357438
9.753841600151777   8.669242072693825   5.499893558532126
6.5426687730134905   7.676701764768698   1.2997074271878957
4.1006264822353415   6.999076080762418   5.853178658163201
0.5310402509339851   5.065073298328631   4.7746325526254365
2.187170581503751   8.937872050615713   4.78612272628718
3.138007373387085   8.063233629719777   5.510055606316042
8.720831608366405   3.039635150307811   2.40714022623185
3.547161778331514   2.6040757931793053   0.5435980257097016
9.255815854854898   5.253832732405507   2.943521219554999
3.2762393858735077   1.6412490707904634   3.2607430976095415
3.8227654139984084   0.05334065540161781   2.517329110930735
1.9382466003567957   7.6171012165091945   1.4996466348290634
9.470543646680856   4.221242141285054   0.831113236376774
2.243199275845257   1.5538044441207646   5.352799789507138
8.539785090661983   4.189036612693992   0.1943588098201997
6.071078307852341   4.22743698857236   4.843995773536005
8.233987639633696   0.9785240522624217   3.139392869598728
9.509737157556241   1.252042607017623   2.0589516333714966
7.994799180903586   3.5573807572472793   2.8322380780569305
0.3433396292123804   9.007731379208595   2.3509966990820286
0.08373713594103166   7.368559052282282   5.40373457332246
0.9057569024508789   9.771480601791577   0.626966267990257
5.268855279488969   8.799593022804928   2.7157054717038585
0.35097792092121094   2.4522010972475616   1.8990448617762794
6.418930541380531   3.116747864986677   2.112274468357439
8.46790369607788   0.10089293898260787   4.138959880996706
4.072083043415609   1.1090870632401497   2.7458753896983454
8.768567404312293   1.8371323925531327   6.072564949432687
5.852656453719757   2.247911230208933   4.686818757479178
7.2128058881638655   8.931251323102696   5.703747281259151
4.990037988050281   3.5354710447468873   2.666410827096897
0.1649909978200669   0.263339929399109   0.8610703428629736
7.736576063747573   1.9537932516893577   2.452442684342608
3.4490570035098225   5.530198939234882   0.29895478178504775
8.353371150612892   8.792483746756991   5.136147288991608
8.669435519299027   7.8012903127827595   1.2724954932230588
6.417276643638476   9.157069417545902   2.315721975472407
4.423177410165006   4.052345867435906   4.740007064785593
9.663209629082193   3.255079008367913   5.4790858546641035
2.0299283662246346   5.247693151983041   5.073255580810943
3.5225940031267458   3.5932013659780977   3.854608206839613
4.747943172182897   8.022573372041672   3.919984871428804
5.429555279906705   6.633358513453085   0.8787503576597389
5.051884352608283   4.491494926619922   4.019475931189943
8.887746602161958   6.28346269352097   5.789201965788419
3.7378320618298435   8.799737342398455   2.0075628514653445
1.1690266999740397   6.550341884342361   2.9816238107967594
0.9583366470947982   3.6225264863697046   5.754250898384875
9.59748325224057   6.515076573870579   6.208864033199231
6.968161296702431   4.090414308962846   2.6364421508677074
9.71356349760487   1.9815006845562197   5.437455819199188
4.120260909016336   6.259093677069259   4.8838434504283015
2.0016256491230098   4.34377173540677   0.5815227594848286
6.350018220499844   9.83126905680048   3.7230864056802995
