2.842222256714509   6.093561052508089   1.2045445005302717
7.530313548269423   1.2174700699803445   4.270611695380034
5.821274762559951   0.9874143129847752   0.30461655447299185
7.325773043655544   7.9686422648320905   4.491083805005826
6.667178528415782   8.671677188408953   5.583901030161768
3.6552074888497126   3.3725385177855585   6.154730292200146
6.523363581054621   1.8112515064880637   0.8579811448547456
1.665797772471645   4.770045148958941   0.6476102969420129
1.0177622008885012   5.7385842403634575   5.232766896057013
7.9413885944452565   9.255686907431379   0.9653494551882968
1.6073882243275393   0.5950165098568028   5.773745712680225
4.870424297735612   8.717928038303826   2.8303342467148283
3.7492168698312582   7.277308551637652   5.479989924351388
9.267192552608572   4.924250389218179   3.9843979576353425
2.662418476646378   7.697231500645064   4.987316402865547
4.351939504012636   4.464216569629057   5.897552674237694
6.973562775122091   4.189147821653606   1.8428373868039023
4.309572531053226   9.617693589426182   2.1224953867397502
6.653896225056373   5.064787702857122   2.5996662873619543
3.4216262305352094   4.917916097569026   3.2539417163476867
2.2065650817086273   8.884864492148335   2.468616314418765
2.045817542193905   6.654537824698398   2.0014792801551624
9.477954391558567   1.6774031099525888   0.6094765340855428
3.0965222907553294   8.944904139480402   4.975421028800866
8.699435438058114   3.1203225295249304   0.6653003135611808
7.505629899797267   9.859123223671956   5.930064417777016
8.43691257349866   0.8870561881665556   2.4934805620830933
9.487373839119194   0.5272590330399601   1.423680816459206
6.768868499678312   3.078187858863888   2.184011486524562
2.990219978643528   7.008088362262603   2.547644420740265
9.447567026175735   7.416107793417854   5.765137204999691
1.213362034036306   8.209859589337785   0.5211334625405024
3.586623100135261   1.7716375015243382   2.2228471821552307
1.947993932347095   1.721020781067395   1.6917128403160067
4.469873362818188   1.0072636039649074   2.102909898825667
7.598410863782842   3.5526722581082213   4.516964463616307
1.3458216124506928   9.464482016982709   3.0221261527511007
0.5600559111322819   1.578676390329554   0.5388481014778261
5.633014064638059   3.005714853439381   5.285084498207467
6.469344136485084   9.466767452954784   4.963393109581628
5.669271850019649   3.896159137910569   3.067681601649894
0.33085073804916715   0.4841076802461366   0.35606509223746063
7.663850910823647   2.38044497751759   0.7339353825097116
4.24829518528419   5.477812437179795   6.150578016995838
8.8068698610728   8.943651132552917   5.372209363713461
8.30755089683034   7.538329600878531   0.8960747706999024
4.5640965695605855   7.027339719059638   1.4546123536229898
0.3842017838826337   4.7213658188784295   6.020528676351805
0.7906412623690888   3.068494277924355   4.901806241120321
9.005017595771449   6.311168749100675   4.725574237268016
5.242745518096584   1.727595887478425   3.290843633981225
5.262600492463961   7.854336223779384   4.374911482974104
5.149799799304155   5.76623430664315   6.096206542727496
7.9659945540434665   5.429912268063733   2.3838224860758963
8.86532383284608   4.122867947411269   4.847222623033245
6.014846762872173   5.733445510692   2.5588055693971477
9.79491423929289   5.864634041407737   6.002497748671141
2.845077411036667   2.3758000664427015   5.263379015761519
8.255554365729525   6.6079672009279395   1.4885227727376846
8.282477379313319   2.6808616117165407   1.4695863869072612
2.058478708196218   2.802018330232254   5.693411537889277
6.348612826509558   7.664363635025964   3.747577224118326
2.4511448341756132   3.4564613881305077   0.3705594148472383
2.840954857927229   0.721949728589736   3.630962519735493
