6.394010413892442   8.700432193456184   2.3856286885726505
1.3856957006364854   1.1391707251454162   1.3795955861239597
8.551926497386402   9.853994254876577   2.739011451127258
8.232968936110593   8.85922037598811   3.954439401096125
8.602868771200013   7.507072216859263   5.441062069455587
7.147226470211095   9.779526707904111   1.5789485482680543
9.380997756942616   9.09925947065735   1.8305543979558514
6.708553863499389   7.944954238096509   0.706541668032255
1.673512620108402   8.908022448697597   5.908510595553148
3.407993763915708   1.5521965987203457   6.1047279558483245
2.5510542407777215   2.450976285445881   0.3275656735961917
2.873826393818067   0.5104117149656259   3.978647689993943
6.28242321903824   1.7001513371618873   5.179076846072185
1.1760088831769977   2.4955774393263073   6.050277791490715
6.0945792561340975   0.25159669364915743   4.7468484149309615
3.746789368587127   9.372564805448697   5.1959209718326145
6.349252781938527   4.640348828242909   0.49684003616064887
3.7463306041836972   6.732978785938269   0.6776538707930527
8.537489621226468   2.8725007080080625   4.329543339879817
1.8280485017422303   1.8919750477658335   3.7271950349435956
3.700490394141754   2.2259752098441683   3.1813647374357474
9.478793481997942   3.7372624511173718   5.2577774258474195
0.31969929383349244   3.6120568198252645   2.672670131284575
4.941700845081301   8.195182047570844   5.9731997598837685
7.9601892655412465   1.30061316805558   0.5689222012134654
1.0075156500058087   6.526560295696312   5.812501499525892
5.8496053365534   9.421454662812447   2.620354011896755
4.742870433828763   9.212029619713189   4.09397059463959
0.17755297511398815   1.9111239917270897   2.555808645216722
9.572161840327286   4.53668375029975   5.208786000965108
0.5335047925967298   0.9062312789152639   4.73656361725819
2.6790937962296058   5.439596848849122   0.7744296545904479
9.228200921495194   1.2343547725534014   1.459239414587106
2.0557777030985775   6.149329347334444   3.100896174949254
8.017878370295081   6.8253249547228805   1.1669458490381035
0.9683656370426166   7.856405196543239   5.839700360891972
2.5168367028909673   1.2561207184000116   1.0206067511664965
9.576709267181723   2.90036794482093   3.7848687646344676
4.678340688264224   5.041858770612163   4.3292572621378165
3.1033391725680213   8.706778168513031   5.29408539304027
1.9897526849486664   3.0566663316351743   1.8572959015166974
2.4643342760978864   9.569140362377798   0.8979195234047765
7.819147653421111   0.5352375400894689   1.9270314512562905
1.9147334280254098   5.412046711060993   2.17020083501416
0.4445638545599054   9.285874436413026   6.05935552202362
7.780301430233319   8.197648682080427   4.028053817925458
9.843567370852508   0.46925569194966327   2.998665888393705
5.4695950191173655   3.036526836766847   5.936255273130341
4.275995595873744   1.5262013875634968   5.656784305406262
7.183996655234925   6.050922693223657   4.535944442902652
7.423674837171487   2.7214626688127823   5.248205261477729
5.791262811234744   8.059431642779654   3.1838704389424377
5.4402976733722594   5.404235789936974   5.648267578253179
2.5811763683127364   7.844247134163068   4.532607075518713
7.1811499215225645   5.014939847173583   2.998912419040051
6.752422078860266   7.104381339409453   3.959994674203571
1.4077836047517904   3.833601220979491   3.398745213719187
7.228082190223025   4.102503744546112   5.797516601224205
4.6587768440827375   7.000867579507704   2.9384098469162483
9.8933570384598   8.046835755401462   1.457336148538665
2.970711219265374   6.4323539117348405   1.2967952888439858
4.035719071460958   4.045624863600587   5.6063928666742155
3.9583484997501257   3.1360612993847887   0.11203041035699995
5.2632453870283795   1.1655081851890483   3.2281080869528203
