5.170567531085093   5.512741415177161   0.9686762571333001
1.1463948806202067   9.410747802423597   3.4720978943508563
5.987625443439796   9.038068314251653   4.991725789346377
7.032545154154033   8.065594134098262   3.600001007550457
7.007288000770907   5.660617540844717   5.752755748191696
4.490928414033814   2.8947754634660874   0.42331202162150616
7.934587417593858   0.31920452891702517   1.141697758753836
2.4136738708025254   6.3481428113014555   2.4662672725940498
0.6204117690348211   7.077917027055066   5.297277001942489
5.388041199102055   1.3748190407461758   5.917455683462165
0.16639425552876297   0.49654941219591514   5.585383792126965
4.9693109531440545   4.5210381319780035   0.8131991598255204
3.3652275584015223   8.288044678440615   4.954835842177206
0.564731834154215   4.581455023137251   5.5318062873764635
5.739859662069131   0.4070775500816012   4.942868856279579
4.495141452930717   9.351897213257363   5.959071383789225
0.5909533082580236   3.5232072189316557   3.1605047318997377
2.7445784057404685   5.464090331188487   1.7092432130746504
8.257348044532876   6.608317354190445   3.2033575618742893
1.0920571166426662   1.7982555400575604   3.568640122024326
5.416130640810706   9.583181197265892   2.878038297990563
2.5013760846981605   7.5196481504473915   0.7462172277411863
8.942531178643588   2.729114401517106   1.3427707654274594
3.4596957505877284   0.4185167703897793   0.3806703976980585
6.632902535582998   4.637730767730409   1.3112383736678206
7.7262206801573186   5.448449280402991   4.925514226702001
6.45406729255243   1.705853104193181   4.356524137705558
7.695112564353036   2.224387018668644   2.342936557278891
7.014244907151905   3.816685445223106   2.547350915458481
1.3843837331293367   8.420707387940762   3.633369409200726
1.8030018824059508   9.009477745238009   4.95037314279434
2.295220634173373   0.6196596100868516   6.115213995943251
7.51274700664903   8.81331763494987   2.1314383535447705
2.6714762571929564   1.7755694139835185   2.185762394032948
5.440403442705708   2.8319947827358085   2.4912864725546204
6.6247763450972315   9.938017291221115   3.314538719801793
3.4469786709615393   1.5573951246684246   1.9164591402374211
9.459714377847842   3.733654427008606   0.8636731257259546
6.58010110377656   2.5288578129082584   4.1078908524453235
0.32444581911647735   9.489359737795214   0.33103622536379435
4.546597508882236   1.78047136582192   3.4967410409415964
9.603227978145618   8.732950848302258   0.6497606227573994
6.742993873485843   0.9529806584092172   2.1396499060960728
3.5680945636956234   4.703139546378586   1.2360487402314213
1.2049398280201027   0.5998861702837484   5.7094115464239525
8.733100447586686   8.877909103109358   6.20639367043402
8.362114634347707   7.874607171177112   3.2721210802770115
5.047320272869485   3.556790663261093   5.011894066533513
7.849381197660223   3.850075226828118   5.426848762096787
1.8499285000957786   5.71445899986924   4.6063083524955415
3.4642511062940353   3.2013736211694113   4.148323368568847
5.840217114111414   7.135590878533537   3.279828825857769
4.321367439702875   6.404300003142297   1.1359298270647982
4.200796983292907   5.594308252669645   5.213315383894601
9.608757028769178   5.17560222385763   5.878130714031738
4.16785878918851   7.75322440334715   3.489858855671514
9.05006854909741   7.147978011045854   2.42902021506262
8.701017873561172   0.7550260254212422   0.737345223718945
3.245889395945665   7.160348386575507   5.599273215286997
8.716524566394435   4.836826267910094   0.4560787028939837
1.5893953719222076   3.6876147272082744   0.5559585251079947
4.363026546977304   4.895026144784111   4.196213168409901
2.2754248168715443   4.800896117929834   5.872094748344688
4.620886109363874   0.6387262493611602   4.6271147351179645
