10.715466504083366   2.007379786135695   5.267263426808943
12.773542096169676   2.4479560292944824   2.1767564484467785
4.2766540040732455   8.119059484873706   5.731822453037477
6.410415056323621   9.601677707329726   0.6145668105490373
2.7266512367620273   6.08723754286732   4.880696415068141
13.485079721090237   4.41745251227086   0.9485261617929189
9.434594256308479   5.213870949501702   6.158929093563344
6.6803097036499075   2.2120161292431697   5.909113742212094
11.474962255721499   13.514411025541692   0.8710480362623696
12.02657601417836   8.961942868867622   1.6874799832986247
1.2659002487405586   6.5272821630679045   5.595202741318874
1.6570807032856623   3.223435628745375   0.9188346202970806
8.293212451075735   7.247639338114197   5.639966615210806
4.253743075623849   9.413403523182858   1.5207987495402053
5.564552031758222   2.2262216711479184   6.166265641533022
0.9842332658173529   1.1339849344363566   0.7958995137571145
11.852438697017599   4.387329080990869   2.5229284496956987
13.516963770299652   10.091125128625944   3.9057034654158134
2.9960859580268586   3.046737583306049   1.152616514808875
5.402606591406557   5.884148617061059   2.066697354726468
11.1896730176395   6.978394636964517   5.185828056913638
3.444896331344171   4.9410017167758475   0.8442520904556001
1.8615286161120115   10.260854408509159   2.245600330096252
11.199754473033575   11.626693100940514   5.177035766443279
10.362380221824203   12.521385079712395   3.4332143633266403
2.063812075853251   4.939352531077913   1.2344468323750342
9.54678898512807   4.045778689600973   5.345763840453048
9.466558394676435   2.615568365092043   0.3959399647902047
3.353670891075235   12.817788683080835   5.441333393031006
9.295295467072942   10.120803405629092   4.2843576102610355
12.574940128817076   11.287300173614923   5.092641318076425
9.652800639803152   0.3221283172536848   4.175168843162991
4.467871301449227   12.144463612523277   2.1488243519284587
10.224417469514632   13.829823252565287   1.5967564197831319
7.487598676346917   8.390543670465007   1.291422846849438
2.7142717934147145   14.193221322141618   2.023096630855263
5.82058277007565   10.561150268794519   2.7330025261815343
0.3122419805178396   7.105773598383988   3.129427101008161
10.068532081530899   7.769461687247307   1.4963681557406774
2.9176674671506864   9.513015191937937   0.7501092751615104
7.393270566563111   3.9978673579394495   3.6275478124651332
10.584171458387841   0.8538821128361362   5.634122355569798
5.865292922901283   13.291511809527119   1.3660651257735632
7.380263649450362   5.893700898955791   1.71261110320874
13.754068164725378   1.2780805173372123   4.605503882850238
4.374343793738313   10.940552634302184   0.5895955252463776
8.185214436380878   1.3764985935713416   0.21534062909713308
12.6583296628193   7.203104927890731   5.945025381899504
0.05400900603708897   11.180022305531098   5.785143160215609
1.2185214124555004   9.34450184016236   4.091947120965645
3.945326045079664   1.5040479593884384   1.1578961710759963
12.517782494631355   5.4159563780783095   5.984360936848518
12.314148030360489   12.564635314580359   3.2929310857271528
2.5773638128435046   1.0948491006387422   1.5938171900754077
1.8844910509968196   7.43634690707583   1.1715033887895747
0.139434792848168   8.78575248040637   0.8786913750220381
3.034298126028063   10.715102396975599   5.972757824369817
0.6063866921536376   5.408701404248602   6.217829048280837
10.428555319379857   8.93908400597393   3.343647364152922
4.764954568027564   3.4450434833957306   0.4520221960996832
8.758299496688593   8.91651129227787   4.285824693987077
0.5141745479058135   12.396951725513308   4.930536920663129
4.791943403739755   4.570192637946754   1.8991937174040425
0.8563594761598031   14.38201578833804   4.120851262554055
