12.148317894689628   11.68382629650137   1.3725831176671726
13.986926036891994   0.2873989936459399   6.06449830840775
7.963713676153081   2.9409686667610457   5.2792079501076525
3.3580169767329413   6.532047109668952   3.507453384657603
1.3589729277126232   1.3271864280854482   3.1772613064104545
2.739019123294924   8.465993887792623   3.3113042335533915
4.387818645928992   3.242898970467893   3.288729329121538
13.122832934297168   7.418411750210608   4.98569148194798
9.810607843975893   0.5818951011591686   5.064329618057466
14.015596567475058   6.802415223488182   0.9746989706301386
6.5453105889009375   9.837227809681835   5.677149835718713
6.926251024592405   11.952221512398078   0.9371086534520993
10.594317164889224   1.422083804263729   0.7901636500500171
5.40495284307221   12.128787852590216   5.8760242606930895
12.107964728387879   6.277414460659574   2.845877472226195
5.705786406968313   6.704184540364651   2.493841894395776
11.466530257602981   8.354728438665678   1.2975485233875996
0.5120996816513638   12.504124607914337   1.627408003672985
8.705666470786102   4.823371390090814   5.230980363822172
8.612775497397344   7.4470973449118585   3.0121061848740767
1.3022531840340748   8.419508759221982   3.450380033779174
2.6949320888516053   9.994006849492452   3.436495430046998
7.939139972758944   12.946895349239417   3.0640294073576393
8.502421110119975   9.188815830583941   0.8873465150440281
3.730926404759987   7.8346934731076665   1.1663893165947392
13.665101272027439   9.909279143566877   0.28990620034330516
6.554185612773364   1.8569941352640176   3.1033314486712817
6.25719820664331   4.670287767827884   1.5878050745035575
3.5518330328605257   13.333403090277695   2.2235377360582653
4.713443268897235   4.563554604581764   3.8736025378545285
8.388750625819226   10.976741486868086   5.519260806363474
2.1707619375235527   6.857830283164368   3.287684339125182
13.531518412189715   12.489415511238995   2.982306507953366
14.32276745895129   8.918452440702831   2.9439413258337783
1.9189453040453681   2.9399422627432417   1.9613491845917086
2.3745491543822537   14.022187825203494   4.069091902197965
5.6516000313996315   10.776134207503244   1.5435744717306101
7.537110611201102   0.7254475605278626   6.030229346647925
0.5004794106973689   10.38708653437052   4.2159196947481945
6.011914070634504   13.719197791995029   4.30004886349268
13.092699364205615   2.064641470120797   5.6156235972252375
11.956088113683766   13.268473518830493   5.343972618392937
4.6932078968799935   1.713543658618677   0.7137123367063782
3.986806765199552   12.353701381331462   0.04824278790712189
9.306720702150502   5.7120113381682565   1.3837306765938475
4.8090177487447985   7.937318099991208   3.26516317595132
4.0651778821960525   9.086999790060016   2.7342829425609274
10.862401181879642   7.1835241215315575   2.3953627333714342
0.2626699319148456   2.3142548507153786   2.3612619857131323
0.6171816227584215   14.32322890679225   2.8063608418568973
5.515659868813408   0.6848716504059937   3.9005566546596757
9.209597120325641   13.039176468496487   0.42451841608726626
9.584462270854734   8.130421295897747   3.881500975444776
3.6403654550875055   0.05879555239642309   5.231973499467797
10.273704692201184   9.872171970679375   1.2216358264698735
13.15516591252181   4.649482586583373   0.00888725101086496
13.99018985405037   3.22606638896337   1.053641628677966
11.549588619584084   4.434624277445644   1.6657183350674778
10.622607753737737   3.3513050169766982   2.430034259021888
12.097098013779917   1.2085505336159752   3.883537341285468
11.85194569089372   10.3596929585484   4.806809401527241
13.337460591738886   5.753960519456906   4.538078733242423
5.387749781335104   5.670321891573965   3.4173436301002464
10.33721570406265   5.167299784965232   4.888315372973128
