10.333956345058706   11.8091999304583   1.2720863546707297
14.233624609815124   0.07987243282784284   0.377772029737272
7.719062947546854   2.940900041301585   4.897936248968505
3.502439342962081   6.194909722146533   2.90311304290144
1.843873316785987   2.1888278987771694   3.398767430558271
0.9234599838555413   6.230741039697234   3.2121045157774986
4.950049722763957   3.354423765016267   3.2593082219139444
13.030901391927449   7.243496316682895   5.43978543513649
9.910572864726047   0.6394204271822999   5.970501061732735
13.966960574296735   6.779789235254778   0.4313535895028422
6.372486051418821   8.217085499947771   6.276181439260014
7.3849116305545355   12.511631201039444   0.3936734067705353
11.360324626312739   0.7509332517487801   2.394738788270232
5.66460952862744   11.029376105350003   5.689375278456927
11.168675892127062   5.894966107112676   3.1174530741238993
6.122685603786335   6.234589239960298   1.6439778443769357
11.610440135095788   8.913186613586454   1.2627506499830896
1.4644177026267449   13.497311803550069   2.0761179907678207
7.732800725733156   4.001112456170537   5.4503889967531105
7.658769060653026   7.730155197914052   3.1449348171685823
1.1702497628146868   9.413594167777216   3.562738489711109
1.9773076875771767   11.400175891046507   2.9847628174831216
9.035675263201256   14.159802091195578   3.5685422920069882
8.17711760395349   9.006781104840373   1.6232829501543389
3.528760887150721   9.065884315356591   1.3539807989091237
12.591325166490558   10.60362279905141   0.5080482377505658
6.836524163096733   1.5875577560384273   3.3388804255224143
6.3579465906800765   4.506643803419864   2.1820041922140936
3.129257145025395   11.563193599362542   2.193275794914383
4.34344003338142   4.418881955657392   2.9440477386636372
8.289825019838869   10.335757950543286   4.767951284619708
2.3108843294665764   6.123830088499355   2.9451194938709024
0.22179653743309433   12.52036091152571   2.5213165982999426
0.6342884960668291   8.126633125609217   2.800307220113002
2.704794124803941   4.383167048996995   2.35533282821219
1.3583724384535616   0.1930105322080073   3.790867920617153
7.039430348038422   10.014240092102382   2.243197120627543
7.99301786831708   1.3788003740003134   0.7992171936416458
13.4011537076767   8.846669017019524   4.090593728365482
5.454718115484417   0.22690431996206817   4.223669702109833
11.750575417494504   4.48893575892884   5.102826671167048
12.925029358525993   12.981511743011758   5.240198912533689
2.8796537427657074   2.364205402815022   0.409490276448012
5.742977725661201   13.567303980991415   5.4640090851870955
8.4122474698084   5.337883651488107   1.9269947100350813
3.071626106430842   7.413401167250397   3.1633695383627916
4.962526498021926   9.903559457397346   2.4862606334104993
10.667052499444868   7.043661519544149   2.530092571073824
14.271248477544649   3.1238883209694044   2.328213925220674
0.2097858868473118   2.0296761385315283   2.87422199684428
4.56250494579302   13.579024328128066   4.743262591973699
8.318093314695895   11.73892763160631   0.9486331694629453
8.88088417493063   8.08596679782831   3.8168979145992794
3.457732328582135   13.531007447784242   5.394813932990724
9.313362110112779   11.063038274812891   1.1637097563485992
13.230771403037389   5.493471960584073   6.141554381667383
12.711077753476543   2.6259649770007623   0.8933701876311044
11.34578965109769   3.473757030406683   2.370578111527572
9.206827949179235   2.124750153842222   2.2886614994602117
13.37401462313388   1.3824581396676414   3.961464587492343
11.482705023813203   11.076367527210023   4.345203877801368
12.283914885464776   6.138137902754989   4.1279944546268785
5.139919602600244   5.688230123685698   3.6794762655276805
9.446345104195512   4.106705495563942   4.987472407326579
