6.137284394969097   1.1202030055213255   3.3818754910019777
4.871054495315971   7.83341439673259   0.3742928711761782
7.265730885212446   8.936903245914234   1.6699514171503014
4.398895618064449   2.5252922123031922   4.273633837547333
4.242525871106642   6.646826665315161   2.531259438506461
5.795075694425149   9.283931637178226   0.36613801099714716
8.058444545942365   5.374977151296721   1.3791759539654345
9.650377216603081   3.765157498677524   3.8733043970004584
3.221796558796475   4.456003044969847   2.3495135961950964
5.709846881564971   3.644583786268268   3.7276415636776914
0.874634846615018   3.7503857016798094   3.3588285423725175
4.981583715841993   1.5467040341558354   4.16391671734135
2.1959508525116047   5.177866440164069   5.880694242099676
0.9110236690166452   4.929787159237026   2.8661106597695527
1.609202976714218   1.0559646244386318   1.464323838622526
9.06310826643234   8.733311887244868   1.811392215746319
7.821253368940487   8.177231087195533   4.726369275927348
9.317997892688524   5.526332709792281   5.225896812645713
1.2863605273050713   2.6897277640271975   2.119270405223274
8.294833844182973   3.9947861259008928   2.196882158432559
2.2391222572255223   7.647686315053571   3.5318925966336527
7.46489542924361   6.033710918490787   5.1957501588686
4.424914507851007   4.4889495700632205   5.703213890200417
1.619076242365918   9.245273098379204   1.972597441048386
8.613139714832093   0.5118834100530679   1.9960151394391403
4.966931068616906   5.314396110163179   2.094012911947873
3.3652905051146713   7.407166520069881   0.5725496054142649
8.117595851820127   6.665263806352962   1.126969366470914
2.1463406611354174   4.188821693213391   0.07982171109442474
0.4478667547336882   8.413037403447078   2.9861396457194376
5.794937779004388   5.504486845800395   6.259818240844018
3.5092848822381963   3.70238888674559   6.016387772555263
8.251614084223633   1.756574982582725   0.6976608395548243
6.992102121837866   2.2175914684963094   3.4489445067431883
3.141034433197683   2.0736906405828206   5.954745751910652
2.483809386846086   8.760273018058529   5.5480385417216995
6.54957682206486   8.257149278277888   1.6042346347999292
9.62039103595588   6.201127676722826   0.3879763540430786
6.49553662665477   4.508905318251052   5.266816868039771
3.453871943932642   1.1910055533750685   4.683932930258585
6.046704359999287   7.413057934375755   0.2755330955443762
2.469044883467306   3.4122614895993197   0.6511928790448311
0.20408833211133975   2.959193895722392   5.718596378749063
4.87558701627649   3.7527565410647745   1.6793556098993738
4.101190442613423   9.687202212826882   2.1997846808314736
9.064173653770641   3.112501094378878   0.981705268745291
1.8907575083439294   6.247709820026366   5.794204638729997
4.7951172130135005   8.887225969587417   5.422543808829388
2.653988149374304   1.0063654792781076   2.9935672470224683
0.03415152380991976   4.547379352825554   3.098988171843181
3.2190839480898257   5.743570770394744   4.208621864276857
6.8691645651716575   5.176927132961672   2.668058799361936
8.913388789888586   7.155389084868175   3.243816461105546
5.17649451741127   9.73010437953703   4.08977259250461
0.5565316898347699   1.9518011541019582   0.5889034996118352
7.231503312520707   4.120669392194735   4.228301396926829
9.42192908727418   1.3981506491597648   1.5430701653613514
5.173263412623977   6.25151614459708   0.3396489221733736
6.636350764468586   6.541284397315889   0.3601666890588004
0.9406328520212129   6.365398696296242   4.310559253829553
7.04645437545819   0.24528578236481247   4.540770871511224
3.5005813238305903   8.410119175798867   2.2072075692264197
8.186622021031244   9.436446367279604   4.115018387756788
8.170943386582612   2.5418339487770596   4.768051576474262
