1.5703677944122951   4.792412255891975   5.76532440303244
8.131977335955947   9.080182375782465   0.7057623605262986
8.136009892140708   0.301498882152009   1.3890548447442033
5.008758904386412   1.4291336229109697   5.515600117104803
5.2596198813591934   3.485270792530209   5.52445392771692
4.699782273535579   8.630942385369895   5.142512589012636
2.4809929617615945   5.702008047831056   5.941611765127546
7.476967018277245   6.3628681189399625   2.5199693397522123
0.6155147500969105   5.5866510377517145   1.510217364694911
5.717714368864366   2.3492033864297133   0.6511702330293747
7.334594177275732   5.589836884869847   3.787216781400014
2.8916129835378985   1.0421377733000536   3.896108000572246
4.071519935412839   2.6229794013646734   0.035828529169665474
9.36620075845126   4.411836212671254   4.189353943357316
7.074196725219816   0.41283734873287425   1.194462389201568
9.415005019113929   2.1307678119757245   0.7174555829671936
1.4525911084614895   3.4746434099607324   4.511579114475918
0.06981378387001591   6.268990842309962   5.072565141506988
0.678147716423589   7.207738690670784   5.641737307675427
2.2622848609969712   2.8457438221881373   4.3138247648263714
1.4641690388685045   8.876423189673233   0.10394824279845416
6.186154368696299   1.3373443507165734   3.3914518376400995
5.180057029910265   4.316276105079011   5.582907861843182
0.47677019726885916   8.791277305597793   0.6330321356845572
2.3545969510861195   3.7628369886367223   3.254029270043845
5.751399964569902   6.964158591243776   5.360225769524145
6.943315043523548   8.751661892001886   0.6268267386897818
9.537882420138692   7.690538990851847   5.9638029837393285
3.192368674702565   6.0467848691079595   5.4354460455914655
2.460332478418245   6.818469304248399   4.365946233063588
0.04600859332989887   0.07788400509971832   0.5257402592842724
2.988160266755611   4.914755929509857   3.51394192110629
5.166327050278856   7.498552080966166   1.5206382356501011
1.9413504954888532   7.834249209997545   4.291009504274504
9.139112878344747   8.708963298420962   5.808665762643828
2.2129983428880498   9.000920395092779   2.021425382434526
7.123659456588001   4.037283204580354   2.5000636787229698
7.008921282458556   2.3118228359315585   3.8516962540903408
4.453988701200639   6.3875215774899745   5.027065916224066
0.8516590490700922   0.9207239120028152   0.05146849171322021
9.005212808086016   5.801817114079602   1.5027048802889786
7.875012881253774   4.451873386335622   3.1848268909525848
3.4942308888105034   3.8033341218093386   2.901818083457853
1.8579128730442906   0.9259760447484796   4.219617698227149
1.5445549380555348   9.739941207677635   3.3130509855240167
4.288475588336487   0.9544207774202442   0.8589463912264423
8.071036716627601   3.38522133258143   5.918520892127942
5.4841049358760365   0.326964591094184   5.640912354478294
8.521895939776295   1.2434192867221137   1.2702805415990714
8.659352672611988   7.250026137626898   1.733136895956517
1.573070056511622   5.9367361144222315   5.469876724517428
9.618902603233991   3.4787247058534274   1.2519384327715355
7.293315647648906   7.571971396091769   3.4635792343238516
3.2333600482182385   7.0955615975649176   4.602256662587944
4.370799411470104   7.82016252937763   5.3474373133661155
0.8509965638085573   2.2403535139198514   4.304883994236194
3.5738045015102307   9.301809144035001   3.7600848201702863
5.7155816847477805   8.223623283641839   5.0128952547485195
6.3914176493090995   3.1457831367845146   2.8856084993586544
5.089683501971111   9.415821642775956   4.182869926380808
0.6676240740540247   3.440851575219641   2.450178372807326
6.360949919454903   6.06558076170407   3.733440412876589
4.428272977506258   3.426993187607309   3.6831106994996055
1.7010171853120384   1.9109775202763832   1.032435858183461
