2.626620202039119   2.9898988036193574   3.8174175931389653
5.298596345388324   6.143011904797215   0.9982333608160409
14.121509905872152   9.66390845061021   5.069427711251158
14.395495729882487   4.949912588756638   5.739963406215342
12.120542027679592   3.86641160851341   0.26712755470443544
6.969286857149365   1.3257663576327348   2.7579880601056317
1.664891240771314   5.576217718379239   3.3637325299668173
5.538053714227334   2.1518574882968435   5.136268269055238
9.428638169014944   5.78245550362626   2.520458388772904
8.674434129878938   11.163601118637224   0.5841767306942622
14.41660815405543   8.000071971379048   3.271698644893007
7.405042843198382   0.0476822983177243   3.7291090518295986
7.528655813365685   8.119368686220938   0.7992558734904276
11.287678512422998   10.116764722840736   0.37498807807396795
7.45010586347528   4.546690842147995   3.9851435236621713
13.505827174277282   6.3051649129802705   3.786127545197877
0.8155104291353938   13.751256029696972   4.406873594462029
9.170917896909314   7.135189967354158   0.0069694719562904545
13.212164680683859   10.89039918993669   1.5811914331751273
4.533356355218693   4.595085464522398   3.5589643884877633
2.7234967367540834   8.14813079576305   1.8590730654324303
7.229698938564619   12.999542578284682   2.7025917207215526
10.772124982344605   12.438993352680967   4.183662238594142
5.824189921412258   3.652269151933881   0.13900048585695196
2.382593900371503   9.77334554320177   0.11370312996116372
2.477885077591608   13.415887729018678   5.880847341829752
7.076491179709735   10.114784842977034   1.7159433382769023
11.972287134323302   9.291039596996669   3.2039376922115337
8.783548952174952   9.480298580172333   3.645254729907175
3.483723926116592   6.926833445755088   6.105794154786125
3.8388033711955183   13.323276475455206   5.594140443222434
9.520739210565543   4.6762714479287935   1.945559320024268
12.135337869720624   11.512159182835395   3.5921552469729514
4.88280683890599   1.2107519564664935   3.115690186609717
10.19775207172725   8.202528832866085   4.574388576247163
13.630984030601516   1.5592635709433698   6.026305210078383
11.92171150911819   1.2314930020541708   5.30666844970686
6.397127697640464   8.749800972414643   3.363948912816043
0.9454478435776779   0.5899193540977261   1.2922346064545214
11.518945123671404   14.20114455241984   1.1427729858775935
1.0584209266000855   7.373048107496581   1.3842519045573052
10.537049974550246   5.673071342573058   2.855736499099445
3.776069973767862   0.045846278944873475   4.320955232928763
6.903254518979683   2.5829180616799254   1.1321126109830777
2.1694664629866387   7.011043126237892   2.567116025366287
10.49873110159078   3.8593157531349664   3.707371523762472
3.749666056076288   10.958223022212206   1.5189550725825849
0.9652458119901488   4.500327814712362   0.4402508965931825
12.926385844898297   2.931520863322138   5.0258263773397776
5.143719660879447   9.802022687690897   5.073051595160663
10.359433491145838   2.2153893490949628   4.136203954373902
1.8376985776087162   12.354770657570644   1.194434524858889
10.338199844962253   1.065820975696447   3.20769762893503
8.441272744256553   13.386217533951736   3.2627384961662784
1.2477126047921838   9.023692591280168   0.02457773562840604
11.354813763272357   7.23764800334939   3.746619280675603
6.2739416731003175   11.25435832692733   1.3199627904600875
5.7209530186304915   13.195125928738046   2.74976571229935
0.6642627637833182   12.226888173776166   1.4772119976797486
3.393535768415873   5.409832311093799   1.8355551189005486
10.100778007559368   0.013681859824206888   5.575968908993823
3.266798309025553   9.048116438078951   0.12756924315725093
6.839119583718679   6.614976408361419   0.425853440834009
4.677675205005255   11.708596546985666   4.266690659188081
