4.7268465196272205   12.620940333409456   4.4401882502601735
3.528886360143618   4.970378546654475   4.445384612951374
1.26986163417843   3.851286895787217   1.6924095226907316
7.570764134572725   6.843261740763696   5.2004746177880135
2.3952190830917663   0.38359917016542505   2.0077346823143127
1.581374456914748   6.336062000136049   2.8094006587117826
12.815358075601779   8.71690719066811   2.324037432220798
8.398983799148903   13.08187721811716   2.452421605576918
14.219391198373716   6.160969866860783   3.600791420617902
0.040460336232588434   11.484100865986202   3.8412206874119224
13.451634368509563   1.9884293135947986   4.727218477463062
12.435810802860281   7.577509151809456   0.3358766435358884
10.658591990300089   9.280451249997345   4.647029825959768
7.520280148842636   4.364765116842816   4.927265130033379
7.754722591930379   10.127116459690734   3.2057021870899756
14.29710025232867   7.737130077982808   4.490708886369375
14.208466889985381   0.8274697674797378   5.673859837560679
1.7708732659377717   11.10504508058657   0.5152946134930636
12.007225106653763   6.047074525873439   3.924280244713424
7.51167594863915   0.272706175910411   3.8283406807780365
5.156159583143284   11.32100651235555   3.3902320173035276
13.62533233455607   12.175853917732296   2.8088659722099716
12.677413821430676   13.151918058979016   2.990865985391152
6.057143060148296   6.305474106146188   0.3236466392030878
13.83168795803233   4.294577066076987   1.6564440521402566
6.681437919650794   11.52246879680987   1.9566588503217364
8.550375283592109   11.17496009091304   0.1355003726227576
3.6206065011316753   12.636908487012391   3.6067509136917857
8.52835298563581   0.9866293625630531   2.881082314328242
3.2984326535190407   10.517690445410729   1.9248094348377767
10.183110042844575   0.8735498598971512   6.100122324327181
2.7531486528050566   7.918301378845273   4.074755595802368
10.888904348732275   12.512981439904861   5.930049668136205
13.80590472684958   9.739249021939154   6.0523645542921045
6.206247439815469   1.4185748788569499   6.266520377253258
1.6621008828652803   5.1865838440918886   1.7139078552901272
2.307768547802829   2.350501378934844   0.03337148658933131
4.711346947860243   10.133769214430062   4.535973753507592
9.642065651754947   6.983095530348348   0.2833817269736204
12.669538191291014   4.917301612386838   5.370793759240732
1.654148585271584   7.722461428102613   3.736849926193106
11.954797392235884   1.8980163841840696   1.411325365501482
9.529987827769112   5.1966284982973034   5.3726465366034395
2.1220352662350366   13.595397399774933   0.888102326843822
4.953297901404906   3.588309494546996   3.169276848552311
11.57899256425848   4.794806091735183   6.0713867804946835
6.591366392204933   9.49561109876766   2.938491004333559
6.568408952772628   3.1900877602762985   1.4987963222076823
7.119019686618951   8.54554994047028   3.4175775308701883
1.8621571795046448   9.777821343476878   4.141641628639768
3.3935476392228328   2.7778865327882736   2.9385893529981075
4.788682532592528   5.605605821398305   2.8870240004192467
11.428320164859015   6.9488208404775715   4.0319851083147995
11.98372200975311   0.74512344144899   1.971575170784044
3.3896064232081224   6.206295016617344   3.6869883423925396
0.42727926714891695   5.23244716984432   4.249846254749006
6.680653579566113   12.703029960745617   0.6691147532214956
2.275094393714402   12.29265905702426   4.713312350404295
0.8504267580331895   13.761902060662184   0.6582662123328253
13.969572491872661   13.2216892033259   3.102747384742925
10.669737109062586   10.343658384010668   5.899127936780315
10.604415359882735   5.854880359741035   0.7731512514306933
9.153739993513593   2.805565647408537   3.7698513449150868
1.0686305849439262   1.0996065127666168   3.154644814348304
