3.9609421615381892   12.855607954185531   5.690752012048751
3.3009310129598255   2.912158480018112   5.6866266431615555
0.9688639373324639   1.9653199501135412   2.923460072672488
9.44306711942102   6.06994518995854   6.251611121555612
1.678995123134838   0.4791918676916726   2.5671839202790454
3.6987493025695772   4.524030207797551   2.5238222699583166
2.672663126645986   10.0803654263091   3.0532809411581465
8.67136422003869   14.290698121124427   2.0349292613342045
12.84566574487266   5.706402927320204   3.709644737129932
13.045282794046459   7.017882899761224   3.929035888252344
12.629893000798514   4.448585831298924   4.792948550248833
11.249315446664243   10.543067312543116   5.899920537823785
9.187896583840482   11.393772067833057   5.7400832457146596
10.527351503804342   6.780457462436949   5.192866774841071
6.935430450329994   6.319236766721399   2.0779736325475913
1.4127876297710134   8.852734588011888   4.0427856634172326
12.041406650668678   0.5159813447624835   6.122975086716315
13.390978624136839   9.975543049709337   5.924230768824303
0.5556669455244605   6.672659373018703   3.8658756422256606
6.054882010133621   1.586656479523979   4.4233517016039485
4.3361517856384655   14.189394788470032   2.606032007296775
1.0543913946029497   12.693052992917245   3.535574396162805
11.63676904580735   11.5844192809755   2.331712008229652
5.466462598257619   6.9928691508121   0.2879927051739543
1.4460737456253554   3.9933915759517618   1.1304861265769968
9.298237679719682   10.000720605216745   1.2938688310231172
6.3890716777469665   9.404335966755864   6.175223678689263
1.9519713345213716   13.4790547404004   2.2351615154118964
9.157898458655172   12.968752279142052   3.0380087576165504
3.1153102930837275   8.903065370584716   6.012465706010413
11.019585091481185   12.71801238733144   0.8635331603318539
8.67119962472591   7.003386125705439   3.3730676562299817
10.582434225419103   14.05866799701243   0.23099227771796765
0.0024739567957360042   9.035798810766225   5.231636796376365
8.924790807018699   5.111081375545202   5.722981561106479
2.4568737108887553   6.5327500655457404   2.1666202596962205
2.9300529701758435   0.24904187782313653   0.3338689116822535
5.1284761884856565   11.692754056451578   5.345150323104903
0.31632365833269915   4.428778126272673   1.7184606448357131
11.481903199158976   2.8225675808051616   3.8125056873670653
0.4341110359358636   8.022584680758962   2.8848586291171823
9.63195987862842   2.5605124941282016   0.9568023768636963
7.5669029666007726   0.11977759942689131   4.601867778100309
3.9478301821679374   1.8430332633442474   0.09340379035457327
4.360518575861608   3.6153530024612044   3.3992057972098744
12.758802771679553   3.0217350228350117   4.779644345072923
4.610228031900439   8.503386840392528   3.4945142923529002
2.2236964240798995   1.9110207940007664   1.390413742878805
8.15233814964887   4.1961825562507915   3.9968581883104304
5.079300423590181   9.886385989518383   5.540248988132021
5.653591226116306   3.5917128893264216   3.2793152334191564
3.888327860273392   6.67937695873398   2.8818011348612522
7.306054088697655   8.721549337666088   4.35062139883549
12.989833086141603   1.4154216753093904   0.8809830219681287
5.239789719825517   5.250505362072435   2.0519713313033217
14.030059598368542   1.3190835663200855   4.9285930393846185
5.583499199032206   13.518056664545467   0.7416399071808513
3.639118978355406   11.326561992920352   3.336845773608915
13.735835388623778   13.782733567803467   5.777820132513123
12.636090482047939   8.617075675240761   3.274931760491518
13.817725549892277   12.111106868305392   0.09603403116718301
11.204671342350366   8.262852362024946   1.2168782836277043
4.7315835731178915   2.567720703781472   3.250428268514732
1.693011801215417   11.077753705335166   5.277488140723027
