5.302330737064272   13.012082008187589   4.060249224160831
2.856359447984105   5.295170463631877   4.990512743244885
2.0694104887145737   3.4426351636592094   2.2048114748356484
8.165597793801945   7.202919861827409   4.984159142475678
1.7059865681902127   0.006082072742588096   2.370804472850182
1.373671476904154   6.658587489597134   3.133175864255677
13.294827079541465   7.940029178014529   1.9913201121648443
7.830539342540674   0.02284752518752242   3.0943401779572275
14.186527874978283   6.087559785484292   3.6604477462771756
0.012991888977261112   11.382073234736934   3.811655342549451
12.528047428681791   2.3470603861873767   4.550569281673815
11.965302779986654   8.689457122582706   6.180478170125564
9.306459515669008   9.570363273450731   4.521630177321075
7.441845130834295   4.6168894918596015   5.226986423813044
7.906101144131644   8.902347524414933   2.743815338984538
0.6995077755675876   7.691101647162321   4.495940310104637
13.897368516657906   0.2579730428956727   5.677003296904418
1.3769158493884355   10.346144548013406   0.030699897206822452
12.460379664385362   7.083707138651835   3.6568417097022956
7.952491449320329   1.0628407895052625   3.216434900000281
5.543172157377871   11.872826617869512   3.362176480918201
12.889006794011904   12.137569978127278   3.086087991424933
11.791823253789058   13.106503737332908   2.9308156421204403
6.889343547851268   5.8140610250030225   6.015587572937097
13.886960145405874   4.539253437589811   2.2231902647748245
6.595474834266014   11.889894464410258   1.7596483776201142
9.246461328242383   10.852255629058066   0.5335349125163172
4.265273994845226   11.912866958228834   3.455661602116863
9.60199341408286   0.31290541526836524   3.063472810254632
3.460894496090769   10.24504883049326   1.3791510906276212
10.879984957812733   0.15252462670172484   0.4122594255919296
5.371966534612304   6.557420042282049   3.5356093753655493
9.610726783575505   12.440700287890753   5.9702247626214735
14.03863149722896   9.008738644947364   6.095235365284705
7.858987324225941   2.1560183738560683   0.2686139867196349
1.6758225187958682   5.279125425586229   1.7689326025733638
2.660063585570225   1.7154913103919396   0.3832027645911401
4.555288857278174   10.78215087548946   5.133808268821836
10.579987336756961   5.394516164194964   0.7936024872754913
12.89804016487251   3.666782557238356   5.526123291252911
2.5668909835388787   7.79544088834308   3.519635429802685
11.027717705190513   2.3743440043974644   1.214679314476775
10.268875417531307   3.371513589398286   5.627319982862088
2.973805057277859   13.302099676054917   0.7976214510973787
5.859181716226621   3.6250138586231158   3.6439913263670625
11.693425074705456   3.695477657645962   5.629333620438331
6.831047596541533   10.426973141885428   2.8710757206735544
6.231815326599374   2.114515434868539   1.2147972501234232
6.65535678896395   7.628779629909918   3.333867101746767
0.6554098047727975   9.150791823492321   4.423569839129678
4.234996317675823   2.949503908174128   2.9192687446529653
4.579875216951516   4.020579483330026   3.2242930862724606
10.490661003639252   7.587209724059501   3.880067044729231
12.656621596409941   1.1500905465082738   1.8913195265193452
3.2946119357151202   6.5107246266049   3.7968877002165224
0.7340052347210588   4.720249119606773   4.2102650531444725
6.6300943036211955   13.211037898632856   0.7309581051271213
1.523878203281378   11.552160326676447   4.330114666863765
1.0438208394490311   12.804383755203478   0.32470409369764497
14.234096963907533   13.009904958359641   2.8010943469181426
10.618297896101891   12.055055104110792   5.614431067244089
8.54766023442858   5.283568649172145   1.3935829505495065
9.36214817769071   2.5807979830336496   3.08258214482232
1.2331011341634024   1.1298489213295866   3.307842982372665
