0.9253362999001785   2.822598383156602   5.065580769113844
4.6015460930072365   6.186438451325955   5.719026724705834
13.297688658308912   10.971899204707968   4.628619244911924
11.53442423625312   0.3853475635066187   4.731803182548061
13.201291647163938   3.86354037908185   4.873658426230533
5.665875177165645   0.13972452062529123   5.045216406498544
3.9565162376186827   4.444009649999088   4.093732352811996
2.746989140173147   3.254785599559657   5.309819827887657
8.710221124040249   5.8482791286443465   3.1593837037586487
7.825664725742511   10.637516922764792   5.589427395178076
0.501787233655928   9.255693266019932   3.7199753492628753
12.015100395518996   2.8637067104367726   4.03523225606364
4.066065780852547   8.314335176162379   0.7364216707414507
8.78953896034569   12.479247936546532   1.9406051402774924
6.550952398018344   3.947379592827918   1.2880527305886524
14.3232659191148   5.295598709676215   4.164458352802478
14.028305464605044   1.2252563144623503   3.8921234819133863
7.162733614026595   6.759746136542385   3.682557545155217
12.680937894676632   9.755430539287932   2.990550507536156
7.662853012742548   3.5950096447328295   2.149069130947743
0.2687519930562867   11.39302259001144   1.5490908772730614
6.353929683532643   11.09713465296064   4.103121153246984
11.976540487687123   7.475922032416771   5.059700306252907
5.639938098827132   6.290796611046161   6.249957346025509
1.591474090719371   12.13686352266613   1.200429344702127
0.6595877899441608   12.647357010021743   5.4088695346193
8.7763065646124   7.850004773943376   4.307925628679701
10.886593720795412   7.097459965930025   1.2053685341977989
8.541176751864299   9.386440514902056   5.89312226160226
1.1749332397953272   5.708273820266899   5.512822605646924
7.869192754223799   14.19417246392973   4.586042860369227
11.729880227888275   4.538531096556383   0.8789987201301496
11.508611449295268   11.579816303933766   3.409581153135415
8.75704331699549   0.7069497361134143   1.9085723167230952
10.227259596878886   12.462033029564429   4.063319984582024
12.304185164721495   12.404116328425918   3.275837237841135
12.59561514832987   14.34188099432311   4.723697337779398
6.50782619623706   9.935548042179438   2.363348442294546
4.809501454907419   2.5791013833210275   6.113324786050692
8.942301872825482   13.57784715841986   0.024168256133857646
12.817569761237928   1.0651830071826933   5.959817590577392
9.56679059309925   4.54680630723531   1.8546100317370031
2.704286646038327   0.29116302016932327   4.209122146551951
6.775855193815149   2.556074849373515   1.1163024606532166
13.382752912862891   7.5388294588765925   2.4625391244505885
10.157682391436804   0.18304758571896018   4.832296984272343
3.3477244463652363   12.230726412061076   5.771318711427311
4.289931808532276   0.27177281893685146   1.849274141214099
9.975591302788299   5.791171748083402   4.365641329067785
4.7356348613429375   10.058424164644613   4.6848845200099944
7.34819686871081   12.699762056300838   3.734387109655611
1.84746865900687   14.027503894305047   5.9232256662443525
1.9236023227241452   1.4835731480853123   4.278636597277925
6.5751264543791335   13.51640059720333   2.5815794168427257
2.2398086801389843   6.6830747644869675   5.797546242077661
12.08414070160904   5.872058616424048   4.6077710191588706
4.3999101245068   11.879621005721063   5.412813960561068
6.511558571192055   1.4220739746796358   2.7914768621893185
14.09010385126218   10.06451578765887   0.8542625516790763
1.6312965053736026   4.347230644010125   5.016000772753665
10.16742688812936   2.594029833482788   6.118041770862979
2.6503818261638017   8.943813535389033   5.046297610536967
6.6691751018036936   8.404234953043932   0.6260376645414907
5.591854222577564   12.962540365490879   2.754368467065341
