0.06824947958266542   2.0410514843617387   2.8217320647138076
7.084419337580663   0.9401515133797379   3.5574693702198257
6.814634405737241   6.51412814816007   4.950697371995555
2.348110446344684   2.972462935201331   5.4629036198713425
4.3970047621179   2.193405944602233   4.713891582600085
0.6573629419438587   0.4670966399241674   0.9946229599863261
2.969115542351139   0.0035079061406744216   0.001502132499169223
6.786115164051143   0.10972996780695965   6.211163776135409
7.76595014458329   3.936166803765325   2.4890201390754205
9.13306817605455   3.084849322237667   4.008695107947915
1.4010041516119685   6.903097216531973   4.492550935177665
5.721014987249339   8.857720758748059   4.34100794832475
8.07705236218306   1.9506465822175054   3.8517429671615733
0.808366970400142   6.107883512043962   2.89173716298077
6.561980388897583   4.415208425607493   3.201684591191459
3.851207557139428   4.635670384902232   1.1842157594356693
8.515781865203131   7.599704652559274   1.560013459879109
2.750781050787734   5.247992129086356   5.896134718764584
3.894945946360921   5.99590996870835   5.1538558352168256
8.811767575896297   4.533106306509395   3.9426071421110813
4.175807325384576   8.211478767363054   5.737444161505422
8.516265537936553   5.335869648696078   1.509169340337082
5.50776943747931   1.520507451619776   5.945890288824886
2.2895043563200925   0.40785301768874455   2.1941768734926548
1.1260701305857421   4.052936965847058   2.538344959090362
4.848791144437335   3.9996577135135714   2.590534305231081
4.594025355884179   5.334026914846238   0.834328634078032
2.131268463108791   9.18205573438656   4.440741574574638
3.576059383926473   7.217375969138203   5.868135378075233
4.6429844651011285   7.138882878183277   4.9426354567038935
1.0280898288878642   1.4633819418873215   2.456159672141695
5.3037566324266185   5.56660273885702   5.77206592833479
3.2040599293094556   1.3589550620648383   3.9164527397986166
5.777104071586747   2.8772366803360807   1.3624104183644083
0.3535331436240531   9.077531069243001   3.12333020239945
2.3297219239577696   1.8397835735080685   4.394682218949159
9.056736281856296   1.9776685971593402   2.171204152917009
1.7728154261116738   5.209209503450026   5.705520617503555
5.819662918098914   7.622173373379677   2.8578681434608617
3.8379209417036195   9.772578140978768   5.4835220454492895
9.567249982927844   5.221532643935664   1.7050599167811002
1.9666582693460943   4.474478708909384   0.30757905198327834
6.621792204878625   2.676971888402966   5.858946345490415
3.295938256626796   8.526168875647885   3.628465890543939
5.558310427645691   4.415062952215407   4.142167644046597
9.789926415653502   8.492129542066348   0.5236297102822877
5.36460941601298   7.003809970008305   6.1698555069429615
0.3831868324786773   4.57722428929943   3.6338884471389172
3.8239234620355775   3.3798284838088404   6.257895063741252
7.5291179965604735   5.006640762393898   5.372219580060397
6.730788330357268   5.789683885790262   6.277870869028689
6.663203699733942   8.233798231862382   2.362770691021517
0.942347946050814   5.176078329178316   1.8976445324264426
9.689164524517693   7.5283165419069356   4.373130777575375
4.806142694153152   2.9004588281995116   1.1204488699427977
4.7278480796730875   9.716083371719543   4.272007020631195
1.0398439192430993   9.47391859786301   5.792157845531181
8.01992538083416   0.9810316968741637   3.4460550420554528
6.8056458652008125   9.079454507699838   0.8447220886058365
4.419626802281786   6.537922129480878   6.067715822166517
2.630436615969925   3.7872044134933764   3.0898046657217444
7.708478675738926   0.16733862169875557   5.638685294269619
0.5992534011111637   7.332148024830513   6.077517413084422
9.10280658150581   9.004315800755199   1.286632296590755
