7.708128469421335   0.6228379772083691   2.720902164025762
5.648690018401041   6.603947266060631   3.265923740322792
9.408984419919845   2.3418611503317233   4.211026868357419
9.606462578902564   6.204273745795146   5.927521480199277
5.631519342283063   0.4909964933925274   5.684355275176408
3.681692263869879   9.070776666847495   3.351737854199062
0.3526586076590066   9.066975221648937   0.8245659946567354
9.909385801359914   7.906786949265164   0.27919810527357364
9.110500948625003   3.9704663302090566   1.9183448151121798
1.1472863179450292   3.1726610931686885   4.5561641360878475
0.7758586639850857   4.418074346708371   5.535243758175218
6.093297408766987   1.805241173251431   0.6582804487466118
4.928735330656633   5.733216642275577   2.8546188335313136
0.7285497868732609   9.697401498631859   4.195490675185057
1.789935329076296   3.715009687336834   0.3278632870856605
2.574550159926416   4.969327160152419   4.72418408825317
7.30866577334086   2.7902285862375655   5.537629187618475
7.224944199272621   5.864281225706706   1.3138538120087304
0.4129532600569564   5.756821322239512   6.163070231470108
8.231463373707138   2.2786045323686137   5.7429575030616835
3.1721394272424748   5.822225392590672   1.455893592349759
2.182061392580267   6.83655508745003   1.4457511729235049
2.2513869499987686   5.890579166819153   1.0497511318045483
8.307705271198351   4.07564516747825   2.4659826073602527
9.037160151871808   8.560916540080935   2.188422758740972
5.071425031222029   7.732321741473949   3.5180527588359545
4.216235385760986   6.8998940964590405   5.9604599676323495
1.325924848399887   8.743636302584157   4.107787680496039
6.419651204449092   4.780618743625059   1.1646966559327059
1.055631802688744   5.520721810366518   3.3468861603067395
6.492388728147723   8.309584056744734   5.825073901144351
8.802930963339698   5.411915743344198   5.336737301179808
2.6289765247617964   0.8777300313846296   6.052487819147892
7.451800098616966   7.083737157786232   4.079160583188739
6.9005221437072235   0.4634828635187172   0.7855319130373359
4.253936358528229   8.37676501491243   1.016255878909655
5.419792797614384   2.8347933670714034   3.396975208340343
5.9503302617970215   3.498317017260983   5.97438124113513
4.989262479231982   0.6269692330110872   2.5695189319598986
2.5988540673960707   2.315554272194961   5.272455181142028
0.550972681365891   2.770652181539277   1.023954739306449
5.695721553112808   4.239996459899382   1.624580254743125
8.214768785268975   9.204998890667557   1.4664200567079344
8.769583982145404   7.39450043781775   3.2475231491407306
4.447557362621264   2.058162189142174   1.663909112873529
2.896678839730204   0.11512673831657949   3.09723090496745
4.547606789672397   3.098186043112822   4.92800178767412
8.891454170691608   3.1639935810413764   1.5108181602157351
4.538846776781216   4.122711244874868   5.473951458649056
2.0087060166427992   0.32949091821642273   0.8934403513103816
2.650854821984451   8.688469348319211   0.5613099564327115
1.6277411196352183   7.509184540418686   0.27636636931564634
9.601530081546416   5.2504111433214575   6.090683646854163
9.687403109759925   7.0225424059633585   3.5581885004777773
0.20243392606848554   1.9631328213005999   4.694068983534206
4.5489364824012215   1.2485033913186805   4.191822114368
1.5570334160899262   4.9922963665963715   5.10848490585467
6.334141154191245   5.7702102006774725   2.8153251431772017
8.66885337637585   0.7379692172706209   2.3875958920636666
3.3493501869513804   3.965911169020176   4.940919124417671
7.9572853934597   4.952523810265642   3.437115847671626
3.617504194435464   0.8829161139868313   0.1328673267344084
4.090377416879833   5.001022164342212   4.506475888285971
4.902514683906888   8.845910569129567   1.1053716272645924
