8.469740868300322   1.5212252808979156   2.1075536440840827
5.839176036141287   5.741075933696169   3.071455774728297
1.0075841317038465   3.0152318681904045   4.805918112175049
8.034769471275174   6.336486910129951   5.980243969051673
3.6625017970547087   0.9197367714342102   5.2717682859467185
2.8957763580998157   9.321655346753444   2.043942859821198
7.928638042456905   8.628275386774629   1.465326279803761
9.656981464039031   9.017235984160491   0.6012838588182433
8.70423407073509   4.063699472544862   1.401746350529558
2.739213594542889   2.626519548099528   4.219102750910715
0.11718947783745423   3.428056435036076   5.582611104301349
7.242543535887177   1.9445047128835888   6.025454405191728
6.420467956884879   6.85732395787745   2.607579041697796
0.5397187324212523   1.0151273579798783   3.8369466830149763
2.0500915685936922   3.688879064779092   0.38996281455568405
1.0950713117719084   5.823809205327624   4.840945608022771
6.2019770915532595   2.7000155944220823   5.7225798156882455
6.799375344345195   6.111460719839186   0.9111844041006454
9.528770891884527   4.9131269464121194   1.3212604736521865
7.671733070047499   3.546134997461074   5.8743453791403635
4.554983468826665   7.96960929856164   1.3638352440029138
3.5373334621993773   7.324456211936629   1.3158165114454043
1.2082006235815907   8.464547768041967   1.1966336410965044
7.143988683320527   4.416131601529802   1.7531105895476178
1.0601415896627868   6.886504096238337   3.5326515018669635
5.076743575184219   6.888347869530334   3.8949951393619706
6.305739827619308   7.717087886469159   6.184218675402042
0.5008097045351358   9.406186545310772   3.4341268344749736
5.535283262313248   4.388737096715932   2.272920248315739
9.77329029484714   6.6019324376269815   3.051577051841755
6.569888620290975   8.594470287744667   4.7578349051027224
8.36351770163444   5.137692921405087   4.492275851639002
2.814577445697752   1.477362444365461   5.333477174567355
8.478587331982226   9.184375209323342   3.1312864893700167
6.539633231803789   1.7010213002157264   5.445671975942919
3.244008586213828   8.412419251008476   5.342851202234923
5.5915968749892   1.4368744235953148   3.1800023533308366
5.665893266138673   3.3702805594112366   0.19966644971657604
4.815898544668612   1.686648298933969   3.9567605236855887
4.5061677619173945   2.7540449714084945   5.048542097787072
8.09794739984625   2.2029350429554158   1.599262160178202
6.372062843675736   3.9886619902383966   1.1658977412507456
5.507883245402702   8.550265411042764   1.2541392037225956
9.073878890145558   0.5581940163282739   3.8209655019898756
3.8444586890353794   4.560577158746082   0.46299730174127285
2.089792872446492   7.9903968285103915   2.381140679974798
4.801420710277401   3.468003425898677   4.313009150269107
9.128048748306895   3.043246428749387   1.8162609012347093
7.986355843867666   7.821074603764667   6.000069918740786
1.7626637714323876   9.291911291092182   1.5693980141413135
4.562104509785645   6.340788064914159   0.511332097597692
2.747282085983376   6.439849994864245   0.5774652122533821
0.7665239486147034   4.284777181618609   0.5546380293761212
8.896173409039818   8.333331847479574   3.7866131146236603
0.5280016735943379   1.9259499429504154   5.559719545012255
6.04978565361144   0.8316658088444797   4.3871626238549615
1.6788457638844845   4.820021086220026   5.329454905229751
6.983278490445833   9.638917713195278   2.1512480875390056
9.229629958215947   1.3768634637359698   2.9432685753521874
1.8967570119874617   0.8765861713715015   5.880183786142147
7.31110692899374   5.285336333737932   3.7384590359954446
0.885741191107426   9.9519999256325   0.5425925564665117
3.2535930881088713   5.163634422231699   4.381155960448832
7.564485635445429   0.49789650841988586   1.2967678226148778
