1.7591901094991709   2.3743730614555107   2.370684619218942
7.55702833201581   1.7746456995388835   4.532437588526261
4.86621463502139   6.620334054296064   5.652339617106882
3.366437975720761   2.6613713514411628   5.448087928778531
3.5475618472422954   1.8748553386446138   5.272982461288129
1.5598634038355237   0.541263864233644   1.4518294120511368
2.3750125819475216   1.6019211607007398   0.06998574674269864
6.841421449176695   8.964206267431882   6.109524182956049
7.357860344137004   2.5604410364602055   2.7144309593716973
8.305178491906519   3.651113146160357   3.2996139284910604
1.986747086204943   7.068443649893931   5.335556989073436
4.954106433093469   1.1134929747870999   4.2157819340608835
8.428435877247937   1.4786106489329598   3.6327451188651296
1.164545262192317   6.032506058255998   2.8465794395258666
7.178045366283779   3.90441314342192   2.383770180817251
4.7028362943096615   3.12440331538249   0.368944621087747
8.463094884677258   7.219538745046426   1.5569257562505618
3.0802371979501735   5.159135487614554   5.372971309266438
2.745844957673482   6.553960218993318   5.144147277366108
8.636370947086519   4.463452495320527   4.770116140074431
5.359034802450114   7.758253050672991   5.079287419937929
7.399087682322118   5.509123919428995   0.9460098986888265
8.016305988187941   0.5704858060869484   6.131980268068475
9.878975769959336   2.3623717189035567   1.300502372570379
0.6731146750112438   3.0108569661585323   3.3804061970310055
5.273901798980195   3.8265158819704856   3.621370171315495
3.741719711773694   4.489553249141931   0.27179847209117397
1.8337061907133718   8.756589996732638   5.973821247199902
3.859981572981545   7.227348086754118   6.118148835946896
5.583319077054427   8.939434033585774   4.489998360268174
9.240117849047145   1.885392181008851   3.452234174755047
4.532767009993597   4.756085616734161   0.13330611924687386
5.052024480204444   0.18143262295561913   3.9421153702718863
6.3257021905954085   3.6926061608068   0.563573866175042
9.668756073624373   8.797031926488152   2.749018930615788
3.253632765136506   0.9792261232094771   3.9306859002823864
8.91652365366153   0.31456118470578337   2.057686092331649
2.0210222375260205   4.850290932555448   5.392986695808357
5.970987677294471   6.927766374472019   2.4803423983796815
3.3859695502008353   9.8327775315413   4.800909687128736
8.682455136179923   5.595057628971781   2.7428149016205277
2.6330280846498777   3.079603729866915   0.6532123030198529
5.696568523734534   3.0918677594188457   6.116485445546361
3.280378766479589   9.069119386206758   4.265420823607106
5.405911507168986   4.78949165051064   3.416581686648378
8.787067841062344   8.10878911651453   0.6392491373228277
7.136013284814718   7.014852740455492   5.477786638389272
0.48650954664193563   5.103228492396561   3.1874084196138712
3.26888617601947   3.623296501898779   0.44733420897903975
9.350794117382007   3.327706706424996   5.768056379352302
7.340424770076795   4.639592456424569   5.634036356041006
7.444175277866757   8.444530297600046   3.0472987777498974
1.1999955165766893   3.5536640449499024   3.336350455451024
9.51822107233189   7.301580703485543   3.6176388611397923
3.980253494604548   3.041739285836342   0.7895500749443757
5.201726067115324   1.84762002320124   4.8522680698721325
1.2526459936610101   8.03582509354978   0.433295868571331
0.32996832259000375   0.8987735041552699   3.24922729905619
5.7084496275079815   9.596111734787714   0.9204062605123337
4.448136067019914   5.6240488028019335   5.931551148115328
2.7482240808750205   4.1869935525510495   3.1743228247215423
6.672217463170965   7.949431987755136   0.1685949007623038
2.636580634770185   8.827986932087235   5.581529679546879
9.600988814741058   1.2599568011480373   0.47728719855644863
