9.876096284838658   5.3293825135601045   3.166384950354183
5.642804794447308   2.1207570144717414   3.0602407375068017
6.839745046166005   6.854537174511467   5.638844141463754
0.7679197960191334   1.3071874498186422   6.022388964566196
4.122548020001606   1.112717646549331   5.091733015198635
1.8294992358606272   0.43260025951149567   1.1294680426105372
3.4057482794851026   8.824191337601178   5.093404969291377
5.901654859738155   8.007351975288815   5.72206620233292
7.130912419987961   3.684922217525494   2.4061565637520217
8.352576516799926   3.316255078086918   4.281219594253372
2.0457568768179755   5.293043475499164   3.994596711751681
6.365460231821509   8.671928996032282   4.510354347235619
8.859647766915444   1.8970942999815503   4.361205197672183
2.456314872074513   7.151684731114874   4.328875828811346
5.354680162543909   4.285866948307008   3.2049137675690837
4.083000460841712   4.415147563227061   1.400308820317038
9.397095668129976   8.265734038197259   2.613760297120733
3.193127078019279   5.255063446501445   6.209635224813639
4.648047653209974   5.867332470982443   3.6974560308615927
8.387381159595238   5.6614172187093095   3.748645057107011
4.0667182950936   7.176460055861503   0.9746819173641628
9.30173804943505   6.561829701774133   0.9882156795382633
4.932556801283353   1.3869009820673983   5.591771771436678
2.1152940370655435   1.4201184862254568   1.86145772003045
9.169571367759959   2.8283928355281285   3.669939012450324
6.279480002698931   4.358281774698083   2.2650467170924853
5.546234366431236   5.624954180966005   2.414787400255008
2.744486523064912   9.429584667320405   4.595041536527189
3.1777905359803165   6.230253820920556   5.64294433428059
1.385171902161705   7.43232133639729   3.925344280041836
9.83280706304861   0.42020635117671   3.05238078402353
5.60696098924741   6.970898750875296   5.7836527091683365
4.280906492265004   9.472846453397214   2.307647521829683
4.099415431332767   3.6102960990977557   2.377172260371352
0.8558730693921046   0.4029568885334617   4.009164434409684
3.1992906111520143   3.5430097051371257   4.454799487168811
9.725153691189018   1.6195807175205124   2.4318695288131873
0.937431877348593   5.96368222796497   5.780777059963288
5.363803328234843   8.829858471375578   2.5407120273561374
5.000331359128574   0.7377421628479879   4.77036117040422
8.4814120304278   6.62278551212212   2.4745041996757484
2.8149670822255817   2.5369855247907442   0.8777763077068312
7.657894583612833   2.5548812786985864   0.0978906869833196
3.068074452338631   7.742084796883692   3.049785013989394
4.777398081974111   4.774446560689858   3.9540289681100464
9.055311797308153   7.441190946294723   1.0179762750506458
4.992741814836211   7.990091532000188   5.092189192615226
0.1999689725709749   3.554416789978252   4.406330946129901
4.792828924534767   2.9068005833088932   5.718651538145062
6.423456172346505   5.177898941798806   0.8763899789967915
7.631271803495313   7.2259546394813245   0.07871105334835088
7.559955486739453   8.736820664590796   0.7475708022322797
9.403604219704972   4.290427386772296   2.9955613155227594
9.891368218746647   7.510410696434533   4.716750008475007
3.012154889412779   0.7646651186511989   0.6284039020173574
5.876636639248954   0.4270476547012141   4.1107011180360225
0.5751474107714436   9.187198234480935   0.04505557191150178
7.775537407283231   1.3060630393398585   3.184924449925406
6.755130901784372   0.7586608023808014   1.7474541608928424
3.964510366797473   8.313430407259144   5.352806556943299
1.7590788330445613   3.5741490072147912   4.295154423143894
7.533213974653168   0.08692886134750627   5.169402432863768
0.9222440172535896   6.853638034254565   0.7541189521929175
8.442740758519037   0.7309089440522584   2.9196415487884515
