9.69617740346986   6.799645656958471   2.8032528211750005
7.062914341148111   7.301596925241176   4.054115208904578
9.4050602284845   3.3992584743859258   4.251091498623163
9.590124016252082   2.390106756842192   1.0280092728278862
5.172373113368339   3.0395088124775875   5.887193216996208
8.473561154270024   8.902961937578423   2.636385665657918
4.59808306299496   4.161337718371576   2.9832637190632183
7.775154059977145   6.984103297927515   5.697088622592795
7.808564724066726   3.8911859181182473   1.3888632815003725
0.8083782882546662   3.0604112300629174   4.453629326838103
2.2247763240954974   7.116858220490695   2.847971337443229
5.530574736527008   7.592614908646114   4.885159104153364
9.076785398168198   4.067985865814611   3.1272218414369375
2.687873242281289   8.454519497950873   2.1591022535478652
3.3770346921875043   2.348451705512037   3.616323076733018
2.4631338879198035   2.651533840094115   2.3326367221539335
9.332593195536242   9.551929767506785   1.8859533836036948
1.0142412389119322   4.983556194485262   0.44733699873096494
3.628507505702825   3.775847430022656   0.443582785903086
0.8276874553000466   6.651599236111384   3.3312415726325604
4.737892936165483   9.348882040869563   1.764346091786626
0.7475958363142421   5.6877045016169605   1.3568264204598464
2.2776488170361557   1.3973611448129015   0.1752645241861974
1.3229956681424913   8.562531934535592   2.99075402130423
1.6361193464349737   2.532326460748001   3.458590253989115
6.52154657978497   2.4346868681069544   1.6088160561175484
6.981103689926379   4.01862186544712   0.9277999874224059
9.492042049716764   8.462048467900804   4.239628767731523
2.6204869929713404   3.6914226850270735   5.303830406103123
1.4458322024702157   7.087627718231553   4.264753836937309
7.630254784158307   0.2330062432728568   3.24565733673972
6.555574392575707   8.982142323465933   3.8530451971714226
3.860467725073961   1.8954135761557283   0.5534295138401194
1.715386188470242   0.11809435428909282   3.797649871083305
3.9968164483021327   8.27794467419942   4.695255816432467
2.140548022616227   4.470497297690848   4.139189484690901
7.276229202722791   5.200974374276312   3.0564828114957847
0.7659917629705286   4.1687638469923565   4.337069669780251
5.465362433544393   0.8776275677174538   2.8486529898025865
4.915514179822164   8.590772245346926   5.466042641894241
9.42157352434216   1.6995078699383832   3.794617559075778
5.027562210115482   1.5973346560423467   2.0328274553053065
3.799967436219846   7.19241702426251   5.891061952001315
7.913491950263496   8.0392865503199   3.8823444864020424
4.487572556569756   5.4555643566141425   3.712254498813782
9.253473312422818   5.610442671365307   3.5324343916289096
5.7504414261426025   4.666143703984421   4.958514575636259
0.9512201459428091   0.4790889381064513   3.264115735546641
6.072120760762701   5.8297992587893965   1.5612281459298707
9.61636091684792   7.629812983834966   2.230239545678426
5.2279687022808625   6.1975456350063185   2.784184410475866
1.5189153119840981   7.911533071264935   1.818400828045422
8.040179701748322   4.7961549739543345   0.6970525602607534
3.787047661089784   1.1200651554111976   3.655346219266261
0.2341919681589107   8.324859273698397   1.1983715039258975
0.2596650447541465   1.784786157443572   3.8320903139477966
1.9074877458696615   5.809502272910773   4.4761206081707465
6.788435917841774   1.7910931123912697   2.807013684191815
8.15402542775655   6.177590853335122   2.1761120538708183
2.7335921716278873   9.771657700421057   0.16818152751680607
1.9113658021761157   3.7043654178734005   4.012470247998191
6.547453340547931   0.05033167805015282   0.8080575227174389
3.356676300028047   5.538658638239677   4.472927916194455
8.644281293048692   2.0334553118664407   2.085932790867212
