0.6843916454517343   1.5287581876986858   2.9106844482397234
6.37700547007729   0.9872118399902173   4.979350553308747
5.100692115535676   6.860403281366335   5.352679152499883
1.691782398011397   2.3665545477839425   5.5710878564236035
2.845763984257307   1.3960533905048071   4.477097552248483
9.950762621344383   9.87829527301745   1.124831739349371
0.7291210178051611   0.6370866735021512   6.1455827904216065
8.306267172947365   9.280358837493292   0.779842580685122
8.262647888708537   0.11394890083612241   3.6118730098138565
7.8034727545132805   4.386496417104198   4.038053987975446
0.7936990367927226   6.296763320406349   4.321752028570607
5.15281361898045   0.8039974361394333   3.7031181063888625
7.440379405473416   1.740459861503459   4.0153882534981955
1.6900596065182913   7.617824752176837   2.7330405639481885
7.108163898585916   2.518393021790933   3.0023045391157726
4.679634787026958   2.733935082142196   0.15706342316756097
7.22009379745813   6.724582831389216   1.948091909357843
3.211992559840436   7.683053739999565   4.4206775562054546
2.9685865577435604   6.641778254462599   3.523910195273791
0.5306412712025746   4.034005100836534   5.415796467023005
6.111790292059729   7.735336400194833   4.5134323516894925
8.383932549159171   4.9555809337577275   0.7726172863274539
6.623068454180435   0.12293116986743335   5.749918634342988
9.237463015037582   2.9692340101809807   2.2599377030520285
2.1591176980227926   2.9716944108964425   4.761791387854548
4.52457888987045   4.580523727526698   2.7506686877245436
3.753287297655485   2.8951341853930996   0.31679831604637376
1.8441309140778408   9.117650819986052   5.780783381574357
3.9769143478489557   8.806359500116988   0.23773218739701946
6.2104977731792035   8.516321173352177   3.6246575922889144
0.009163292898055175   1.9224615928842301   4.122350108428402
4.216371115525349   3.8282653082096947   6.1681824036413335
4.372791341444919   9.59334814716797   3.2579224196991796
5.578733033201106   4.778205070306737   0.951600298868539
9.741882127115542   8.128659767257343   2.37201016380141
2.797137156423265   0.43302909496796815   4.746312745796837
9.223914928677333   9.843063638548674   2.2436699926944037
2.764498573220236   5.243994437110864   0.4913697615467778
7.692591674909415   5.376752159384937   2.332026818150678
5.712728019929135   9.865640182150234   5.166448244997829
7.969932463937951   6.416249402286045   2.9896806945998686
2.3669770969499933   9.690740526733185   0.970569354878541
5.616573846924648   3.621009543103999   5.714696402954045
3.6633349763525036   9.90666729526567   4.142057133368613
5.025183857830567   5.760877936672697   2.686005303584845
8.631265376277858   7.8734701050810685   0.71982833079827
6.3979034986103125   6.395501450010725   5.840269164253506
1.565581520848624   4.245788621639235   2.886457562566114
3.0945423473727702   3.5071633348352407   6.274316364381815
8.460898028416874   3.348352455911738   5.643714332906355
6.5416244100204874   4.689923912378934   5.331404737592702
7.312888709924221   7.6146887663547105   3.1710708038642976
2.892580502889056   2.1608483802418705   3.514844806720091
0.49732484843900965   7.350965309590423   4.368587149274881
4.601438544998804   1.7347337188819023   0.7918323652131533
6.023881929158598   3.1696966142068677   4.710273790793065
1.352465087493716   5.632826255054032   0.22711831246273984
9.57577768437143   8.991791909835786   3.3088486874199527
7.237249872451544   8.627972610088293   0.9552134186545156
3.5826640351562187   5.933558723045712   0.26853179887178197
2.3562008093201467   4.662844996559394   4.000532777285375
7.539949935362429   9.915191129225814   5.9515274346663345
1.291361777720027   8.203077876343318   5.635754750327125
8.345316377489233   1.4786684608312566   6.279230048116861
