8.477573525008486   9.45125399241023   2.493289940780635
6.157048172959286   5.517808697550887   3.5690663925086414
1.8370030886382298   4.005282951544834   5.300982064754977
8.931723956305586   3.735604109045902   0.4157636148923479
3.8541896345485864   0.666805355178538   5.422260227241677
2.310178913349908   9.929990323601507   2.944331570436404
6.860202150051132   3.750018832503449   1.9838451539681425
8.363269958555339   0.49474022318628236   0.12904227953168834
8.483423859931362   2.7547391901183347   1.959840797773586
9.884233222927612   3.1116703037420814   4.655362988487048
2.248960568260339   5.499113504558384   5.375117648744402
7.212807699229163   2.4170195046717997   0.6364377938979455
6.468216815877411   6.467415479520946   1.6381696274963888
0.7741527367850923   2.531699482499398   2.8874593930214676
1.8777684398683774   2.9239951754454863   0.9566680610691254
0.5321130659309279   5.166810626552764   4.563229879189701
5.658988956857289   2.9929371197534693   6.223273222322777
5.706606404265691   8.113788333638087   0.5949694846709485
0.716163833996594   6.006824810047399   1.855852020892113
9.57082368901629   3.7487163607274114   1.6162136373060418
3.1666217879757634   9.131006003325231   2.012578205424104
1.9456323202734438   6.178587062604608   1.96829539928434
0.4601654799999537   6.656534674271811   1.343193162985773
7.006717396323605   5.932343130603973   2.1281487881057686
2.3345700401390492   6.990177670932741   2.1629941581951475
4.574233439188812   7.4557485797807255   3.9622644612492595
6.551396248302769   8.983072944736422   0.17728140656063918
1.082584154117506   9.398739453606064   4.496169874732877
7.543762505248926   5.007091222102351   2.139668162849622
1.15563640982633   7.497932999136971   3.8251024547927845
7.267864503714896   9.57581215361037   4.337338177495186
9.694795881954386   6.217733123587804   5.103550069422298
3.3901670678953115   1.1914972720650445   0.11233212789461255
0.07810630884636538   8.918894050106704   3.4073285652637635
5.725865408927519   9.089435245059537   4.3970175913402985
2.6934515612866505   8.688791461415292   5.2490408192737625
5.968418413350996   1.951095956996424   3.146556299244332
3.610055210279508   5.805912047489367   5.570573037962023
5.2347630463801   0.8277230773206917   3.7410814717233647
5.512259745806646   9.900765786659157   5.488937023135783
8.037307412125314   1.437932833308669   2.540916839102245
5.817631418804706   4.063881336397481   1.550860376344136
3.9172910434273223   8.142880472021913   1.3581837656060636
9.949668879556915   0.8510853872444807   3.0004873499738536
3.3200069806427313   4.569108533518757   6.11023440538566
0.8562585966139546   1.512997256042346   2.6142799458090296
3.1186163750777642   3.234925796797765   5.135609888065783
7.739906281480105   3.4920300047627593   2.0604953902446748
7.755289673686061   7.836528324847808   6.00388829828907
0.9357002207143043   8.548672525596741   2.2043712619338174
5.234854316923379   5.421352789053325   5.645637358924386
3.1918940648294334   7.559425861905378   0.8114711451299271
9.366059713595734   5.417184487798307   6.133280990726193
7.287205235554624   8.466625723985949   3.658530786110296
0.9953272646977884   3.6581841606895   1.0111981996665664
4.519368467064619   9.378619871469246   4.827202064852605
2.466129966025439   4.673217670053396   6.1733834424644645
7.890633311716978   5.822620681902727   1.822473329760117
9.518507982062458   1.9636122550684627   2.2625686826763145
2.976593291540168   0.11534170463268734   6.227143575303232
8.493785006740604   4.956586995271301   4.565427273032879
2.569948828198266   0.8405822530579463   4.969645932434999
2.967624300417444   2.079191281612781   5.001857956841569
7.302321252529341   0.6979929539336437   1.354318150787303
