0.7965774718401929   8.993940748796728   5.720601117699974
0.32379888859401984   3.203495334725276   0.03993318877556806
7.735778367047663   6.070357398762962   2.112858374687574
6.234846555565434   8.407246698431937   2.418020957837055
1.3081742325111079   2.852374397546548   3.3114854628189194
4.897326544290557   6.497420011512325   5.000498040253077
5.0808443882580185   3.737120188138304   5.184059021766096
1.782593912828174   8.445347834637786   1.8181887863784025
5.851094976985871   9.569859035595346   4.13798405270937
6.79984034559419   1.3599912760027242   4.289591604366894
7.244574581464917   9.199905100225477   5.977277122283316
9.418374163279013   1.089263927284199   2.634018138574459
2.051146082754061   4.555201585478882   3.83975924217339
0.5952932306255072   8.116371038435313   0.13690110645749334
2.242753154980334   3.2585193911904473   1.1919276270171002
6.660938704018703   6.714493360029457   4.615821693307465
8.140017393711775   1.2948275989024025   0.17389560144603183
9.76931868390574   6.552008734476496   1.4916105080556223
4.230239945216183   8.430866801708802   0.2355211027641373
8.75270177391388   5.685256360061212   0.4649725993642066
3.308916601236884   9.436949333496777   1.5871061886135598
2.0043823172761392   1.4376937886817847   0.5679822140555454
9.504939991481994   9.788586977006542   2.8393868790242145
4.367999672673005   4.055893992640873   1.9344766258486237
5.154387072220575   7.754693024582153   4.05578741443937
0.5692023320177764   2.449961209410634   3.1055786034356108
7.6130598614357785   2.36455073184936   5.177002818513287
8.606501916460715   9.234528663465237   4.368993101463249
6.07601065056671   5.797613638669386   2.1565020928387586
7.494884474780082   6.876775589382706   0.6127691342841077
0.5958746254711392   5.707034935325127   3.0109341630729256
1.5019106812712415   0.47965211759756277   6.282215388668766
0.17817306588802734   4.791533509006776   0.7380709049913456
3.515406896080329   3.9767227313839006   3.6333052012290223
1.0983281138956924   4.016378990681681   5.99099929714669
4.064692815349306   0.5125489117857946   2.7520369170169374
9.286478033656564   2.784128923416032   4.291518405961244
3.996294501376717   1.3416620639533638   5.765869638893721
7.302262925002267   4.392151654949213   4.838712761562474
4.115248729493104   3.224145561442936   5.248230330263038
7.3433244633841745   3.2535180300459685   5.689547628726444
5.748476000136496   4.604769955099994   5.719542790274684
8.86466490281493   4.077407928217974   1.6439473193809486
5.3681506537496695   8.587779414111322   1.8995919849608538
5.639016983940973   0.5903429802394244   4.385398033794039
1.6501797430529497   2.143114913295803   2.94011439311562
7.272638215276658   7.930379623016827   1.4731066903407628
3.9378680628969693   6.681401016722597   2.33098336668675
9.364658564620296   8.503073579124834   2.6651216981877957
2.0856113576362962   5.618443878300244   3.77057207715513
4.2525181062686   7.596027544857022   0.7523027115641961
1.6735054778880571   7.22215006253275   1.8558170469395054
3.3606959016405673   2.734944602225074   1.927453434774628
2.8584906716785996   1.9799033074614036   0.5648886738128592
6.6112398381433914   4.954994124944139   0.8273534508467466
5.306098752677951   2.1557051597462538   1.161337566045191
2.8760928844706535   6.4907473346920685   2.8034885779372827
0.42213835233262553   0.6782767305649572   5.4191452129143265
4.392982047127103   9.545742695248121   1.1485532563338245
8.177520686303836   8.325876885791464   2.9942296352015956
6.577798667028867   0.34311778449283725   0.2807507852220364
8.61318711371382   6.806376010191055   4.899545680878486
9.530769851276217   7.4238412337373525   6.164724178680171
3.7508966204550256   5.127911901747858   5.88255849794105
