0.6836929364091495   8.346361309307476   2.8452114815667255
3.958737723640005   1.3178481757547402   0.9391903645748134
9.509074122432905   8.138076217477382   4.5746515316828
7.569871761195039   7.315464660818083   5.452539508165787
4.897139128175381   5.644653871440706   5.572994422937203
4.109428762148192   7.697811348883583   5.030629966083435
4.455538990860131   4.738326612442041   5.511423002568558
7.0452023845571645   1.997265719637269   1.145557529473823
6.478327437661232   8.303303498064517   3.8989433250057606
0.30118832440507326   0.7930733176283795   4.27379433371293
8.230342281311552   8.288336664408654   5.876118423655113
8.921631293135109   4.512647776250386   2.3788253057546624
4.535474717259185   3.2214133473489865   6.030157528226417
0.7427048751590666   7.050751593425198   0.271705988849697
1.2100461306065293   4.995410746540813   1.5992354078162445
4.444606282055046   6.883888752644331   4.833918690523516
6.089097444273219   1.9770998465064051   4.51156682376393
2.175678804355071   4.346905034185121   0.08568865004339002
5.776414645904497   6.446167079194558   1.6121571005831976
3.491821218855577   5.690031944745768   4.505248046509505
4.509408610222631   2.362333754763828   1.7050779971169963
3.8495791799181633   0.048966485886321465   0.45869109760229104
9.666621375193106   1.6854719953271065   3.748481024556279
1.482134126800824   6.512881557977193   2.6431675337971843
7.00195894172441   5.834422371836492   6.17279484276928
9.079742380927778   2.365672888699687   2.764909814832281
8.359537857829368   9.279575867080798   4.67093411402342
1.6860030744159649   1.8108438525444899   6.10118190545192
8.188385573272328   4.162249494188793   3.230183690458182
9.032487568909998   7.170695556027472   0.6451400328990411
8.878516322533   3.1832103887871352   4.666117055397722
3.362550084187143   0.7215716658474526   4.835693048314103
0.8658127991923426   3.651816236838748   0.37576426110849614
2.7956328614422845   3.5713102475401497   3.6821140866245314
2.4300921839807725   2.3694116581336395   4.907108974341734
5.268189745860832   0.37341564918139974   0.6104126348598646
0.7775293073369471   2.1577443045199636   5.643254931666143
4.138582349602126   8.733126744316694   5.849797021746585
7.003852376011377   3.6792554541879716   3.5322290804972845
7.770135484859982   3.013955710655029   0.9460439431031695
8.114612592004818   5.3915682286705024   5.39239418762497
6.3638250295121495   4.607530113120728   5.832730090642337
0.41244022045232287   4.340324739298284   0.5859181399438792
5.638982898304433   7.641985652625257   0.0941192095099392
6.501241455171916   7.103114254074811   5.271866990523503
1.7108764677019188   0.28806816503197963   3.543727751905395
5.907207150502428   5.160860070360226   4.166449778562917
5.615406511124442   4.1802119265563835   1.1014916124263572
2.0322880811358255   8.074143916972876   1.5423330426408466
2.6870091246417096   5.21442117770347   4.026754572821555
5.9672418775827705   9.328543549205548   1.5746904138008997
1.1497389344501354   9.234559764681718   0.25577503375936406
6.864103781039928   2.9168471851212243   1.3601204577486892
4.851176468042702   1.3817945881075508   0.42834126869014455
7.29886768297683   4.955219991984419   0.0016461337813475224
5.860105252299406   0.965967041576898   3.0056845730364787
2.413772146334455   6.2866905743764825   2.116723571149164
3.3495459210461154   3.0193824704390857   5.756985703023036
0.054401747457129446   8.974952615755416   2.561167040486603
5.050833809684241   8.085551369077216   2.95518135414312
8.858494356219648   0.31517357416325853   6.203399316507215
9.147609773125707   6.299347379954612   4.877817357423424
0.38206811799180823   5.647747351902979   0.07452805330686513
2.730985189977688   9.171307906971371   2.5097092986997533
