0.5058686037346892   8.94618484368796   3.356040517500096
2.7684414333672285   1.9543219693785001   0.6401221134085346
0.1376343649936956   7.5041555217516445   4.523165274213822
7.756172812502468   7.3346918323633625   5.192261192684393
5.347645318366445   5.280216878064888   5.481951868015506
4.20721547094418   7.243853665499627   5.008823193591252
4.856815850110591   4.043271624661317   5.479656718952113
6.442804390851982   0.8634037569774506   1.1866848056085746
6.961258897690665   8.85496521253116   3.5964859944188587
8.929543975194067   0.40696650139893603   4.457954795434413
9.011988613949866   8.095961384152513   0.11436908748809844
9.471264152370205   3.906709940227952   2.252702658210543
3.962096547647837   3.545572153227238   5.813673406640623
0.935990812534629   7.148460354575611   0.1304095005268296
0.9389191176534455   5.376516685084185   1.8522086984613735
4.018850171458771   5.928799860915852   4.2609610707285785
6.080718574139156   1.891946643611753   4.521547822434299
2.155216277140014   4.560451060619969   6.063258686936401
5.598774734867213   6.382868101094727   1.2791649094778597
3.1288064829495252   5.220394727344042   4.931214108252271
4.60316622633934   2.137086033041839   1.153034400511108
3.0927583442625464   0.21411051978610257   0.6102239132432219
9.51964261076981   1.2650918876736723   3.2396168392696025
1.9679563825824815   6.647007416868446   2.4920197300559854
6.557026876146854   6.767864907460976   5.8941584494883665
8.971840830382886   2.8726713994586306   2.799067119884432
7.770043302452962   8.75873914217509   4.505206147334751
1.3464212744747301   1.9728716478339556   6.017949044430731
8.340042218564012   3.547289919159888   3.3372454827756557
9.121576914619972   6.830009350079077   0.42365893623216533
0.1581264286986735   2.7407529011713905   4.613983393498696
2.6013713368460594   1.0581392974930284   4.901790259838643
0.383814127418479   3.5684867725863363   0.29307891219695026
2.9145742869140077   4.167859658276667   3.4131417599644616
2.2635600677692196   2.4798501368896284   4.887532952383944
5.314409691122009   0.37600295217040147   0.836685199233473
1.2114678124869478   2.9214558485114996   5.564935603756335
4.69944582328442   9.201384530515767   5.8773406731180105
7.12039953216447   3.5383532024271664   3.7374091063228034
7.160543784734616   2.663949698972362   1.0259971772330174
8.443974386731343   5.122793602042008   5.407498537742486
6.6174987237748795   5.1323515992302   5.510344607182342
0.8324167789934009   4.517638274250531   0.6434750390514015
6.039834813939559   7.665405320227782   0.2782059500609943
6.881417812193907   7.679273287530384   5.247858547348575
1.5467225013247599   1.1267669238960902   3.1305487716459397
6.204612302822117   5.782033250325949   4.204511764596931
5.850784064247772   3.6446110520759687   0.7985382652093029
1.418089376890203   8.417992591836807   1.7673551342371228
2.3582862010971546   5.899832877809482   3.9014728509673424
5.919001820771888   8.43152433068845   1.2091596760088208
1.7160635975673106   9.340075416323902   0.41706356167502073
6.306981575436985   2.7338568463000428   1.0622434213054244
4.8728941606330896   1.028773529609062   0.2780985637882668
7.881978747665883   4.371256731953471   6.2777925337859655
6.044432885730024   9.757923453509965   3.327146998567141
3.3762220374689456   6.604527683482077   2.031268266000205
3.5145569464224864   2.485362313026   5.795741394543314
9.6261830294534   9.382301292748066   2.4455667294208867
5.050833809684241   8.085551369077216   2.95518135414312
7.979283481164637   0.08434204385596422   0.6175783466453251
8.88830001100826   5.8704193380911   4.668073422264513
0.3936589887356797   6.384223514173204   0.2608704004437861
2.7624003432873074   7.759792785929269   1.6942292697682517
