0.02185944794049466   3.0666739699884213   4.589057715868204
1.9951898923115345   2.843124804909333   2.4443541097299324
3.8398149231507843   6.8063513823098285   3.8962883974602245
3.296450215735965   3.206712134228637   2.143180747977932
2.9854825226568344   4.5686345721690325   4.101890122623505
8.635848059708735   7.583700847328004   2.625506360516486
8.149323825946652   8.570929691225757   1.6926754351123607
6.897036395933867   8.237183420819452   5.81716545369355
8.99657488263729   8.432588202895971   4.560316931559523
9.853556525341244   0.9193706294908703   3.7083061633397123
6.616265453604826   7.364242285358264   5.748299262537001
5.351071129355931   3.188324948695408   6.041465856010298
9.657739465291593   9.163438433597861   3.3246050167198558
2.00437770270198   0.13550847196298754   3.5015037204013835
6.741656845527526   6.484236293434544   0.5792643128005379
8.22266152269577   1.3723916832408647   4.773663582366717
9.497038680582264   6.167456730212171   1.1280002585419004
5.802300271669279   2.484284734407689   6.032537529989153
2.5488329271111905   1.4075531348851968   1.3648646284379033
3.4926067610984837   5.248348229247699   0.7522174109024172
9.528066494985545   7.690313401833818   5.608119997369295
1.3109719489403018   8.042231954802732   4.967800534615321
6.382566003264669   1.0211879784960098   2.3442360282439916
8.16693246850029   6.877726482217486   4.732045617837348
3.0629384209783352   5.983760077697909   3.3350185797420124
5.854101767796287   6.339015800252657   0.6395644916817153
8.70881392774132   5.93993537265073   2.382872083617516
8.170405048089616   5.261355477207541   0.9317140697809239
9.00622167062477   1.9604887018306583   5.0770441230050265
1.1218970764282616   0.48224985499122464   0.40865110355260337
5.854340198368712   5.346184209544258   3.7313394647691496
3.4091774827459163   1.0804827214620123   3.333769872164854
4.0334389948922285   2.0994314533343954   1.966503460175444
9.7616218701033   5.316584060811626   0.9607529261441584
1.5865534310789682   6.43431279012762   6.033936166990922
7.365491492225421   8.963004100793496   2.56072592492272
4.320008098902267   8.659330135406751   0.698913394164654
1.5877994742820503   9.125274767843505   5.9949524681024995
6.989765089918406   9.775376801143498   1.6177152891187006
4.559512144832127   3.6886387062747303   0.9498237865490055
2.711129293852682   7.41549435011948   4.109647134400514
7.24375272607872   1.7435355343572134   3.283442554413168
6.237556650004863   3.2658312065197466   0.9025325269447163
6.974351733107047   4.240784366514531   1.9220935327584678
4.93699929248466   1.2840301126303242   4.826301671169221
1.684221385178936   3.8650827754446984   1.20099443481838
4.260304211908521   9.544892804342664   1.9134196987603942
5.727411308140452   8.452899424743968   0.6055488952450951
2.207400106394779   5.756874782187786   5.896238002311374
7.066831205529381   3.1885178764314377   4.0024352820054165
8.730200808578905   3.1923656689920543   5.711782653377313
0.7641080413065164   6.578571348693095   3.491728054975272
0.7663708402676962   2.7064495509203454   5.916406746185706
2.1120537322248385   4.882703578345605   1.6028122240083535
1.2113368342110715   5.3698460367203085   4.828432521659328
6.858314408524473   5.48492925796839   0.6719199302145193
7.635270160858047   0.6301124529988887   1.8097301714173963
3.3986572903863252   0.1969249669090552   3.794646051004099
8.080580356526058   4.347643977508585   2.5536696175584206
6.254637834565655   9.378395164686047   4.8776282033218505
0.11199001550994131   8.370523915885443   0.564292577835663
4.816623800191804   6.820394484332818   1.2513695511376084
4.729530226460701   7.836937327251156   4.100008052044565
8.002919403778122   2.24519011021885   1.6755607376573634
