9.715801408143763   9.410329007167329   2.5707098968840376
9.356428129370098   8.486951594348913   3.6102367288990216
9.960450201040349   4.144440651938932   4.000111422668282
3.1522342351504404   7.764148819144338   0.7122385512574069
5.145412351824969   1.940707069489997   0.07158674089678776
4.771869522939362   5.142560959741479   5.74167358704806
2.098138133060317   4.5407858580733675   2.1961409045646634
3.6160949636713977   4.048824966201113   1.5602626929274321
6.440832978150243   7.178638649212011   5.9760880013710285
9.8464611851355   7.019036777784027   4.596911923597435
6.227725382841137   0.6094570005917878   4.981007598790701
6.090073575470373   2.1476143553255747   4.48438594853148
3.0364237852442226   9.864011814689889   3.6094698120471223
7.7388102460497485   4.556400061274533   4.8037042582334655
5.906642987654157   4.936004388881572   0.15871650632094347
2.2550763590969263   2.5242570895834935   0.36359697781338496
8.84870575842221   9.705000245401482   0.010713566250294626
3.190122398210825   4.75226694749167   0.7980749779147298
6.9486147769545035   8.03504193244477   2.798299550900108
9.643922652973524   2.515041096784501   0.5741294104293365
0.8994124275164207   4.283116782613327   0.5103026989043673
7.914294467734029   5.906861149173272   5.922928798323616
0.7625909361205951   6.876290736376258   0.9140346749353403
2.0272736783998244   1.7110771722773834   0.1789759722426679
4.61420185114841   1.186914937192757   4.232508313306993
2.926871526683531   0.747565498431773   6.131337314080335
0.9519813926984748   8.101729547583224   3.8811932711082298
2.757215350425685   3.4813211916365097   0.9582932585817477
1.7559199422493479   7.769715467246204   5.09875953979124
3.457211846382739   9.101519722731435   4.2424765601321015
6.8689003189550135   6.070635527653591   4.343702857575549
2.163079678545148   9.182918258479047   3.095737618873173
7.047190614028787   1.1418790862345929   2.2597611428677147
7.2930393856618325   9.138806355401616   1.613024906482634
1.2821637256860499   8.989598489206324   4.7404757387444825
5.2059536175934635   7.979136553565736   0.2956389864482284
3.055270216830443   5.76156040392377   4.260421701041703
0.590991754223   5.562300593991717   5.41026557087953
4.004296691877168   9.932757346067843   1.2866911533089174
8.763082504596552   1.39851265081633   0.9918303726235355
0.8939223932379431   3.0208156624308713   4.78913144796837
6.955192842663232   2.1465818148049163   2.2505850295780188
0.9174287453144225   9.883871616238004   6.251840686129724
9.309486557623742   5.119388414615878   2.530708870177356
6.738478646452974   4.7677986337938965   1.6181135714698998
3.7334355788613145   1.4345197344261302   3.1742349695753123
0.28812196283576497   8.722075264222264   1.373908696047187
3.9480347428771676   5.441530135233077   3.2215634841090446
1.6627697980814118   3.62333319045155   3.76511466279759
9.919776504377094   1.215073855443421   5.925983208714017
3.510731772734905   2.6786811752233075   1.68411235159365
5.420844272755901   3.0236918035873837   6.211577744450465
2.072503337559522   6.942064112005944   5.940719235959402
1.032645056859835   1.163193752050205   3.45311199531457
3.023899903668186   6.748705447345749   5.396077669905958
8.786393299589216   3.2997078279907837   1.8478013838147844
8.170575690565705   0.553305759452409   0.9752267120891437
4.340751112198327   8.45512567144922   5.058670970962179
4.905586032748821   6.623108803551657   4.213069723166547
1.7992053409692543   0.7739172518289158   3.339961122155177
7.870910289333111   2.0546437837349822   0.1734176920769038
7.308620675589904   3.8241125998890255   0.9708893586924406
8.49633008796454   8.08446375498839   5.0432776821648755
6.474463034679543   3.055103622423945   1.7155906334009827
