0.503216005454067   9.238203319138613   1.6340897845099078
9.431386709063563   5.020542531776693   3.91525471403801
0.44415063423987006   5.202679048565875   4.1336156278991485
2.916168472564794   9.364212885989707   1.445197179248048
3.863925380141503   3.6912125028991203   1.0381371084640012
5.464385851371416   7.258485451764347   6.157648684081404
4.804181592374776   4.5094818617918335   1.0521152338168012
8.023933356879242   0.5805400444147573   1.1310923994856734
8.467535981025408   5.605167222559962   3.878989881534883
9.791136836883007   8.444462453218247   3.772780011052707
6.558270325133794   3.6411793567895536   3.5468504287811164
4.0634006119842745   9.599233726048304   5.666026771720621
0.2675188685493153   7.561958803062611   5.122509103513443
7.77205734491237   3.73034960185089   0.9914250005398407
6.581607331972874   5.865564850474058   6.031864009685146
0.19499353239064382   3.950668543002429   0.29457648806396397
7.621875511554862   6.750603002125194   6.0767925784525865
3.665238678705243   2.083192670774112   2.0374941088453724
9.39202434130585   0.006989392114789217   2.0382546845883236
2.393206244193521   3.6271056311007093   6.094765494819726
1.2768132651157398   5.8454810112524385   0.5114684461160436
6.7086995612419065   8.279066322609369   0.5012177799693683
3.2930727329035334   5.854477872674608   2.101458278562993
2.834305420591385   2.2741818864833045   4.444373811723686
5.278039500939205   5.706058369009987   4.563612305516335
2.2190201504013234   1.3369361735124965   5.113136643133885
9.806748677451441   6.68546141356058   3.055648835023485
3.110503696691941   4.151733659377832   1.3391705416150637
2.1070359160403913   7.012516426541077   5.045145004332642
1.1511455801210522   0.7593203462600044   4.843023456066159
5.624494349525039   8.435344814970325   1.5004916472364582
6.008087204172892   9.837663151769757   3.0958294048321013
5.62263280713609   0.8518837586864951   0.8362815230963969
0.19925069497023884   1.3631908487963704   1.9011566177072168
1.4093397251252595   9.230011317160097   5.432980937951856
6.263332917233704   7.569281227871507   0.8578402694736675
4.085994741600243   5.028084942807156   4.476783985070549
1.0204958849619152   4.048427866953746   4.829429331718888
4.744542314436546   3.521858720152627   2.3653497812118647
8.943899757878931   4.2710545501016535   6.179981521549535
1.4235896196724414   1.9203636578122527   4.180532342599338
8.031421928207092   9.718937611853072   4.064116937582796
8.89933603744681   1.2482784057906342   4.46218006298372
7.882913310007824   4.9247171629584034   1.6904561890450072
9.090484125307073   9.122156822051982   2.468168844557634
2.1080729403986536   0.2118476284384525   3.5361969671301465
1.1545946796863513   7.009024838111689   1.3713586646049123
4.10103393886312   5.9685786428691845   5.0727782534229275
3.048123204352262   0.27165457293780104   1.5983304245844896
8.374535215753893   2.9979775875689656   4.645216541080979
3.356662768289374   1.2346210274514575   6.1670687513331535
0.8919757672938529   2.6042820410966008   5.350173915772617
2.1489441090734602   5.8414099865664335   0.047505601641474104
9.37622914343583   3.5664977621607066   4.187624478529096
2.8887799112207135   6.806115146791892   0.2547459359101392
7.9621226897788295   1.421184133653741   4.569886852111504
8.326678647775072   8.63717554558413   1.5081078694791814
4.497746870187171   7.300310619354842   4.700767835777839
6.782358094844033   6.77184857323329   0.5748129274852952
2.353088971275687   8.072763829991612   2.2696771876895943
9.489778357926621   5.8336864669718995   1.4135554042432399
7.042372882911815   4.891005271183278   2.2676117376045206
8.355459159757357   7.808818863002028   4.547020910124656
7.574820885048446   2.4587079589569765   1.7037668128770742
