7.5558140480977265   2.664152993829865   4.916570876766998
9.323064450080407   1.5482871142447745   2.8751335095670556
4.547269919391638   6.104072216710773   2.5231240229617784
4.781130603454642   3.461302828850501   2.962474095401981
7.9853207548099245   3.498709684321975   2.4821970582130275
0.43303991936284614   3.2030223437514405   3.987624837615588
6.69019618398631   7.164729518211458   1.8500899419145505
7.985309549775549   7.508371759973506   6.157183267702009
4.632183791079112   7.074577695639543   3.8401539738049593
2.2877875160130907   4.147401666050467   2.2283028296224487
7.132611898146262   8.114159315150035   0.37521906093920243
8.013412830092866   5.106938110463642   4.866952394886146
0.22307596021815534   0.4636572062198585   3.582139094865159
3.03259678739648   0.14913347903011182   3.7369079221515475
7.466927272400884   6.498716117268842   6.259165208621772
0.23993254616505427   1.2602417264795611   5.113880063823353
6.504629363568856   5.179880787636513   4.436384617817341
7.031809803242181   0.8231916709165983   6.264563252054262
4.442209883431479   2.45589592943494   1.4835678483253838
2.023574045086451   5.417757956037053   3.116449470366644
9.053169125308434   2.806993628463   0.3781147914267189
4.06877394042705   1.3556525216986182   2.0407096269313136
3.931501742547014   9.885743421074432   0.2892780762834716
8.916063086380834   5.5585776608661295   4.456138200459527
2.9287645873771297   9.202025428883863   2.55810754220505
3.217749628763846   7.208609343414167   0.024368282304659594
0.8930302258514026   8.603312781135058   1.056195321079125
1.9894208648603233   8.880665290289913   5.360569206143455
5.863086946646605   4.104274672501334   3.6213196119969466
1.3268761323966727   0.5879500688607928   1.6227867392616622
3.592247420870281   2.8096775366171474   3.345411872385679
9.552632537799758   8.583022181321086   3.7970411044268673
6.449387051845234   2.037189085397607   4.5997408939555
8.339839497600671   2.277865638303823   2.15594619134815
1.4720208691254304   9.72774299864564   5.873570400871224
9.709731121341504   9.691109608605698   2.5379775454858655
4.939638196442245   9.443462937431937   0.6898228571586226
1.329497190602507   2.6047409196039317   3.029641601083716
5.924454656913196   5.837573755851497   1.2110467653167152
3.438711368240987   3.7540051686205946   3.0354317151779413
1.7503942490172093   7.700322865718504   4.362890702784743
3.6763288593604124   5.228809248724901   4.458440053383613
0.39584270154647266   2.3638110289301353   2.828267058967937
8.864305934689243   4.520768012888269   1.4990751918596408
5.802395615848266   0.8977290275502912   4.254997825130564
2.2905984386553104   0.6155234495717204   1.6997494522417191
4.331867395497191   8.809199582006123   1.08726025992206
5.648214829020812   2.6191842861986814   0.15100344346996408
2.7570608419700307   3.3220305980158114   4.542411637133806
5.09882316024575   5.38993160729538   3.693174253029819
1.2403898556660298   4.7357520098964105   0.900179767725683
1.0440354588852832   6.918647942176238   3.67282594452401
8.434357694192935   0.8475739139255858   0.4241043672122498
2.595456638382844   6.126612161685521   2.391337575840875
9.492384893220262   6.286355086179682   3.128989529067351
0.4518625068996897   6.3008922974171915   1.1248076723018496
8.17579873771448   9.172049402183646   6.132324106975333
4.029269207145933   7.743127435639004   2.592524951397581
6.571432311816254   3.088780686827803   2.4693318088501135
1.6847043291175945   1.7479419362383029   3.2113229040461104
9.172390898669772   7.752565438495431   5.502423536200339
2.448253720118216   2.2836823399480575   5.866359652297906
6.286620000276718   8.558143824782709   2.8239407812696316
7.534572454521414   9.8825532004969   5.89902292507096
