9.085737239957643   4.656163339118325   2.591399077702453
0.13468880094422003   4.142667365981772   3.248862553361862
4.305294188441904   6.127687518675382   3.9122490454671963
5.559935665611337   2.230722710804289   3.495948362773973
9.909974717906652   5.283522023981698   2.126341901419391
9.10439925395301   3.7679574553303263   2.751525587648905
8.575619281484403   7.941934047055966   1.1865089172728212
7.916031550280833   0.49259415405961293   0.24573997574005282
7.38354883722924   7.61346746744314   4.258657314371851
1.2582027372086972   3.531723569461313   2.966706404215491
7.829867912877131   8.431908399593071   0.10555155411297891
6.339639492043091   5.0626952147324005   5.676732873876167
9.580417847621165   9.517541979704584   4.058346913376728
2.2604760981419494   0.6884140008279125   4.2066290690712345
6.340685147135123   7.581161344884654   1.1567655789966462
0.13528777998989872   0.28615420184229284   4.540035891799179
6.219293150969038   5.989222253786067   2.314821668777487
7.07138155088421   3.0670467284922704   5.893420205597614
2.704947411575303   3.271452147477196   2.307948181148832
2.678594821376516   5.837893235140133   2.3799029256286373
0.9255419951949773   5.427097748799065   0.40514940639855146
3.801561372351563   8.383793197739179   2.883544308978856
6.963902862924118   8.840742785740606   0.7263130338626115
7.807940250134968   5.48556837035842   4.2602306829444725
1.11473106659612   8.101202865922138   2.2754421510073173
2.8576226168585697   8.113909791686828   1.3655705372073237
9.557255108870136   8.68008766976444   1.2581282806100964
2.3295584300404037   6.742997673768835   5.984617085408611
7.483679474819012   4.342991554889584   5.174809763584815
0.647908148271705   2.7448385638545165   1.1012060903257754
3.504369196205996   3.3852213891734526   2.7725419163980276
0.6908896316469317   9.198655623802525   3.5725433398053443
4.3275662213523916   0.7314398589594706   5.7768646388694975
9.834053799652219   2.9986185515876222   0.7988369200020989
2.820362563218261   9.064484204201403   5.992988495996351
6.557203228889061   9.897754666653636   4.228516724876978
5.160802349881966   8.956952371265206   5.896368103132684
1.0532795249154647   0.009996592048853614   3.6784840366975833
5.610186326679539   0.06436273502596201   0.11177684242353259
4.723631763564032   4.9785838584459166   1.9488515887223816
3.2669603758046875   6.787994824327473   4.706684296754671
4.515086220654194   3.1339575746070834   5.357072424866664
9.900076217630692   1.5307393367583222   1.7614499821492924
8.916049492822221   5.731073100944235   1.7515964161561828
6.354592743531672   1.744176510287573   4.4773585487508365
2.5516461610893786   1.9733390199710361   1.1139711299489778
4.5806841374976575   9.678408897117958   0.058959097328927734
4.022371630758638   2.1679883162980595   6.232502868714547
1.9754874837466767   4.0020960428825045   4.9962207605302815
3.6103353408323113   5.218246305211764   3.2383714543996995
8.776477960032969   2.469897106758358   1.3214291801836262
9.456564435003427   7.21740797186568   3.7693968904691273
8.688353565665313   1.2530191383231626   0.2997837773763808
4.174302018188841   7.299786304528057   2.495461725444556
8.450972325037263   7.096018289216881   4.667269156401839
0.24557702201515913   6.320925763585988   1.479277456133758
9.131491183645858   0.38835242051897473   0.2561545621372549
4.604494159921639   8.135980395301967   4.382731201905446
8.230562468512689   3.6988180205051915   2.9123511851395882
3.069322593725972   1.3416016492023388   4.237286879795458
0.5595143088967225   7.163474711741034   6.217157399555084
1.925233629295855   4.993442572234237   5.392709807336771
6.192407479386313   8.480555755601655   3.1898695493402847
7.86325233704323   2.637271999948467   6.271992112842173
