0.7774706179418167   4.795522101990287   4.347014309350418
9.553935116553744   2.6275312929789187   3.1197260258663966
3.8161051364182823   7.626567895395692   4.082661010523962
4.414916018930207   3.277997947779809   3.4274554576563827
2.2751564538935183   2.95910313052602   3.3349518191098313
8.502768733422288   6.6877290779210705   2.5424919179196466
8.551483769479022   7.604636120971675   2.1280737981706093
7.57099528816122   8.708049087187618   0.6925219891103331
8.994661171573968   8.869391489667505   4.567882557416538
0.9448076708568381   1.462094847064184   3.23601135411189
5.760715768773411   6.663309158001955   5.404573748319754
5.813669566086781   2.15067004118128   0.48465618003288113
9.522740198762628   0.10602283080865682   4.034064644287409
2.6026755348936232   0.9289708915667003   3.8675750443425443
6.036966329599503   5.578202996331478   0.0032471273173584336
8.56981855191227   0.7479081022272178   4.381754198164681
3.1708432609159534   7.028262716942555   2.3827884666467094
5.2035907529222705   1.4758123702242683   0.15492027501376526
3.125067098630227   2.9394712561895067   1.1842128075087484
4.9701643141473415   5.886846476661237   1.684417798061229
1.3016709415408656   6.406598237171038   5.532838193921755
3.480497950888445   9.01500703139682   4.623621425113948
7.004538461066535   0.20065185006353392   1.2234660093537184
7.1123295025583655   6.848772599227593   5.559719756464702
1.823947384520252   7.5056658648776216   2.652577908481512
4.129374937447332   5.65909046936656   1.0557292720946128
9.329338546014068   6.209070929575256   2.387211893598924
8.296873010006552   4.610514356045967   0.5751992430447381
7.804299603371753   2.0399741943381047   4.8372618471532665
0.3332459328258079   0.6633550789078564   0.8831382729529837
5.533009814915817   4.1557648429610365   3.121762276220745
3.0765514941573016   0.1762286617865918   3.5864549179202845
4.22255413136274   1.8100627516813792   3.696847978745003
9.705008210416972   4.5534841797671755   0.22433624332944999
2.4138040790042514   8.536066962311855   4.889028153321134
6.727006398872394   9.287029758268298   3.097875173879389
6.2721334470586605   8.178949715598435   0.4832264305147568
1.5827521119073957   8.725007080083467   4.65547947076157
5.532284987956091   9.37843474885449   0.4072266900035859
5.18080083489137   5.021334349211006   1.4249224928409703
2.300095410223596   6.443646673778024   4.979861121720051
6.972152488882462   3.1179012025463315   4.889419862116386
7.922491310470197   3.517579299025309   1.4734246877924562
6.8975142293107385   4.739169487051437   1.250542964865153
6.654970662923931   1.0778715778135965   4.799532457139868
1.1838473577356496   2.261565535609402   0.4835047901959654
3.9213139692415235   0.34776747321808443   1.2902589338207884
6.022804267751943   0.39869904306340276   0.0972038331748172
1.6906429347651921   5.542321183496434   5.6309691256577175
6.622844617764802   3.9177841852778115   4.0351309688355865
9.10698453797823   3.9733421763910757   0.02901003262517529
0.679089517514142   7.975719587294169   3.6174209341494143
0.03568663804569461   1.6035280901004707   0.29351666465111176
2.8240651334968594   5.237637333094398   1.8562063139707472
0.35273805370043343   5.933797721552289   5.702122822488432
7.186402731389273   5.85093197951104   0.9251293621696673
7.695785329726173   1.0612665373157029   0.9940143090540512
4.599302415786578   9.457928234029888   4.599350380166479
8.366031191609752   5.563781771872014   2.2344731466306054
4.928604911853898   0.5668055543913043   4.208260077650377
0.8244731110658444   9.202254517357924   0.381263846063044
4.219861961949158   4.419082928319245   0.8024615109883507
5.057911974291584   7.657404077957785   4.294178072245484
8.847418702728058   1.9252076377230427   1.4659970342580904
