0.02468012855735166   2.8963860330141005   4.683638901819259
1.109102888375121   2.722728317776766   2.2278884882895653
3.5284744555198166   7.189790575776187   4.329356262513543
3.4069040031192057   3.2406035651847267   2.166737110429778
2.901634863689252   4.8819402703140335   3.8045749218846967
7.856108057882008   8.669065999608273   2.6623862846706237
7.158295321881779   8.07375937697089   2.027471125425398
6.539370161897118   8.780949087494644   6.061488665097708
8.995069393155589   8.662656492350695   4.469366177537311
9.678301750343891   0.5372313831350217   4.032481992990155
7.225264594648413   6.213438376869197   6.174857223572813
5.041751482509487   2.918499075181878   5.845043884846163
9.82194361348927   9.66736949755644   3.423498208288446
2.082177482508592   0.3275301846151286   3.6070499306997803
6.178792988892742   5.7804300904004435   0.419509683693167
8.765155006496181   1.341044627140147   4.8341229208523995
9.114298207822383   6.61168926588014   0.9496197447374172
6.238004921081644   1.5158491726646206   6.180153869560507
1.7044011565620352   1.2937610670504824   1.6560574913326813
3.4625401458713685   5.799385621490517   0.5179851762373532
9.50571744637147   7.542926779792511   5.42623604132307
1.5159706986122463   8.105332393437179   5.017158007138708
5.928172614440897   0.602983261087674   2.0211117385168165
7.888497908188394   6.815358288783533   4.849300823687096
2.380537435196131   7.039419986574113   2.9434898216456356
5.209751638293623   5.686909744162654   0.5671521498003095
8.294648815188348   7.643495251900172   2.3246302483763395
7.324776526419131   4.210755717887464   0.9051830826303442
9.635783414757585   2.0366131928084767   5.004898686158335
1.1606110174952233   0.29029541628395056   0.2740158411453808
6.175912150556581   4.8184590781024355   3.820630923732645
3.2272927944361793   1.21378506182215   3.0810659680728008
3.5990534932418283   2.3502452567971197   1.4251562804389568
9.826889837107137   4.004850038621341   0.9359419903902221
1.5732977540637947   6.110388412939694   5.759641092986919
7.50892621186707   9.475000724836256   2.532151838435861
3.4540008978450683   8.532761841044554   0.5764719744258099
2.5497669575437985   9.302407148791005   6.024921564685486
7.2233140634995925   0.3032596427551042   1.7853879499803835
4.088300971372366   3.67616647202873   0.6097654111466193
0.9405735630185785   7.312988710623367   4.539213397435603
7.044440256592701   1.189861546040445   3.6293951563080933
5.841631912603064   3.2311643818719578   0.8217471066012076
6.554162296874811   3.786294500469338   1.7670798065282356
5.160116798657099   1.6475145326217584   4.684707312166524
2.1337961940910035   3.681392408424585   1.1124850039784837
4.618759813061101   9.499249263511706   1.8030962118119875
5.574371030883444   9.261975445972828   0.32266550272795724
2.4475222377717687   6.220721131038614   5.975812597599097
7.475828477559825   2.8105439655383297   3.890878090012864
9.277265233178046   4.710490187590914   5.5169229707111755
0.3061514405144612   6.37260580552573   3.6499463181550675
0.8963428631990937   1.500942438739021   5.404974935010413
1.8739716215905946   5.342329945022722   1.2021462911684395
0.7144556009944368   5.557193629620539   4.31378300679833
7.975734158433095   5.982852866337974   0.7500465753034818
8.092934600458825   0.7722507736715455   2.0026953433095724
3.6412942995889486   0.2539342118147777   4.0538142021031165
8.60432664898846   3.703029312908159   1.921923826951507
6.500512544777629   9.655518878351105   4.694345051466527
0.29842509557868624   8.015620753469227   0.6351023455682232
4.3409671438175605   6.063784061738593   1.8064436396778636
5.00283317803414   7.4153528836261104   3.6883196356876806
8.358401918621704   2.514899152588089   1.5646435075045066
