9.927512488442572   0.2733269276185594   1.5727155189987225
0.30464625212933927   7.970819591124291   3.3934522666521185
9.72002674562552   4.096018535477661   3.812974739609171
3.5513253753331426   7.530128271564396   1.163135901079885
5.482427331671245   2.9997767820736416   0.2219210844239856
4.695511854948708   6.880483756190262   6.0492203342692275
2.358935096125282   5.43776183186187   2.275742820853143
3.969397537672595   2.2781738548487684   1.5083468478742688
5.990675083128993   6.968438118839177   5.47120308495578
9.224875567236474   6.800479016199359   4.124482479482747
5.973815658093292   1.7482044707500561   4.945691114447085
5.578363868763398   0.27020953253437796   4.637267247984539
1.4723340118069852   9.482870666694415   3.9776398382252083
8.09345255584604   4.487183880010834   4.632711512591018
5.217186072658476   4.259679055193631   0.11610175321698618
0.1404135151330736   2.1574276889715205   0.14976619997027357
8.696591466042682   9.615559842568727   5.980813598081977
4.008207304697096   4.163922785504701   0.3026728406208734
7.523018137319305   7.8279633999946086   2.0755979903981836
0.7480658864919882   4.066170647959922   0.5250362870564871
1.3376579276042504   4.7131227288489885   1.0610910568801497
6.899449385808407   6.403959809149228   0.5313096354397686
1.7318438922537176   6.995445473596971   1.499812158378892
0.831528466601831   1.4389859111669572   6.181638810259486
4.771661193285895   0.9922521842917099   4.18990959417341
3.366660916102432   1.2861849701400154   0.03517486789804267
0.9909081814013025   7.340018841821882   3.8547893523957764
3.0408202093048553   4.127244233542642   1.2522117670758188
1.8258263276126947   7.806852784956089   4.7806549775906015
3.1232994114243464   9.94633285243498   5.284710405619508
5.309799951665887   6.083606743507825   3.8814701878945805
3.14587879673256   8.723617230619864   2.7975806435900967
6.756424860060814   8.239262675062395   2.2813812775941633
8.76312101768919   8.748787867181981   2.026155697444714
0.8869937540607182   8.72714249238755   5.366720872490276
4.566348893322301   8.021468436866593   0.2485063064984239
3.267079478044606   5.81424663911867   4.146689782067084
0.13953784414078274   5.117540921081953   5.127740269900232
4.288186142931596   0.11864579708592948   2.084147935677368
9.943737947638567   3.2416526045223613   0.8393143736179786
1.3233310202485187   3.161291240390625   4.9171894027607586
8.043850096200112   1.181933435946478   2.4562944852765933
0.49075309945963813   9.594129450053376   6.073743947168234
9.37456634399898   5.482660441676024   2.141529292953143
6.561469414176528   5.431149611526989   1.0631560343509447
2.9143068797208693   1.9948150868083947   3.1472046899218955
9.655298735098704   9.413834877645531   0.9691839349502877
4.681038041505086   5.057914539638963   3.563716750183764
1.9113920712287928   3.7865165851547684   3.8938691941327757
8.84727798863843   1.3385187912312289   5.320509840431367
3.4920943134733626   2.993186467885214   1.9147711761379287
6.5861419064426014   2.5343265171644136   5.7745914113148
1.9046917990167183   6.110628084593364   5.557423145759856
0.8569829755172663   0.5288044972609756   3.6116480407273195
2.6396382300221792   7.872344669831667   5.539056468073134
8.845506486141838   3.7543683504057745   2.378669946600549
7.750171472689325   0.02037913676879377   1.0603286579893154
4.989263607554985   9.356280398705104   5.2582545255391935
4.057732915439522   6.238030679030525   4.58254415188838
1.6608054972323423   0.3582183892501465   2.9250395894044354
8.245092587900297   3.122926291086585   0.059769815059719456
7.340140828779333   4.0577898614381835   1.0019260827771261
8.01184639577722   6.110936296208393   5.196482139592121
7.874539045915475   2.3341078207852335   2.6040411579690406
