2.0445253408010253   0.8158674983365672   1.3500027787353424
9.755314713760155   4.984570259266361   4.070691090617716
9.531749188959608   6.046365209650121   3.5356964738335854
3.201144767313203   8.939514506674215   3.231332707270932
2.58908699947683   3.6520303777265997   1.1551202864644037
5.639870956893581   6.063653547905999   5.944757296183038
5.458770463358764   3.9637811246209402   1.1538015416739207
7.514226724152133   0.6909355054052777   0.9442009168800186
7.426343257023069   7.456550011736291   3.3182764772718927
9.259243131713056   9.467367011038952   4.200679475501613
7.517197197635385   5.836483619048988   3.711247096510863
3.8630440422173713   0.0800312870175206   5.444895190169636
0.19850037562823125   9.100338322866715   5.529913418686725
6.151977487926084   3.0804867344133546   2.115320122401676
5.8663666598887065   7.702267462228315   5.493627765026242
0.18025163653841647   2.901836265380414   0.8249739793530229
9.241674538241073   8.495247021640994   1.2394809149482497
3.810749730898745   3.043243433193905   1.1751817415354249
9.96278925042853   0.12211761958867662   2.5142867474669854
3.3557056093797053   4.912040622792691   6.231366838083949
1.2625110218652194   4.934804998228382   0.23066692894099705
6.319578898686217   9.561368969029312   0.828122796136632
3.438661344699164   6.011332941060392   2.1395122053229882
2.2988892492594126   2.8111154498579736   4.62450789640278
5.290995497689977   5.117297887170031   5.489986743081442
1.3750158015574916   1.9113564207096605   5.232763300638795
0.5557800777573216   6.966870236569275   2.931520434141356
3.6285804696875554   3.910398411735443   1.6234089116953625
2.4687713259361703   8.055167243245462   4.685570101098655
1.4738447947725724   9.029089735370315   5.265436731528026
4.575577331187023   7.331782766868381   1.7623521984719142
5.046894628659145   0.8650142903031082   3.391151053667846
3.4047239301089127   1.7589741373233072   5.704429257571311
0.3448671530072982   0.9439526538794345   2.605040489593358
1.3056542411459573   7.799579757855977   0.02876333907907916
5.475981962711685   9.408354287393529   1.1906167998670876
4.58389218098493   4.632074871788802   4.76222589938886
1.4124378869693175   3.769069355482071   5.309661814893569
6.184516338970322   5.125893107062635   2.3333076141973574
7.887745854054451   3.8256148985647647   6.138692153127882
1.2118341787639682   2.815356832481061   4.347180042614008
6.7484330465635916   1.0443265677482225   3.851538781687569
8.561244716845744   0.8044832252640635   3.8565852359128465
8.545497163276183   5.045157738736163   0.902285031115958
1.0771723294891964   0.17736627186755333   2.852271327604117
2.160104757262251   9.827051846189514   3.445350212370271
1.4435349747756512   6.855740860566706   1.190562680289884
4.610887976445889   6.480657040195323   5.584122174610023
3.248144521008802   0.7032358891300755   2.9314558903988197
7.1241648572747   2.7319520640101373   4.239225851959248
2.5049691145293713   1.8439929783719413   0.028991435544143934
9.349938150977536   3.286355835274673   4.717255199330057
0.13789956897970823   4.064874286510819   0.39433493629033534
9.192751165039216   1.6707923833205713   4.435516708576625
2.34846359698124   6.517892284088656   0.5200096032263408
6.426286054448223   1.8654953734603539   4.449154546343566
7.524704875419499   8.972200802580208   0.9621441638352342
3.7846444488463584   7.066849577392203   4.328439900335018
8.397739280980144   6.0045533016191905   1.460830793938458
4.042896358975285   8.55492900309966   1.8348088446357482
9.749169481727412   7.532635167409527   1.4680419883654185
8.27509450780462   7.524663160769643   1.9455752023258377
7.962030111173861   8.291672346583207   4.7220308862405425
7.443866615294799   1.7563548933560083   1.463005096263154
