1.56498033995463   9.717414296662898   4.450830716075861
6.86831018384408   1.541048156616818   2.3819444941514565
8.571949690750627   6.069766654407523   4.870509912868721
9.515265924239065   9.200741097409958   1.299237230492537
3.2965411166092267   2.7478266412966184   0.5134189777039313
4.746686206431682   1.6863192208830817   0.3300153462127371
7.380132552421535   6.566068307550462   1.5915877748174856
7.965827086658377   3.703627397063351   4.535242057862463
0.9891479129819423   0.42360445947393865   5.948729745959974
3.2632273079919427   4.958232657020161   1.1297314601459743
3.2693153881501553   6.192557124375956   3.560936743700997
9.662744729148045   1.0769266921944438   1.3598672525532098
4.114578146102567   5.352841910740473   4.843022868709952
9.816174609028927   7.847379460774675   0.6475546786586811
7.684100268082604   8.153911840149465   3.3590631484844415
1.592765295899953   5.5614796781572675   1.512828031923893
6.330674787445027   6.880186235291108   2.468172834833171
5.074732417957274   0.08636778437280579   1.1540818868699607
4.370680478933895   0.3351136793299679   2.5313216186714986
2.2841447437330165   7.702703986401142   5.855027421886983
2.350382724972503   4.045143923909607   3.071648402111621
0.3839695526170094   1.5111302997164522   5.900830020861029
3.139467937024021   0.01403869367302324   2.573517745882908
3.3949843391106573   7.544594025677219   4.498737993572639
4.773765361014851   4.465092810193343   2.676059139539126
5.930207848894726   4.432237488023819   3.564047468065611
8.053434449776681   7.200477797873455   1.8427978323683507
6.538347581728076   8.683184620971929   4.4307029030217056
2.940271314723734   0.953452420848606   0.5678061389814635
8.09788072825877   9.266905321808645   2.480182443409882
8.220948258025507   5.336360031878527   0.10175186262027722
5.362295241747746   9.400843850860772   4.148953488877258
0.3620921743667195   9.178229574592502   4.91120897361071
8.809539564162504   0.2101761644968616   2.199842864941983
7.027456558111803   2.399704328297688   3.3588753455796354
5.812272720688097   7.54286987815943   1.3654065854465527
0.13806013360295566   0.28974803670725646   3.946346015830777
9.515291802287907   2.7623731894976626   0.00121471363313308
8.074823076294503   0.8099834193250364   5.948217953458893
8.607865704428324   2.892021986750362   5.927637562948812
5.72257820001031   6.284159089244264   0.5955301634180521
2.4544210325525873   6.716696501163007   2.230480054011914
7.161968947987438   5.663667801850791   5.494693329516426
4.456355064555577   7.692058466711349   2.1973744767237986
9.681859261005759   6.073821290606033   0.6622832838154497
4.000963414542732   3.6802430193018383   0.45359145480716856
7.1406058650156705   7.374370574785369   5.46984267600809
9.091889644614406   5.366933032734429   0.1648284208401778
6.235757776717296   9.956250193884433   2.88282189430893
0.5491300729402974   5.5154323668680085   5.958830617689824
7.727018763833447   3.0400051302603335   0.9494505607701473
5.275572687138885   5.440566749740798   1.0242399383830225
3.5018646653023637   8.25561115051587   1.0940326256311401
8.642830578583638   3.8487981742372774   5.909482495751258
3.578910660368299   1.389607372870787   2.274846406112871
8.782893398482408   8.259912954205172   2.856366450453946
6.883267139850899   0.28042121167924117   5.850959612096244
2.30409658729377   2.9903074341645923   6.138725571804545
5.936177588721159   2.3095168370489745   2.4178459452501184
5.116994169243078   3.2039093536580676   1.5464523479656056
8.163042638785072   1.7222743928459796   3.031671786479706
3.9244453905767744   8.87598103589166   4.808085224199362
1.5204824931313192   1.4746415375749893   0.2120334329458376
6.653350246094526   4.818545599515442   1.7428682351836366
