9.191120890443509   0.9576501920860658   3.124211975434478
8.288506166894702   3.1766731023032633   1.8597179962507009
3.537094781689759   6.646873874713546   3.849479072605123
9.82196982360325   5.246744553031057   1.4389670731219069
1.633734057299487   0.926819207347271   5.519105349996064
6.3968442036121935   2.2078138389440656   0.8200766353784843
3.5021967796640903   7.337111237481566   4.761374478812614
9.276882292864924   7.803635821207304   1.919035616390009
0.611313267119632   7.990024430917538   0.4875944977793364
3.0345609888090417   8.807373001568694   2.6109839976908784
9.831125596320911   9.428884412984091   3.4862826103033364
0.1643795122640006   1.3021458943642552   4.18402382430591
6.051721052706948   8.071780765969907   5.014114783167921
1.812693809263343   7.944007484594184   4.245750828617825
6.2976791327277875   9.156162076285792   4.889343104872464
2.595943000847167   6.969571983035278   1.458958510204013
4.18654013877238   8.36355340504023   2.5134362783204915
4.097208417312301   1.9903672500834808   2.3088979109498773
9.572520546679153   4.165331294006608   4.208177895296685
2.221138452697273   5.13809885772967   4.102947740580514
8.334005354003658   2.424118768514129   2.031950645217834
7.114367849915175   4.645771943233067   4.696967356609349
0.9733695271975215   2.9394038099681956   1.1823561572341805
3.0406065447857524   8.004935846028056   1.783288735429132
0.31544146715079313   6.940740543111426   3.5486593658428283
5.75625695050362   4.882174747911494   5.692391161787574
2.6287344437702838   3.6322843623027503   4.098154335375757
2.238805454055631   0.325761525485922   0.5249538300207408
2.0875750634179164   1.7999154464533769   2.2886483259374675
3.14870376433346   0.31462325621615667   0.6809275583252877
6.89508433789622   6.127455460605139   2.509278460169198
6.687673399014868   3.445115916872417   4.877003749908197
7.920476872571094   0.6158056091173623   0.6026658098324053
7.862880538615395   5.517622157282716   3.942849524496461
5.6607536730408095   9.645779786066049   2.961429882591773
5.8644057799767175   1.2675675767897159   2.4183405577632797
3.963869323081398   0.8658603822710095   4.422234452731109
0.10268444610544591   1.9498863220465024   1.130469128431262
4.212345005806707   9.475815750692119   0.7022150217056032
3.547044322520717   3.26595804272697   4.356593345899054
8.21620531808127   9.693196077971304   3.243114699445623
2.7080302907518616   6.249963849683954   1.3560727472717362
1.8547977239066977   6.46372366505855   3.0562316607014774
9.933029082763088   0.28147203944155663   4.49628370060117
4.297118223593159   6.197349250867644   0.07825033532188173
5.777866410764868   6.208317917679158   2.6859644071800775
5.965172826454893   7.068491421380196   5.425023764476553
4.682467215054357   3.1740484048104545   2.078225225621015
5.047504426998258   1.034540914037386   3.7775667548765393
3.9822237528052113   4.33568435236161   4.239268270217614
1.2363084972521445   0.0012406350684445733   5.3522320611333685
0.6390301451685192   8.950680941091724   3.174358776852247
8.730103358027982   6.3911595960746865   3.2488750642624127
1.2175195082683952   5.655975511504626   6.176997474700314
9.692013697687875   3.1083611826196966   3.4781688092763217
1.1553063585300682   2.1617150738760222   2.447300003689266
7.426619467808681   3.870166141283258   6.133166634278064
7.907341486098106   6.593146982083365   2.99728754749041
6.831441227749984   7.098119723773165   5.457283594823219
8.681521951347541   5.260192493904855   1.5248724118281944
6.740852967307658   8.563654164646886   2.636449633460876
5.105771343495113   6.418134246297045   4.316014644925295
5.489567502192395   2.0214282235282597   2.2596523452011876
4.383275130660846   5.179611305123243   1.9844599277781239
