9.654312000537704   9.677002587451664   4.154782076890255
9.761693458350587   4.029395554337453   2.045464251548923
3.1484916534147898   7.1888130224976345   3.475249163846179
1.4930077559819335   6.958705500632431   1.5678116578780976
1.6598978329290657   9.090939841074837   4.310280934960854
7.2398754726861085   2.8408795200052337   0.6642692477996732
3.5315980263889646   7.821253464179036   3.5666641390319507
7.920706998182435   5.435013436464101   2.4575481222035287
9.910044206584331   7.246942253725708   0.39870639705583566
2.731715931583226   1.8779876000186917   4.298474274318164
7.012987499168827   0.3030277846117066   3.9143682307357173
9.73806779064602   1.9618563180009063   4.555602337574194
6.43930243248533   6.991588179927464   4.505885712376069
9.078232672196698   8.402430337610474   4.26091634766318
6.0007480493935015   0.15728404223793896   3.4626446334054624
0.044554335084449836   8.68062666343115   0.8116915392426651
4.024482415691251   6.328433689732107   1.942939642326309
3.6910048241620323   2.4081173371442346   0.6932639248829571
2.839477140609258   2.770474120360367   3.1037121294102072
3.286428609226329   6.366199310609504   4.746551647660041
7.987300912711689   1.9949626782950742   2.0791922646555028
8.981213653313064   5.32804707011807   4.621183157934732
0.8863398392338052   2.435237563932162   5.874806645575723
4.009229001026687   9.722828862316426   2.9390403422274964
9.31008429864827   6.440984105501449   3.5475606152338335
3.991709818894366   4.1707287457303135   0.2689961612763706
2.0259074786141813   1.578027277566281   3.8685114927185476
2.06081188020044   7.914529831828768   0.33788126632820215
0.905799243149811   0.8566517489060452   2.605540480595057
4.015589706652484   0.6040873219685206   1.4103084461279427
7.25105277733589   5.990301646956183   2.5847999099661876
6.744100251881346   3.7424823932356674   4.581958679994264
7.088939521255404   9.274860772968376   0.5529063048084923
7.751899656394365   4.793514670308894   3.679099173411297
4.816176037995489   7.237690172295945   1.7199162224402476
5.1238654597001805   0.6126237413219751   2.6580093886739875
6.804512591186783   1.7765150848274147   5.774454862399638
1.22231215446432   1.771582148095816   2.4725733272025923
2.990755570611798   8.719510629801857   1.0150010135695227
3.6007161030387937   4.981976825396282   4.273881564815993
6.38572650367085   3.004993901144405   3.0406212497235883
1.1467659499510914   6.2056995340251655   2.3278296722827037
0.7014041599232228   5.623602538623864   3.4033078861841912
8.70088546987866   9.307280757897388   3.1373864947475294
4.793396458403651   6.171782121440515   5.273150663538354
6.195394225425874   4.404931192583494   3.2905598108273484
6.9128926850761765   7.965889442578644   5.370216474995708
7.406395631383598   1.1233285512617335   2.093472822550302
4.6338940642701125   1.6485433971405472   4.196064730399865
6.308690302063099   5.549273461769071   4.659050322513722
0.2798060456486493   1.4791968904652173   5.6185667817782585
1.8147199040285096   0.4407329021944286   4.1021625476704715
8.785824688478531   7.807943406865108   3.533802295067165
1.1884950161434702   3.2290338353200054   0.11994729167497091
9.137679325849268   1.6028557703442239   3.8256410641452048
2.775638938584634   3.7347682530951727   1.3167808426737313
7.796204544579243   3.5731756366100393   5.926183266288296
7.744352157432323   7.059411978548733   2.7736973661324082
8.385661402075492   6.516905710570212   5.419523374762065
1.672954359253919   4.873835454388533   1.9808609233209675
7.92941935800557   9.524048963784617   3.399844003370582
5.835918964713957   6.175856133279593   4.458404664170704
5.838652813449039   1.2908587150577517   2.4820463016989915
5.264256985025439   5.462635405629967   2.31927509326791
