0.6629414078781581   0.44461474251153   4.351841512642735
5.263436611157504   2.294209490194676   2.8908081623161364
9.468785712906103   4.057767595380302   5.5233625506790744
8.44140918618151   8.698099988441792   1.1913922833492423
4.3836634440408835   1.7826616127507968   0.012013137649444339
4.28459766542669   2.6139533359946676   0.5322757124475569
8.804928532322482   7.934194373190358   0.8127633594992624
7.588850179463669   6.189087109293423   3.685975409851679
2.7874042246180633   0.9672193020879065   0.9213336621945863
3.4144390988722226   2.392211172159673   0.2499844320678964
3.6050236091492467   6.772367771541784   1.983593123155311
0.16103606218876715   2.2235403605127577   1.257584360782153
3.176567611491273   5.359091137330226   4.775953467599005
1.2981652888056616   7.824579132422295   5.525819794494995
6.815781535651948   9.695796015194604   3.7616721440149474
0.5226608531353911   3.4272696764387414   0.5507014127904155
4.688321671148572   6.076190834900486   2.953594822586729
2.8090284489070547   9.925872157584735   1.3028601534909319
1.39571354195259   9.108001963598733   3.599091521897386
2.87639330907548   6.392415269739441   0.034061589313718166
2.3505885207849397   3.490841736484934   2.9647775688408577
1.9412449804471714   1.2429846899310961   0.21509040106551852
3.565719055916001   1.080603805360767   4.035209941235697
2.3134850402713205   7.948465041192481   4.518410933597486
7.759531626561753   4.61996408827906   2.5710875264213016
6.638453410447619   2.877813045103793   4.59910633534683
9.545519737943053   6.385352303164727   1.6908953921835632
5.068649253088106   9.280605370755968   4.9522877708697175
2.9174999818095295   1.9682420373909655   1.2131819406848567
7.64248756681009   8.898527858421721   6.0356499424349686
8.823032565040823   6.068828786732574   0.1553494832749694
6.086705770555198   0.12174261407580345   3.9175780584059074
0.6541341997282659   9.243407477128269   5.978156805237025
9.725930411658137   0.606698777762906   1.1395385301814793
9.082917267727074   2.0080642019708246   3.1913919089150355
5.815119348762758   8.207754193373514   2.5175847118855703
0.10692432352656   1.287435562024577   3.814925627201492
9.767599995373326   3.2333449746982117   5.657139034268334
7.344165469048662   0.37548723329524064   0.0060226806474750205
9.037996670439451   1.2851911495928212   4.864610282913726
6.491170477124928   7.74936006467793   1.0636269963180973
2.285968352672948   6.169231321189907   0.9066261063413577
5.730499228910513   6.408235976534906   5.750510273391507
4.594429542359151   4.896944312469444   0.9363215620067716
8.14068472679719   6.703561056243396   6.273996190094832
4.124630208212509   4.144417302557855   0.5978875367681548
7.202581762701157   7.038955562366867   5.546186105598373
0.28801056402711633   4.721775369169124   1.2703344431651136
6.120277293421506   1.1323868559788752   4.564231070066809
0.39086669769073124   6.267480681618657   5.6804628802094665
8.54230343571987   5.131987771781354   1.397115906942388
5.014938491239761   4.106476832502972   0.3499079540095525
5.221592903932713   7.646925063086051   0.46882817793568576
8.561070495670752   3.7648768955376033   5.839668123490142
5.105787003651076   0.8549517200584649   2.569622763899964
9.780296849792306   8.30703038293261   2.759615516059867
8.319541011718462   0.20401932992813543   5.153527454112944
1.2295237082580734   2.7740645323373796   5.280999240599111
4.928723784798248   3.1326735420169807   1.887708911726756
3.733437662938391   3.3221971298672623   0.795363860442959
6.359356687361715   2.1841679439413966   3.9462904691067813
4.374994554335908   7.946853555972241   5.441916919673425
1.632704130804157   2.073571170179659   0.5960594666428862
6.788464290174342   3.923394286384402   1.5174432620913763
