7.116420482781658   8.003942152916746   2.560937014725936
4.125864658386248   3.9797295070380243   2.967129942370636
5.249592806453472   2.6136088774208424   5.368041930350361
4.53136652059789   0.06409124973079372   4.612187028431715
9.494792851844108   9.037058809434212   0.929876423808919
0.9517654273657074   6.133625942780627   5.31399392680239
1.6939818006115466   1.3150391553997272   3.5768166225110902
8.019272093510454   7.847566036526194   1.3081774353305986
9.314764616685979   3.8075537255145115   6.058497243439115
2.40505834086141   4.253774693040425   5.449819395924591
8.157457890775861   6.742322820399517   1.2584719984102217
5.711792649595788   0.6562610675598021   5.2288539312106055
7.742895126815718   0.3135801229567272   4.038924097630549
8.07531508810339   1.8607279726599066   4.741384485813095
7.231081801477697   6.269597561399472   1.90854378213922
1.4295697578576485   3.666141630751278   3.603185152523717
2.9383991027063714   0.2103860170701734   1.9313320884491483
7.952117939679019   2.670922719556377   4.652159193146662
7.024471490007898   2.1821124033388104   0.4071252531859079
0.15525821346765817   3.3702246686627646   4.644879575058001
8.530033446366021   4.231898818977779   0.11264971133985507
5.428816480913863   8.420025143138522   4.9427130495739275
4.948541848809407   1.7330917249086482   3.468426921912482
2.4425129755602772   7.063857566358978   0.8155025837169156
3.9289155458385494   4.9303496768593025   2.44430386002663
9.497337069958991   2.1258154004497722   2.368359331707944
9.54563289447538   0.8012288661563163   3.767004335114054
7.358858403118141   8.91945182520889   4.423780259774547
2.561281452293049   3.02098813000099   2.0205273944766526
8.5879362148663   0.11187383192003963   1.3866232658717665
1.8330230851235352   9.58312156098801   4.522325532000974
4.382870257095268   2.9179385523489003   4.592914858711706
6.288216558011392   2.7016305149070385   1.4152721073432166
1.8564468195812123   7.668002178568443   5.965435116010578
1.4040620372301873   0.4458260970779809   0.8329456405073881
0.35161740692585064   7.38877469918019   5.885474500477047
0.22332514925253044   4.5077810752679355   1.1975601179392106
4.840021000570299   5.0728332672305605   2.6123879080541292
9.543003946922186   6.018708283267158   3.601643952792503
1.412549172528793   6.867161495203674   3.9161703516078963
0.9911666947735301   2.717994820074769   4.863165304508532
4.732326751977338   7.044204428704816   2.3369626935863566
2.3161979391804195   5.6211633081441645   5.153092852433456
5.651505086057494   7.150404120036207   2.48294236157477
5.496228845168185   6.178421498388765   3.082012514658204
2.6142117828917595   8.090000115852192   5.770328799302935
6.515701428658765   9.68313227417494   4.736375558046961
2.537756973452633   1.4679821330462748   2.9753812415689427
8.443674582428176   8.996733788574787   4.969340319120337
1.4451310331914748   8.46026318102577   6.0383797463025894
3.6451714345406168   7.917359752864256   3.854749181890602
5.813411072434924   1.9630900715066546   2.231668179201002
0.10676614747447705   8.233478745634564   3.5277072783399555
3.650943949686563   9.122592911858575   0.5738873271941006
3.626566672739095   6.290750903690006   4.605405326765904
9.083990407745114   2.9371591178477465   5.769482116575035
4.60704538693776   6.033173237085292   4.073065338480504
7.247779972782834   5.2128977230952005   0.39605403247748283
9.182148177293753   8.182856331669601   3.726017628302971
8.684836126981779   5.216696459972711   5.1039441040872875
4.179172586180519   1.1758337812008413   1.3900337306866455
9.176860711483734   6.977105658808768   0.6496629306093892
4.421280601303922   8.232097989443808   4.792313975730178
7.770506890359176   3.7367431514620684   4.655707003804645
