8.133068639913448   6.81643092527029   1.6553120251349553
9.894682379863099   4.049584585739884   4.957992815240858
3.437232937748818   7.09617937034842   0.23576307854061102
5.506978872983562   1.9045880629394776   5.855867443461037
8.45290548309716   1.2153367596343907   2.0167091245346476
1.1073214725509888   8.143186305032122   5.119891217464697
1.6942309972422316   0.006767047861821779   4.141908141163812
5.703620408862086   7.499417905937032   3.8065775520210083
4.967383991805602   5.819224893622316   3.9704544596742886
9.419169553377536   1.5784454946431696   4.071733703038481
5.696645512510495   4.415666878905515   1.812709294235059
9.287850699168628   0.4976702255068043   0.2893411804645803
5.867121989539896   8.442537386073859   3.1144976913010187
8.45222473156358   9.678878044928112   3.225978489812967
0.39786437410988956   2.4708628993611264   2.317178650282133
0.1984754682706349   7.593803013213327   4.162087170184798
3.706576668517375   2.4506527766507986   2.035660827684972
7.1182667726596485   0.9696248028568123   2.40545925499765
6.583028901581235   9.043024799364545   1.025338988101762
9.439486650590752   5.6803799542697355   4.841241701948391
5.734191533692678   5.422561530918649   5.952045550153121
5.193996847875728   0.8831065346558064   5.835183113333767
6.119989707605249   9.800149246569479   1.4621017994497627
3.6275398256409632   0.298975598445006   3.5182466279758096
7.970750595166873   7.734209597892439   0.4241837853597505
4.472600347885152   0.30081267797960953   4.0098992241205185
0.40141920465503445   5.213021017574208   5.048868887747756
1.0824288119696277   6.965555522723048   4.554195365938057
1.3418042413541134   1.1620364393717535   5.346560478027815
8.119498581625855   3.2150777973639   1.1604541869815375
8.908512716015482   2.7129731194059876   5.25209816704341
6.820371195634898   4.681388120250287   0.6571423783878397
1.1122660067031445   6.006743477149639   1.373940765317941
8.524344286424677   8.834914969376122   2.4889805691207676
2.6605615097128887   6.442046786810606   3.8773355269687895
5.297498303031769   9.893832074141363   6.135249471079176
2.2040065983115227   3.2825478703466007   2.217725314239706
3.553679971879106   9.446438317236765   1.6837246199439355
3.0410794658494478   1.2276813198157632   4.033346661570517
0.4932257244559518   0.7632463205011224   3.066340990674726
2.144038309759422   1.483015229568122   3.549167208572507
8.096794170694894   2.104644747390895   2.129956771465223
2.0635322842482435   7.485370940876876   3.886764727191487
4.589770180346433   6.976172113064332   1.439671381432358
4.932524581994737   8.650952723814717   2.8988532467415684
2.6930890737703477   8.339249421940757   5.768040863784377
6.259277188149026   0.7900414617104367   5.803617860915959
1.831938836360387   2.2509831948374033   3.8837204400898138
3.703374646143304   8.431956416785388   5.19909091663357
0.9356067412915793   9.483526952867148   3.6478622479921934
1.7381869336817888   8.820942016628518   4.8699660325964595
8.520236008866947   4.5937229030818285   3.0326112469548043
8.735907695865484   6.17253028829944   4.018212791634205
0.10390482512488108   9.679196543458675   2.0784623331914265
3.7658067470639276   6.034399916614512   4.390398436362647
5.011088466948716   3.522976876474725   5.6779731454787115
2.701907990700251   5.308961295745387   2.4930579639546275
4.070444522712842   4.923799935531352   0.9087943110645471
6.629870966867013   3.4169566570840617   4.399703389486123
0.5664598073677967   3.36425241439745   4.090675373809634
4.90760199671835   2.5898999997780603   3.0575844254967666
9.530782611073189   8.375047155166671   2.058683346147589
5.846468858321208   2.7925959409928116   3.191966598254249
4.027677739204006   3.827326071196299   6.09163893171324
