6.472050877689721   7.760676724182436   1.6651047807867494
0.7253637489325802   3.0084884630600435   3.9449497484000613
4.789705569648559   6.916257310859601   5.812167422090289
4.320918048604093   0.8439596985194311   0.7478835144439441
5.959792406230789   1.1580439859781664   0.747604509848454
1.6029382365660123   8.78370675089601   5.686913404050112
1.5619202569504187   0.8790045557657202   4.682943947285486
8.553324053843538   7.954094852672523   3.60316643466616
4.708879859671457   4.224002511565451   4.560827221158542
9.716971409958248   2.038357335943158   4.957437869443246
5.7821155012518695   6.288115109525726   1.49667704767768
7.879839763485633   1.4543813870247375   5.745628069758552
5.078048076212375   7.927910695960864   2.511178846242267
8.665503226468283   8.984886144235652   2.6961717214203578
0.3554175750721379   1.1335285800366524   2.1759707185867168
9.38004806731618   6.666969105219886   3.869244846271135
5.672433298370986   2.7164870127351883   0.8665675899518492
8.44278875825286   6.51611946894526   1.8267838647486627
8.05040449831172   0.5602939582571138   1.362968873127817
2.394204478321026   6.548317490178067   5.374649827846701
6.58913579525496   5.342273214225242   4.373922219688918
6.320166079917275   8.93684096935846   5.858520957898842
5.542732805976802   9.773114407176203   1.714113173030516
1.0570618611000566   1.9660037284627214   3.3515873573042185
7.293400719695516   8.447147315349024   1.2571500317846378
6.638347122650816   0.0676807978308478   3.7915306938795794
0.8462431616018717   4.173961234704962   5.059698914483847
1.8462697709810136   7.953412813739186   4.015751616453081
2.512886925243731   2.2485330450066434   5.077051448248249
7.40311159709122   2.6140775110028676   0.38763903453018245
9.157223758517231   0.6516400336147529   5.561946173560705
7.448750130536302   4.865130097828235   0.8012465858444031
1.148938496673007   5.109168789938268   0.4815803526591129
0.691269286322512   6.788994243114821   3.3616306038589685
2.911865249840837   8.60801253798786   3.742889961480725
5.090180826047525   8.745886339337726   6.0386227260663725
1.9461674628312473   5.192153038215068   2.491398353507622
4.670664140342892   9.86979271163388   0.5836077937278322
3.304224954958668   1.22834266227344   2.8663247075878453
9.811619843380996   9.762175306408368   2.9908944909707156
2.64604591249116   3.825274373562266   3.86771297331285
8.293794203115691   4.431200575440946   3.061488891963987
3.8093940119722878   5.557866582452789   4.629137139369877
5.955896898485417   7.107015909179939   2.159274266433009
4.101629118984585   8.029230983503387   2.975003213680553
1.6355868775215159   9.850439447128798   0.06860218217330008
4.816422302677124   1.920564322948524   6.0707164843628165
1.8473445353538194   3.338231661665858   3.7543342575965784
3.481692956584571   9.322439975984041   5.007149758491318
0.7157349215074122   9.90035856876421   3.574328311528442
2.7263330454205428   9.668322752403112   4.857361090592814
7.245221459352494   5.892037379346713   3.6426230514408653
9.023882373882088   5.4316610131668845   4.110195688967995
9.328010628059397   8.257033754644704   0.9584024642920902
4.621919358135788   5.910868151947774   4.202222383662167
6.4094091121149095   4.27221623661897   6.227419225988742
0.11937099666256579   5.694415497410992   2.8129171771691523
3.901345460970827   4.5702018457027   6.27127099247419
8.396451796851542   2.266860137342918   5.061985200881939
9.395554405500537   3.4096765169301726   3.8152250394652794
3.4674718023451314   3.7573108601320824   3.567727867653014
0.41239648171744314   7.684918179387718   2.328037089971961
7.238322250215575   4.007614110591595   2.881559055185185
3.8902454169164327   2.291146715935535   3.4855152501072655
