6.536038781429916   8.075776950081298   0.9699914382770436
1.6000811882591974   1.1726297529299348   4.8248888899821685
4.321267394251777   7.257032184123678   5.412996403110836
3.30814459159912   0.11580226626214432   1.4692632638956635
5.862439147965379   2.596978092650172   6.113889506104495
9.26231962311594   6.65097559703406   4.9886931816491416
0.8168800367022991   0.39041153187225897   3.714451320224636
7.996473951856703   6.87116896045206   4.112852277822621
6.115147545325977   4.866903666643861   4.775428185433149
0.7416196489384477   1.7405859717120493   4.694727946397269
6.876923428700827   2.651030488954009   0.9850124030265555
9.573218843860444   1.597931232164553   5.1859442766071195
5.5385164564795115   7.971876452399852   2.172102327314034
8.41185743933825   8.737021919107905   2.18410466304283
9.824467855644961   0.38318497185737355   1.457856205161762
8.80556634413035   7.665281029467067   3.2178135359218025
5.307431137602098   3.569576092956214   0.28794706317277374
7.653024052425645   7.995805339568669   2.300532255314151
7.813620845786342   1.4700119814733976   2.009048655595178
1.6420006250712684   4.946373717503907   6.113568923756716
5.576007746988326   6.042127660752188   5.084063062736245
5.64144458142391   8.870227396587264   5.804784591925279
5.828619098287875   0.23644152142722263   1.4553127505459327
2.101658910312623   3.14888182344197   4.995850953425781
6.876779023946411   9.055269359678581   1.2246423551077936
6.776720999307009   9.878445628991141   2.3340772581126283
9.661889118530558   2.7230031678212736   4.825659896833235
0.5286430520488464   6.480095033255344   4.888578340200046
2.619261663357768   1.28719442400484   4.533399306100539
7.3320018341431235   0.7305623276152446   5.826105661573489
8.967225569295772   9.572205160504556   5.43918140564189
8.23213871179372   4.64469934078677   0.9367883622903843
9.94225692678105   3.560347738297728   1.0053639969947028
3.0714138244330718   5.394115044283766   3.4999752490993434
1.7456466738705179   7.448984784970649   3.9228457214213965
4.872842887808895   9.246718336102818   5.465264686819866
0.8914821867834128   4.53628807041294   2.378176158456367
5.271366377919037   1.7054869068694085   0.9214818968186003
3.6669812350475306   1.1694498009749785   2.3832378810384833
8.105482357337525   9.746127157470202   3.157125896178187
1.6772775869453176   3.8962936434748383   3.428373112323497
9.15178765460728   4.5933032596164285   2.8591322471373695
4.541129400059491   5.379992597774308   5.396300120311331
5.920356284754945   7.196965263917296   1.989642749079299
3.7659090661930072   7.921935627451456   3.4778366588134477
3.377501014353382   8.895655741377169   5.933628108204541
5.00071395109156   2.7738888287770695   0.021551867827874938
0.8327215869325133   3.299562383196549   3.799554900290074
4.4557710730964875   0.5204372008665534   4.365812236786545
0.832105901871812   7.461990330503825   4.098127612367424
1.4170479263431273   9.666709283502435   4.842255196371585
6.894373526430602   6.997716333901559   2.7240407315130897
7.689729319882681   5.427508832761055   4.014152960857981
0.11304458725214594   9.162860909035802   0.2766027965382092
4.003418519706091   6.276189595006566   2.604969024404015
6.847441131239682   5.36576303529475   0.45245166626817185
9.93683326915267   5.4292887464462405   2.9012693788307633
3.0546863770317327   3.7784014259008827   5.936753386500738
8.622456286749005   1.919784161408011   6.183641802293627
7.756437261202414   2.6225516116352763   4.066577314033151
3.048409924483   2.8775932183093405   3.5137173970567
9.484393107504424   8.075758233345638   1.9190234221467524
7.486582183514669   3.461580938387157   2.9007664393083537
4.838070995085265   4.267479037644944   2.485285316283627
