6.075227087621856   8.470517016872119   0.5753801894834235
2.5036418775053932   1.5654838255156436   4.935599798606656
4.778421460391406   4.990550367224578   5.3763252886474096
4.055336653407805   8.568730572801977   1.7014760439911631
5.862046188747897   4.229660742390493   5.8615197822066465
7.5996490409620865   7.560106874291974   5.2269431213294375
1.4515260824531195   0.5624002136031632   5.283514152298697
8.485832996854338   9.50254757271464   4.498565079737763
6.635729939384819   4.715331431373401   4.72585842383537
1.4698822762418682   2.265383403209976   3.5194552193071056
7.548096321519521   0.5147485766097559   2.375930790309591
9.703278785742286   1.1687787887430732   6.042381473571031
5.206599466356422   9.00093838359825   2.6165898817273456
8.362823086673938   0.5826143023418527   2.0137340252985796
9.147662461125396   0.08908083983506615   0.9636777184796208
9.761530146383071   7.625624771187269   2.9009889817733714
3.5758026758076715   3.9201970010309872   0.12064750128745572
8.31851588641333   6.643994415911959   1.6689035870792965
8.470957438259752   1.4755065717995524   1.629564120685267
9.803817618211095   5.338226072520985   6.254328392342171
4.02523828693589   5.922492928320992   6.024897390457317
6.145297183751765   9.375423511810984   5.003500030294741
5.489564915543133   0.1519946360271831   1.2398730675458591
2.1746957298466767   2.738858833412042   5.577261992127205
6.960578859449074   8.261161445101202   0.37974148223751625
7.573354056987386   9.36666134098762   3.606125567058656
0.17099254308269754   2.901982114284727   4.18438032026744
1.6829178546662613   7.166843821093046   4.270048003570443
3.226583033450657   1.0680722975705121   4.777942177259345
5.927057500337596   0.9114892069573912   4.8662435842854
8.93772382501955   7.981517281760861   4.432626713485575
9.023399644536351   4.5285368670160615   0.8381709432136847
0.1268602632546063   2.045888055982336   1.848810126552933
3.343118355207838   5.321255296462469   3.871383687609625
2.8371950347802306   8.139590451410001   3.4123196692488853
4.284085187075466   7.594512577954884   5.699852567945647
9.039092612700237   5.935070779083131   2.6401664913053837
7.057444435811189   3.2766769915706613   1.5024842967316534
2.9806427076668025   2.7359136749628217   2.560504269247599
8.716861899308652   2.6184680789045007   3.612803508041373
1.1700830418027484   5.9947970055235755   2.9292208860738134
0.08024003433916604   4.041531352497799   1.8353065477958501
5.432899591889044   6.367996550765893   5.0119308953592965
5.313126738877837   7.391742045155457   1.9799037397830217
4.187574772978374   6.749291137001448   2.723916592516532
2.3736951013524656   9.692937445097876   6.218350896666717
6.348814680433857   6.157302988848764   5.313331648942828
0.7329696500036573   4.92023210858237   4.214037601824645
5.978899858231444   2.0353100990014314   4.352073607970077
0.7849533521686577   7.88483151356061   4.292683767422389
0.45602314153782414   9.01330486940705   4.289279601894606
6.226426160803147   7.627970706717845   2.860672166088947
7.450740818125852   5.054297474447769   3.490445719619411
0.4726614646604376   9.905146600098163   5.861675638416966
3.250264773969408   6.786606386858467   2.88359036342762
7.156176066106151   6.108980088637808   0.6284824315313966
2.5566378284021862   5.736335239667404   3.259791877606827
1.6597149011706964   4.4715980537799345   0.06365240739437522
8.391438140581002   3.4122885929626414   5.728877507910901
8.127784146742183   4.289124272320583   4.096844726207547
2.5106624597240774   3.601506799315752   4.083684503652194
1.5070493544326535   8.408840799089237   1.5733519773386502
9.32645473139534   3.329031863203702   3.2182914668033984
5.289532042040162   2.8191508429549774   2.454607891527927
