0.18122974967188377   6.537327809816445   2.2003330272726025
7.552050163960113   3.7930125008766176   5.274013245373656
8.800335729092865   7.348815724873455   1.80186684521518
1.0219149995941175   6.94650421467096   0.7011937387610532
3.615038066815188   0.12006679692857064   1.3678574531047891
2.1805612581728244   0.8969608585100222   4.775705818064964
3.007876542787803   0.7234501430412728   2.1354983099423563
4.875115368356106   8.460630548071267   3.575361610946145
1.1158070146170402   8.577312269307072   6.1455375823575284
6.786433961385658   2.405281991378466   0.3509566812891679
2.3547513714951687   2.4610223844208834   2.3174976931534816
5.832100251124622   2.516814172499884   3.6464500740844734
1.501266430279543   5.068056160310747   2.542905151992335
2.300518323341792   7.602805203720462   5.274698697882115
8.643260911270753   1.7520319939351796   1.1252898934069189
7.717603232059299   6.871651486553417   5.112165050557821
9.165820729643588   9.417445455591318   5.683887091969059
1.6292982222053973   3.9316500563542327   1.4643112365304962
0.3308241578696512   7.504636374754361   3.1018770328914504
0.5873833330582845   1.573002832936   4.073809093729354
9.741257722741281   2.5968375234277774   0.6241291255667629
5.810008361721243   8.091742098902795   3.925912184738962
9.72286784328728   0.5811087136159724   4.2329985430616865
3.7871504750725116   2.361288112836988   4.335233775203562
4.9089522044877905   2.278782439362274   0.7138527016814857
7.2392133760310555   0.5358541680245656   5.093954589964386
5.829935286385852   4.763291697361022   1.318005963774165
4.255313942414364   1.6299567796065215   5.215264206125787
6.046239856071606   3.4980149377634344   5.921696873636999
0.5822129487517078   5.41773613844146   5.000041716030009
2.7072681004994363   5.45025769607953   3.379717732203536
7.40396667828603   5.737636515305978   6.098930373496689
4.921563898253283   3.5705500799349403   3.143768298888814
2.3142440918056577   9.799965722296497   4.889683454037692
3.2816147554235884   1.6241107024579509   0.6486487665259525
2.633270953151923   6.455705115408028   5.9289801022909865
8.890574012036208   3.1698389991076024   3.8709983400250705
9.850668467498481   4.556949900966871   0.4762379562506792
4.804657107237545   6.287037271966181   1.9248876278501754
2.2030247942483165   9.001320529515185   1.5045957729253057
3.571318355151524   7.351841737139624   6.135489244312396
9.743479958104103   1.4320048334997928   4.609381753667173
5.47342595335357   0.293291426886626   3.8050058969505054
4.678003971730114   5.161915316948154   5.751482496014946
6.634516875094669   9.072072926089453   0.6498967696338223
9.033105524858785   4.468900615976078   5.848851315303114
2.5610703548683373   4.165678111078123   1.6915980411797353
0.18813363136225336   3.591856185411234   3.224711269636868
8.884883666730172   5.523927111434612   1.9136974881413802
3.1678729467009745   9.38432329024695   1.8981487547110165
3.6455078879280802   3.6819646291137187   1.747893882252748
6.528593995009687   0.9801351348919661   3.4029081061347353
5.554240572990892   6.716573939297389   1.0913959033222325
1.0567172866032308   2.847056651146504   0.8293823817972367
3.690438502100367   5.47825234153853   5.8401805661257455
7.21238661332513   7.881423114460428   1.9914575505534353
8.128577622501943   4.485885835718812   3.535553453968476
9.655902781614486   8.56522798911596   3.9477786011625535
8.512853971249214   0.925040825806644   5.981825851115283
3.8286134573914055   6.553431726427122   3.1679635203327634
6.567377984614858   5.477902464097483   4.862676764662988
5.386433236641163   1.1400764368564031   4.936355423457314
8.289052985608969   9.608441763908928   3.1130230232779
4.529254040250313   9.601075003315465   0.8041606003457228
