1.416293654167916   4.078320748168537   2.22822817112628
1.1299736297330096   0.6366571076670948   5.660854422457955
0.5859358472312406   4.520596015258309   2.0727300135429285
7.779479480286238   3.6232776280743666   1.2078109445458174
1.9811338669203251   4.775389945065754   3.6096015598489077
6.096047227422485   8.981919504512717   2.496416503869962
0.9453174684919434   1.9000257070962854   4.59316471272654
2.526166920244532   6.964765108265787   4.500377701510076
9.320465226539477   7.118011301123625   2.129582620589119
1.4689277074757299   8.926390420333144   6.276790438431147
1.0310561079115388   9.627823103705898   0.6690867372676323
4.304398630466329   0.28537629836736295   4.7796111975107385
4.876113867028608   2.856135610792475   1.3123936774872675
7.829250103282646   7.696608021169603   3.1401939335111337
5.717401411127291   2.3698890508044506   4.236234275013493
8.871040449833298   4.453235357674904   1.9094427043731101
0.11172842193943566   1.2844711691499424   0.9505305615326131
9.538130075394978   2.644814030087475   5.816404775991633
2.1422584031171383   0.33634598332379395   1.1149573514126148
6.494729872094131   6.946629016503648   0.545120702721465
5.604599717617383   5.473550817797909   1.6032693983513726
9.670353107017728   4.144974855358741   5.2057526268913366
1.068023372770021   6.5094631094616   2.54095301925299
3.771963840580532   9.185235176930693   0.026518033944083974
3.5665982954700994   2.780966382738174   5.269653623211908
0.9432321432989037   7.701924748737765   3.4469464155936196
8.057696626895135   8.824905662643431   4.5707323383173515
0.08300153315613723   8.274445165976763   3.3502283134644486
4.33782463981594   3.910443076644255   3.3070343202906027
7.80274067683156   5.992053829393258   0.9208711084583419
6.460312085926557   1.9093596892338587   1.9386901127335996
2.103170340021473   7.9568769596382785   1.1924789343832152
7.3735529487974985   4.740969829048989   4.107845737818523
2.895457126616055   3.38113663374478   2.9597846851686516
3.3729881088287836   0.7227163255763419   4.041720701059134
8.489102822626759   5.275253575735206   5.1342368518964845
9.702195783196826   0.3778666037479357   3.647867103276026
8.7293085672582   7.910609717456989   5.284170934564131
8.88784549734585   8.794915255278875   1.5849184658320659
9.956932144911015   6.205382914273385   0.7272406306793734
8.049627676715131   2.1915646278957235   0.2799473182432886
3.350036501067338   1.9160133432494388   6.011115354170565
3.455659244409116   6.5294714225904436   3.5922427873866547
7.218660803727981   9.73249717431946   3.736260414794813
2.7060640928385946   8.648068179393045   4.1487153299560955
6.511962731712434   2.7275997800635774   6.200421783843416
8.083579902254609   1.0623784030688674   0.3114728202432715
9.312943817494666   5.544934059112062   1.523723428893083
5.134220258765986   4.634830791764417   5.335696688563161
0.6108694079364826   2.976322004169577   5.199482130226265
4.745676113221478   8.613134602121631   3.5039801791684972
4.5865108890210795   7.456635518805298   0.40064067571143436
1.1822038367908165   5.5514325822567665   4.073653888458267
2.3762273097507345   1.6637034160004087   2.3284961093155068
5.571492124095222   6.8581386310273595   2.9213212029677704
9.906040697615556   9.449601874931767   0.32995743421818985
8.985291642567848   3.4681648438501926   0.6585456582627565
6.8574726415628415   1.070680125604051   4.433897926461295
5.723308342382728   0.7143251171263504   2.5105687992851964
2.284856305760783   2.4750917949988365   0.7053938527946825
2.9509317389582965   7.795445875410377   5.463230636519592
6.6003906886487345   6.1458004210351485   2.986554241438814
5.735102353984865   8.03731351924508   0.35363816312880414
9.122859082921645   9.6174606424849   5.782345607052008
