8.467794277688828   4.83530871628645   2.8456982312134573
1.021408244336976   3.891890803055608   5.700942604578344
0.10314957367127214   6.105566785373916   1.3286908981100316
5.366254111739875   4.572994854939752   4.871486291100647
7.595131291832124   2.4187328718809544   2.7112109905941235
3.315587388865647   1.9036240043101804   3.0386445293065525
8.491197403447677   8.505557592841008   1.9441724897197101
1.7233178814623873   7.892056465634297   2.5927702894055558
8.767377990615875   0.6174001924148498   6.00586115137162
8.639147102847035   1.9189786302587462   0.8310512128922396
1.637739488479118   3.2897047116909492   1.327198542668338
1.3461907533593696   9.838209386091373   2.84007056299608
2.2235167817207833   3.96543170389111   3.1477995073621323
9.359996270819506   4.296152679788961   3.987552924651529
5.2258174712525856   9.71751506405082   1.2615341906936623
6.245518320761109   0.2592715057703856   2.4532217260017477
9.459152635069872   9.529947424824607   0.6288498485461309
0.17028739700059048   5.2682259199672   2.430903301184788
0.9480796561643188   7.538089594167978   3.0083558628849754
0.49716383771295697   9.541298230333956   5.486203147389424
5.862809621297325   8.560654733751523   2.587948393812205
5.418037337509908   1.6663406518615314   0.4055977270340903
9.518843125035348   1.380148566293063   3.610546756456029
2.4986725859468537   3.0290218186068643   3.1742502122371774
5.638178002587876   7.376215517470369   0.4286176616566769
4.084438124205117   6.6132308668489515   5.43948717156099
5.086128349924885   0.8160061739276632   2.34944821182728
7.33870554467111   3.578878339911726   4.632565504350239
4.122762120933457   0.6498294988014315   0.752589692839986
8.825790601486926   6.960724998675129   3.1374394311396845
9.884013737637062   2.190387567952199   4.142138566143146
0.7745710682590358   1.2880947708679673   5.924007510980906
2.1181620293351346   6.517678228826675   2.3682239437639874
2.274117036691142   8.699408890666898   0.2325555043564076
3.3371920136445112   8.635497038802226   6.092166825404468
3.1661335531031387   4.641848233255683   4.147870033022234
1.4873550485681655   0.8599638245919298   2.5972948620862315
1.0371790018757565   6.476729811967807   6.074908489356544
4.6603117500394715   5.324541334180188   1.4873140582890836
9.915907325527828   8.117413049374923   3.9188450366522236
9.842422031164299   3.590092116401668   0.9197724190737068
6.741493020022592   2.5929997226085058   6.151232014490979
5.913107933300176   2.7084283599429138   3.830909037126927
4.316306194797053   3.6214342031563764   1.6764934232725845
3.3230781565912793   0.8037180290942916   0.7021480471226504
7.534275357910033   4.583023552108063   0.3997209286201847
3.3483763157911612   5.914472172937299   4.062811840957554
6.242598311070741   5.15415008264219   2.3169841688768114
6.616756814678406   7.579241626549957   3.825839659407032
2.465188009755136   9.705663415980927   4.057758679091952
4.422883839296812   1.9483621128969433   6.163563808141577
7.730565317727701   1.169755009416388   0.7240855627590367
6.0677450216683715   3.838395857219398   1.1313525876454684
0.93191022774793   2.621293954998383   0.839239104792584
3.138749523566369   6.781560384335147   4.8665442750079615
9.33559513946232   5.164450809759212   1.9347061596389399
7.559717901900571   6.637062531332222   4.906540685260273
7.711669615445196   7.554492445539742   2.597768135181703
6.924728900710913   1.0424049785623208   1.4989403683198523
5.47207786534218   5.704573635608878   3.980335585929081
6.370401422869152   6.731256619542697   4.978888394141568
2.1126930912825164   1.929661441129481   5.5038351875952705
7.287246844313021   8.665261545339945   5.720746999923545
1.1381160478555294   8.503335704076434   6.174512450444243
