9.48309976112275   6.524499819869885   1.9126136960016837
9.44982709632144   5.506437832519811   5.057452438492424
1.6005821280631611   6.79748080708169   1.3867425834336375
2.6175096190111793   7.41017246040771   2.7802027556698814
1.0367624308374324   2.616303757543722   1.8901474657946915
3.2306442850889385   2.445043294539471   3.5467353595488755
1.8744059918230804   9.211672684612745   2.2828037153431486
3.23493473531199   9.639514972516595   3.0166725417494584
0.02325060599823281   8.848033139551676   5.4438063048846
6.2436659599819935   1.3365277947891747   1.2360988097828862
1.4774140894629828   1.7000433843646032   1.9773464186862348
6.4215886015110435   3.8061246564977247   1.8585900733806962
2.362986666686866   4.66536239918069   3.6146540551687503
3.6488858292010393   7.923178097729426   5.6593796577455535
9.194403423374808   9.884118565536076   1.519747954261658
6.514640071401357   5.809977770284863   3.977377088293225
8.599444038941114   9.29931284903527   5.514792519049785
0.2082916500455831   4.525795418383494   2.565979468182119
0.9723979878775353   8.910399558053694   3.2556942448345443
9.914943028337895   0.5815768914367693   4.632575699938351
8.192036603843558   1.0673730251124696   1.1726380403235022
6.008253711542102   7.555505450542911   4.810818587984391
1.42114345626918   0.00966805206966348   4.461796704594536
3.280691901402848   4.345223986997984   3.6254854318373826
4.875153521922045   2.8924738351255987   1.0003718006075055
7.15450446703894   1.8266493834213973   5.598878643250025
6.4918677644927865   4.72372316927214   2.427474846507538
5.278550127037721   0.8472176458751327   5.8805184875099625
5.533305278854111   1.9209998977916412   0.5975801634165874
0.24261511314218764   7.523084103187302   0.7105390376998064
2.1661393426332403   3.424503337117619   3.884728545506064
0.34210897553528635   6.0747830718471745   6.104305973635778
5.072602758592944   4.475155981627164   3.3403635811550383
2.168677977125867   1.1556283893239883   5.397725984945584
3.2058804384749537   1.1668872571206808   0.8614366263373994
3.9906281505625607   6.293398060110641   5.165618261744313
9.362487262218247   3.2248903064472274   3.164454573083913
1.7166544150178806   5.8781880610940735   0.9783164271926511
4.878371566868344   6.774302584825107   1.6497186301995324
2.6176959262650765   8.789291044318013   0.41178569312349217
1.4442642685221814   8.055737065672702   6.141688108105777
9.286389607200691   1.4254702341215593   4.376113501608402
4.421080976306951   8.763693186344431   3.937343619455698
4.375127585242208   5.362866726287587   4.389931809219512
6.4007179029226595   9.514794490045242   0.9699693589200346
8.78176958511982   4.888182684908568   6.085396221160843
2.991190973014831   5.814893497990911   5.744946581655983
8.91629105957638   3.967069870201292   3.100387970134218
8.66980573538916   7.807772493178207   1.6040360630635913
4.011108086071859   0.4368391896897057   2.178027541641697
4.196321162602347   3.767581859869409   2.099628500343512
6.966842875768215   0.1950374716695894   4.185032464109278
5.3865653593375065   9.104561167131843   1.154570499509128
0.7133371011078382   1.1903670514966918   0.5190448074228093
4.645269098576284   7.870134830792793   0.332015381338122
6.843539519000821   7.090678651857764   1.6786908449250324
7.4961800509851155   4.6087985113914876   2.9790885580503934
9.21594205040393   8.614608199288387   3.7610031190966544
7.734863999749337   9.188554677728858   0.2500040791447886
3.6789695417655324   7.088972878589136   3.918047336324802
6.0639920976746255   6.567624406051948   5.144674269146435
4.312193586155606   1.7204697030754286   4.54365007642915
7.79218187908799   8.136156133517705   1.8294023802425485
4.769742870604987   9.956528621030849   0.26146522173811104
