8.083512117808178   5.280510007367936   2.190123815635615
0.06422808249263634   5.2340812557903975   5.497256556389636
9.695034893633782   7.129152120740927   2.222959461621906
4.67472863061036   6.108619900046206   3.37029881391275
9.042065371588292   3.3180518670700265   3.0986648441552256
4.412862378859392   2.260210590333243   3.3451539839363975
8.955780180297113   8.243544072793474   2.106092809293585
1.1638952283190638   6.770467341718704   2.0087230393292432
9.113706829910715   1.3142351262163599   0.04863193389159459
8.472098280688432   2.1135471296661454   0.6020507985442143
1.3580135975658223   2.0165188885483905   2.0136694971043148
0.7524132350962781   1.171192618062487   2.115326107869256
1.9401062176599115   3.9081075128037788   3.9780444391193925
9.484775635006145   5.8814525785980525   3.8985458341467503
4.636403488316878   9.184384875415082   1.2941966983765778
6.787469884356469   8.255314912538651   3.253922344796478
8.965439224100313   9.301019254228043   0.27679356517130177
1.0383284998020321   5.063223817317872   3.024905698522283
9.91139881936021   7.949958498551085   2.431723875061523
1.0871490775964987   9.685713260230182   4.9864869889585375
5.718218758075521   8.791139651584112   2.135532259223107
5.312211647224809   4.664297286101858   0.6754299584750638
9.383416291676086   0.25258567405148497   3.549058388018113
2.849182145544177   4.3243195089919695   3.5739524822614572
5.157894429294218   7.736192724346982   1.1625456188104057
3.7233228060572348   6.96913492287968   5.317285470036177
5.228190975009731   1.8925749653718775   3.327312606164216
8.367098727017114   3.9186324866024855   5.160735147525502
4.6992730728211445   0.31467344376506035   0.33729779602722554
8.64177424092561   7.144374653700148   3.1660910888231237
0.6696879198190123   2.5576063337752815   3.714528522491869
9.88457010338264   2.915429183225797   5.919296016127915
2.7804983124272478   7.707936241071695   3.104928314014466
2.6679759857526895   0.9303378851809144   5.939473084220483
3.168932420650271   9.09477373185125   6.236314673066503
2.015872882094522   5.07266343474014   4.6864804537337434
4.019641408695764   1.1640496394366968   2.938951486853801
1.6491411174901374   5.996208745793511   0.005176829827196805
3.7102964537241783   4.3831830425926155   2.1106465912735235
0.35056693722136933   9.254223207068291   5.073086379978366
9.273286337109363   4.61583220558976   1.4703238741080755
7.866615215490392   0.963080336780616   5.8879165019982835
7.046048621297182   0.19122660713247996   3.8110827593634595
3.4113934490507773   3.089087975150816   1.144521239725123
3.337245863178613   0.27938395910638825   1.1923372534733165
6.9763142818040285   3.7553566059575916   0.7574229021889733
1.963153259382898   6.798424879895397   4.368993317546536
7.111753374347875   5.1135025562964795   1.4432055284969552
6.891754654881463   6.8241115850796765   3.565584327822411
1.9947191275213851   9.224534187407532   3.725011600875754
4.780297161927299   3.1135086578172517   5.917994124913716
8.119789104329229   9.73315631175795   0.4203177291066636
6.161694872564562   4.120982923161039   1.4615511968896036
1.7970435616685387   0.7245345722221884   0.30184334501369486
3.9048532863326955   8.010192363130356   4.50355308629362
8.514776954197668   6.190871046579995   2.7185030996722346
7.844114035848423   6.841588113523953   5.512212822529715
8.08067482770097   8.026150421432863   2.04404970804327
7.063763440147092   9.091131520614383   1.271638849936017
5.720483662466074   6.1859894354494624   4.18424722181333
6.355982737810016   5.465881434460463   5.393472765514585
2.5012182874483466   2.929769332093078   5.008721967877086
8.24256534355242   8.834685585840703   0.19050431657846154
1.7344617817459995   8.339088844407115   0.3827636562443764
