8.944158060683558   4.1214909364783905   3.4568330107241816
9.946655756420366   4.926225327826915   5.337158879106039
9.440305648594405   8.590996915793697   2.621433778806114
3.335020855108028   6.43986490274416   2.512119675684113
9.858465699193463   3.3030898794052908   2.7485329415258564
3.386051970076318   2.398474762177498   2.9865757790122758
1.2584672034131534   9.725519533506818   2.2026058022613775
2.81100012673655   8.226880671379293   2.140428181555906
0.017211526286756595   9.401131731860389   4.673725196137577
8.371090725307663   2.350092141003463   0.4738974763956251
2.143184850585797   3.1224341001987086   1.8743250755670822
8.735254281608965   3.2903072820164176   1.446682814140318
1.7785543963004207   3.9490794550817894   2.959692150112596
1.7787218787784715   6.94586398074804   4.438543610530584
9.378129141190511   0.8087968423612497   1.9678611366702974
6.623949716321979   7.533805978684404   2.5898373638310206
8.672751171973134   9.713264912527466   5.807835968037124
0.3481582262389705   4.122570110464363   3.953505052142828
9.754735633030267   7.372450341837664   2.627600668368254
0.20284183116284005   0.6127630570562341   4.77121068490581
9.340322277245598   2.0427397865665933   2.555775370462836
6.374584292665823   6.316024728881892   0.016645728194944892
1.525442448139763   0.5716838344630788   4.439780759492448
3.8719256882299975   4.063030955485487   4.297431633172346
3.162180593093958   9.704709805481963   1.4554353283522399
5.906798560414356   2.8792142813180615   5.610855618352105
6.433119157138768   2.2681132304891487   3.204578413938858
5.583697718330969   1.8248292486548348   0.1413591429499926
4.777755022215226   0.9894782536611997   0.2740522659561611
9.187186767773794   6.175117067988675   2.23686857047389
3.1068691134920083   3.6887927975357826   4.285366546229193
0.9436525667970898   3.4549877889326703   5.883057231683569
4.998959307054949   5.368813270777643   3.6868790399610627
1.8305366394955054   2.0138047910978276   5.970910898344165
3.525195245693333   1.2567098476746186   0.107790766296253
1.46288491389809   5.750067004921076   4.772254792724937
1.1163911542035394   1.3488844005079799   3.741059618242581
1.9498891095945687   5.0597364174908455   0.6603676444388398
4.1492682125115845   6.278816182195052   1.2164482846353635
2.1865817719332172   9.40112738787066   5.155173615528433
0.3274401491230464   5.824525433550882   0.12290846041590575
7.987700067055441   0.965486693997491   5.4991268170905725
4.6429634167827185   9.620911288825804   4.509799960070188
4.158795600313516   5.062285379229207   5.670109950280737
5.566819396581728   8.856756744374106   0.49624165973173606
7.626325207873541   3.460261147849856   6.177859071072399
2.507582612646345   5.746049461309164   4.981345386023095
8.752813965988038   5.216628196143151   1.954930198658505
7.91549277449032   5.35075369954858   3.5090074472115536
2.553328895957836   0.5733714354432888   2.74354001755492
5.653188644419783   4.193620584837362   1.1786554213909464
7.207108595232787   1.7083728946735395   4.923028917815093
5.637442774228118   0.2085964377966828   2.9675255343871525
0.29851277500954754   1.73247603564144   0.33869175068552304
5.008739599890639   7.782086218758768   5.4878659859395045
7.5268790025528425   6.327822367608537   2.2389887440409626
6.9783221779298   5.174186834939884   5.73905043860289
8.708160127394532   6.883165085706204   2.848153224442242
6.733377336271452   9.947382886437627   0.10639888555066983
4.218104691797967   7.122516150834515   3.4575303732234017
5.931665555997051   5.223603573872145   5.617068493076949
4.3765043557110745   2.2145579932099806   2.8682018396198705
7.7458209690536375   9.764627691181683   0.8693936948426203
3.771456723016928   8.78921768280036   6.204473774575311
