7.969064549221099   5.102996189546878   2.1205679396907944
9.686137719290468   5.334182704123087   5.133745232504044
9.817962683994134   6.469083395652033   1.7059369809125369
4.119080600421848   5.355577916938424   3.438262755206397
8.88819395019993   3.154829763167054   2.8685089696632757
3.6490403537980542   2.353119912247514   3.677560227822538
9.137398753140738   7.928301109017641   1.732968580319299
1.0842776000675105   7.713789325126097   2.002018790309767
9.822231881565177   1.434841999858417   0.08059510609629209
7.568872756332532   2.543067321407273   6.2425841055398825
1.4525767070897921   2.4433526554673137   1.6921817570313265
0.10720322252289577   0.10944728196088915   2.3450443298393364
1.3553942276445345   3.9816801242773945   3.628614723253608
8.816402135933645   5.419493836399736   3.874202193762817
4.5087877472498645   9.050788228284828   1.2778072712052457
7.238122597984964   8.650827911498167   2.776780706454033
8.888835445398863   9.025950345634499   0.20623969285609453
1.3185807865250991   4.778393811519137   3.1943980891220263
0.2811869129310485   8.0917030144805   2.491645526503829
1.2250835807713512   9.149411809001894   4.854797508090323
5.821458609014292   8.91121232597685   2.402623219563155
4.526238568415907   3.6770585102640982   0.8193258811232684
9.024434958007443   9.868247369480429   3.4564873552307787
2.460515855578607   4.085695336371876   3.554514829127623
5.513561988047185   7.869481104671233   1.2434195170726328
3.8208089830511014   6.678172481883009   5.572479317597213
5.192247050388884   1.6599015480003794   3.1509950159328115
7.794321279736319   3.3784132205602257   4.361498471998407
5.083563572215713   0.5925682167271293   0.4422060644988589
8.432934124380234   7.255528546505546   2.6913050123592606
0.39673963409821644   3.0272810917996837   4.373074824410903
9.58006972654487   2.286563263285591   5.981036735727855
2.7152091306948947   7.15534066330787   2.760437553811686
2.5659556792552376   0.6274965034617708   0.0220003560067763
3.383591467814809   8.759534140748034   0.09391543954868897
2.062028652793234   5.155181925602637   4.595257687509776
3.287846254513515   1.1849357398747493   2.6722880613338655
1.351052221471278   6.664985548457945   0.19736131299803417
3.3135486567643446   5.020415352099409   1.87647683944786
0.2212110295099743   9.092618186982701   4.7918818557883025
9.095681106960324   4.357566838991418   1.5192964774830318
7.655423322116232   1.3933589158727044   5.9314932085505125
6.177187163274132   1.811111899314549   3.8178149997206376
3.2984877309675533   3.617865208268629   1.2752346877380396
3.939565521621187   0.07217163805147786   1.2760417267158966
6.768333523655264   2.9693479854445   0.5997343429886031
2.3177346813470048   6.418483953366856   4.221625173860444
7.268010901629692   4.705937052283056   1.5624656453224806
6.805789824519316   7.243005727333058   3.71084732370914
2.4411869400699353   9.142858552998364   3.6802058555188957
4.7628891022174304   2.4692141122695475   6.2392148923276185
8.146147640868813   9.933955936807173   0.4002165026926443
5.833809052177799   3.984106476388123   1.110949374321358
1.8217178010279746   1.0604450915152746   0.648484546474825
4.701343395686267   7.427499070185501   4.776786663478185
8.514776954197668   6.190871046579995   2.7185030996722346
7.711917806754455   6.6828530592377815   5.271168134990131
7.680905446308248   7.689699532894505   2.138187569241526
7.108524784763373   9.669171412177946   1.750685646072826
5.505627541638989   5.29482970896932   4.28452949660238
6.748109903771318   6.131483792629194   5.040362793797348
2.22724653555104   2.9357551103122943   5.1223137717939755
8.33805632120007   8.31420952860692   0.15283299773300804
1.9961514678960262   7.801461821834808   6.162288743595788
