0.6510519895712713   6.104228596911906   1.8173693453287598
1.764740566588264   5.284129676958752   3.966203982893688
0.10161375338671874   5.432095311655091   1.299675071759633
8.274146379549956   2.4543739038961716   5.097837223276749
4.994467247576634   4.845955196846173   4.07671665569222
4.8412262281138085   1.632586630865784   1.2955466840756782
1.2079828048159942   3.2713651408338213   4.260712734077111
3.6480566844342195   7.001517907935713   4.320980675062697
0.6183072787893554   9.68093953044331   0.9172117329413196
1.436377729465638   2.135673776592471   0.8454761867064892
3.2265766212292637   1.8008648246002081   1.828402129608126
2.204762271611991   8.763693719290043   2.67855453662232
4.09263362270255   2.5031491211079357   1.997886261299944
9.366391834400744   7.976517058382789   3.3695062356017704
6.943360494689143   7.570331427427261   5.54522470960364
5.454307691318435   3.256485672833808   2.772920701798684
8.3939893349914   0.5783010890992057   1.5098725042389276
1.9113189917965094   3.8512041356695903   4.253314156422223
0.6516765731062961   1.0700630168667937   3.2522124017267564
8.204801204512362   9.697654391550202   0.7871394227803318
6.184007895183329   8.422014908654305   1.7655042807722892
7.058888428332885   2.8310231919564326   4.8275270523327425
1.230283060322169   4.503408379354526   3.1215053930759735
3.187028719070624   0.7905387169905181   0.8754868078528512
5.308383928558361   8.261055223773086   5.853648072978483
3.3710009731978605   6.149332957946774   5.165412362218992
7.348823398448922   0.03692842546130459   2.031998262226295
7.605264211578372   6.173778963980398   2.4551682444437715
3.1886021448907327   9.569766964045199   0.8128254446060893
7.183596499484876   5.180519894861754   2.420739831926483
8.89206976050252   4.002571726146989   3.299788433406473
3.3846362411230038   8.19329773130949   1.4690126816532199
9.910279620856064   3.699364637232086   2.21708295410314
4.678594194246221   6.019436018626342   1.2041710841613258
4.359454548839544   8.51111899513468   4.517160707223881
3.3964709266147515   4.913804718170806   4.986881088912308
9.962144002264079   8.938909012763407   2.9104564347902984
8.98656028560854   5.160550312232262   6.1844608160564105
1.8547678402498073   7.556690212820135   2.293309095473325
0.2952540343472324   7.186012352421914   2.5230438566641413
9.621984251675396   0.39602672913021975   6.097271697752437
5.7201613878477096   2.0315132878013022   5.36671657140896
5.486545716447395   6.1432413717411265   3.0220088652293327
4.098495088690143   5.407165622286751   2.129319276346114
1.9426318040521595   1.2006801898614752   1.655144943286713
9.938066634899512   1.655226734718061   0.72728626362506
1.035937052479067   7.796020663623907   4.856775089110555
5.775523223179565   5.307673555360705   2.6987100262226797
4.376182007991673   4.27252491174344   4.714456945656032
1.4224712303196299   0.09116355081371297   3.7107633684488257
2.358300362772979   0.42647214059868943   5.260161334697679
6.419180181244959   9.939302058639615   0.3938672363633787
9.586819669663994   2.5347884087292214   3.3051035560033193
2.550506398432056   2.7239462065773603   1.1061119417260956
2.616096635505245   7.071769891966386   5.575903986920989
9.745136890416175   6.560346104038696   1.0392837801307238
6.304326221465778   6.368702368573429   4.943660682973374
8.390362792845616   7.951908125306523   2.9446167813768773
5.515138497286095   9.602364361061667   3.28988706302229
3.55402058088598   3.9767011346695655   5.5275390681083
6.072829313058722   7.206572817043786   5.669995249403302
4.377446278611682   3.301985563891462   4.111120685326305
7.618565616039974   8.126754625649635   6.073271295972239
8.23667245468067   8.828544156345274   1.453761806731369
