9.244296441771212   5.210448375307643   4.830671284191935
3.768432966341558   3.5104542447237725   1.0358682829836827
0.5860797312672035   3.343024485434771   6.053810139756146
9.369870802724368   2.7134425150909554   2.5717956287201433
6.485072329156786   8.904756844413962   6.1998138672441145
9.024141286026978   1.0121497472482397   2.4176789446873865
2.3385773080137238   8.156576836267352   6.2720947371396
5.178744244790025   1.0567893096117784   0.08023873958590344
5.981116960823401   3.5717972677000147   3.641944814214839
5.6089240383271255   9.186351605066456   1.2035539629437095
1.6327705102667345   7.557800112776917   0.2571918039101817
6.096577909165344   1.218364110802459   4.528260125623732
1.9800493016622438   5.762034367261624   2.397738803315434
1.3765982721111236   1.7270295648375376   5.941306931065383
7.42102352532384   8.869909380856438   3.0878281688966807
4.035789743443372   2.359756612817681   0.551176556069493
9.113140156463237   3.5711978002254465   4.071846774442216
4.494028804916695   6.760204868097843   3.974967566693715
6.502036606869314   2.442183304692896   1.4775740892637985
7.567512237423949   4.8788349740086   3.7771227723783025
6.433340580862878   0.218078121199774   5.817642862580688
8.95261944935419   7.739372487655841   2.395770420286104
4.493887176044744   8.393092229835991   5.141666313650891
1.1939846404135304   0.6910965470326814   4.965920479204819
0.07095253853217967   0.874332170615463   0.2716124327832777
3.562320420341782   6.037569607291499   1.860295762131683
0.183931342465471   7.459322735782206   2.100006268153539
4.853139997122901   3.2479921105220964   3.684509558638979
3.8361945702871107   7.319360609766395   0.9912319001189389
3.76383861405586   4.508702079302632   1.8758628479370234
5.757927606060627   5.733012534586271   3.7407814077685306
6.785993588348916   6.420407515548852   6.271108211256612
9.218034790817892   1.8470492506125256   2.684564469913646
8.52145102029495   5.771301687591317   4.26904183978047
7.572266858728747   0.39695357266268416   1.0445826353689873
0.8273615386976411   4.400666565902544   3.909061666836785
5.251589136694261   7.560468307168269   1.105569955063603
3.255671085239001   8.309127898578659   5.5591918515442
1.8056598272954851   2.6804715400402936   3.5633580772457196
6.306412268576998   7.757256926423164   6.181967918119966
4.140038678026383   1.0213874814535275   4.847383284157189
7.582840005872298   7.5167151638378815   0.16386701316686583
2.878048097022998   3.884970384352756   0.7473413944086584
3.125068314716357   9.655109882151836   4.07450931383569
4.923216211847614   5.6792225366612   4.602819882533565
7.0298309570191755   3.7195044985687713   3.8484787380004435
2.909954844962124   0.8593573878188568   2.187952753114649
6.508644499228514   5.092836764440177   0.7931314643715602
8.563836116523195   9.075620752994574   3.684143585354316
0.4188551609627301   2.429315063700781   4.3290845067953665
1.083650665564778   5.489819186798445   5.939299263900772
1.708951981325245   4.70321830084403   0.022712692274043683
8.920517405014632   0.15224552817172388   6.031860350488045
9.658600684789397   8.492964048666261   1.5187064741047085
2.9155391430080115   5.499000460925516   5.149168120758163
3.2058747267449217   2.339579611139947   3.3106125951422274
4.798942781851771   4.685391980496884   3.062988759535433
7.705599615333653   1.4160663958189286   2.4888862740546935
1.0361273437376866   9.43367085825592   2.5272162761030517
2.939821439694288   6.619231177971693   4.619354527181774
5.597761222047867   2.3403168247881134   5.659566132454274
8.17508444617701   4.115970210945248   2.71025210726059
1.9343494626368614   9.139587883586804   2.5077995356703364
2.0125384452265274   3.5892541038312222   1.2370045476202245
