6.956233725228637   3.9939772993730807   3.630859860258348
9.421607117344031   7.520528377693118   3.6689098497290114
9.526765785552525   2.8718415166925357   2.310048453229167
1.3101517850064588   2.563371148548259   1.6878035208885696
9.64686609749334   3.974048368823505   5.402688404501591
1.3400022437763068   0.4175068444532115   3.1539182842290403
1.2797442129019079   8.642333357112586   6.255354791685946
5.793115016523842   9.300468442416575   5.962984797681374
5.203456983867905   3.8292988789118807   3.849266905398057
8.279780726439206   9.442608877866487   5.610101815688432
3.2808353958398038   7.878330193445043   6.245437374149267
2.228560557153165   8.518727827238685   0.2829004437275616
0.7116169763955253   4.305398868324395   4.024876574585551
3.6716390061089026   2.1765182181680967   5.788895959289242
8.107055037731945   7.287705686733639   3.7330945876646746
2.754843921765678   9.610542011804828   6.099763305986289
6.782611534526459   1.6557057857649746   4.583736737627171
1.5238585556214026   4.885378705166997   3.983640626768788
6.111749419981658   8.335678665690557   6.164380625048316
6.781380088663987   6.668406829400235   1.9204338715633458
7.5403153424450835   8.814884923820802   1.2291982980090368
8.130241390859839   4.744942365339955   3.814326699681799
4.755343963401018   7.728932223564851   4.245730257617538
2.8361159222952175   2.519547557206108   4.701731014149954
7.473841712334167   3.0594181389177892   1.9708610199397736
4.902708783249401   6.895328266215897   1.4226186859275938
6.7416945057093836   7.524831380788173   2.967017341395817
4.465477575988655   9.11476934535799   3.913004264549031
5.260636940383242   1.7981177992963744   2.680509973814508
0.7911611106863927   5.586909443469607   3.8402072964693708
8.401948998245858   2.078724300268363   3.9364161241878524
8.50355109109821   8.596820956258533   1.1061028610146426
2.3016571290797327   1.7796515075142891   2.158990374128445
7.137309557983328   4.8434913158002235   4.275727810907761
9.207968087574002   1.7075871535067884   3.828578361956658
7.196620200176208   5.734059384078153   3.92974971233446
4.32455493839028   4.185436967955451   1.6034058146180568
5.900512875215942   5.789253405609511   5.649692642897946
2.5205803357246266   6.284818709036543   2.724596763400847
7.385985309983817   0.006643809964986813   0.5163891089830108
4.778862000607525   2.7679679337829874   5.92229736492992
9.165076361195839   6.318409576585844   4.1134741165837125
3.3360433628647943   0.49437023595861884   2.3157249002807836
6.190096185270379   2.8172371999438837   4.059807312001392
3.4721442091133565   6.910044279183063   5.139371652474221
9.543197654862439   9.12616365236061   1.118638357112493
4.1902513816072045   6.074357266308169   3.2375962806957586
6.1078770353386105   1.0716556730063493   0.5043376542096286
7.635533477197957   1.2646715120754766   5.0542644834241095
5.219407199033332   8.48469912528304   6.012464148019412
0.6524213194965613   7.293600865054305   1.596275157589566
3.2650006023006966   5.34475160447575   4.061825463156454
0.46686095412648754   0.978132249264601   4.044153437450608
8.735040273807211   0.36057296295114394   3.6547809890280525
9.766350300734647   4.852483655033654   2.5243400326280634
1.6306350142997366   3.7077986633434126   2.95458167556077
4.8681958782927985   5.43027823326721   4.157232801884372
4.755252789119038   0.27363001910146845   3.451106765106292
1.8946627653320423   7.274272054600579   4.8418919625064
4.131930745175953   1.2861390211947314   3.0345730033808427
6.144889108162776   3.6889276152043533   3.956853514848705
8.37018493073735   3.848979041536728   3.500925185828245
2.537399392997142   4.660762647295076   1.9717893343748412
2.707138790796286   3.5067112479139495   1.3323635314300406
