8.248832824542687   3.9007029159435413   4.450328908358239
0.6544347502674682   8.835289072034485   4.773131179504364
1.050215591316439   2.893410548457713   3.1962313720260718
0.48321211297010613   0.2708318559767603   2.7254893978959207
0.5983876371712141   4.826889656919293   2.549859540587489
8.703368872508506   8.785351866018022   3.392264079485691
1.1033209001182587   1.211141564366618   0.7962314784500512
4.428865446954073   5.498639273228753   0.08320412784384718
2.8324211537508615   4.0342642763955965   3.2387277013077376
6.663895980505361   9.063573379955908   4.85908095862639
0.405985791285064   6.031294970112038   1.9948893705951538
6.374253422762812   0.200200755934537   1.2936391657008586
1.102258002691482   3.8663906433653277   4.2164589345036205
6.299357629983181   1.3646604467150423   1.130600949348833
9.57616057217089   6.9506678782264455   4.897013843833328
3.463414644082012   0.12551414315141302   4.034514601303053
6.434757891669079   6.025848641812755   3.7263199228449198
1.8187324031701433   4.565822461136027   4.647812341544145
7.423289843793937   4.5230718454304455   1.829205677276017
7.578102838592757   6.440871189309349   1.2236677747138522
8.173735072247007   5.332069304699858   2.8479664935952975
4.743128233998661   7.652367648720313   3.9176350120367567
2.2374884769502894   7.468205794916103   4.260744155348552
1.850444899232635   5.461547741505695   0.12809959148195563
5.698938662726322   8.644411977562001   2.993417116644307
3.441516242266523   8.153055662479536   3.032669465891057
9.564898111234768   5.141826709898451   0.30994692509404087
2.5658107374295516   9.366258707567304   4.94218187463266
4.342676888137895   3.7120571658571917   1.6997510491127314
4.201334313395559   2.8320413222039535   4.434136904142582
8.605020173029772   2.11126825117225   5.159465571615784
0.988310844183545   7.634910323161252   1.8488312483724967
3.2483639482938846   2.911141116134817   2.373460530975713
6.797725594811195   5.185198989715906   4.693149105891308
2.062348375266317   2.393175351945919   5.626395104990547
5.480021810672951   4.912932204175506   6.170488052311727
5.156793914982003   2.2231173630418297   0.7947200307740981
8.858931063702109   6.35227403354321   6.042684545672646
3.7708144853034975   6.197876078134917   3.40537452831449
9.597917404691078   8.383721953090769   1.2274363252963953
8.32907022218071   7.401024650677699   5.42260560987371
9.659518825815566   3.888964980395752   3.2740600038003516
4.469096482725416   9.608850151590715   2.0365549737996416
5.535988351169367   3.506707582636172   5.826958618269676
2.7674092331247557   6.3494930457224745   4.48139202989296
9.225503624767482   9.523193362377505   5.842386521421247
4.6787361753800285   8.630261727906635   4.524311582750484
7.453733353200973   7.709645433256979   1.9747915979677129
7.72112723967982   8.838944093418007   0.521300315284305
1.9358300138467308   8.480418248043872   0.05705711412126144
3.216994576059115   7.1451443762799975   1.5957829871477145
2.9796502032123873   5.41819480461845   2.3979823587246845
1.6620226923302304   9.626807487000493   3.996381960440292
7.454527421084339   9.76063586512185   4.291186504010207
1.6311037767753307   6.58414389603487   3.6586339984656084
8.88286540114415   3.184967164650782   3.0416680273051715
5.309036024843757   6.896828873167641   4.12985765388232
6.254075844831959   7.620561845622865   4.513059916686137
3.7814324006186957   1.4634592673280324   4.306001342537326
4.824351995048073   0.8593406085821256   1.3144029507616217
3.8125913617626406   4.658434604867206   3.8250607814433866
8.017022869081208   1.307546372757173   2.6232099564395157
7.170809927662933   2.3883807487351305   2.0946922998638278
0.3278086148734618   2.142697470693587   3.6401494225580255
