1.4128343165748545   4.085746089269613   4.945195798922385
0.18178173488697258   1.2734432166816783   4.28894759324507
7.027050715617563   3.6153770839765005   4.086976434593961
4.732834594030842   4.16038873601366   3.167921467915438
13.390487995877027   1.4284606331735468   5.526120873883462
0.07095286367984849   2.7133462341416603   1.7370563182251149
12.96818288347165   11.345456205447025   5.608346851453483
5.709123389149866   8.359317405495682   4.1547741074804305
4.217680813372367   5.675234534596978   4.314464121078568
7.923926316305862   4.801813338226434   0.8084045001995958
3.2194724303065847   7.156395313615871   4.200525369418122
11.529526230110177   12.372859843965092   2.056204545525553
5.536071101765256   5.522720252573102   4.78990268602308
11.667066554129413   9.000550714495875   5.34451938578678
2.7473139707788192   10.309422475795493   0.5060336873490022
8.389853314240954   2.7827210764360917   6.23251888775218
0.5872198105514072   11.014812079125205   1.3169331071367152
11.694474089927443   2.7355508935491817   5.725577549300723
7.0389469144555346   10.814425044649369   0.7730890315259372
9.550273152376466   2.7786775504293   3.3495417334690303
12.31562986527538   7.430429769213337   3.391042361415428
9.465367469829143   0.08251047015129281   0.9258196151790123
4.0731265191224315   10.661987922511893   3.4014122230648987
10.273258854467318   8.642423184564347   0.8688991571294011
14.390847813639462   5.101583377580026   4.524283533894
0.4900854185533238   7.578832408946958   4.444940155088368
12.983290009312297   3.443840842094903   6.110259477522595
8.238685423659195   10.668021558290253   0.34323773650106576
10.697744831521167   1.7705853433631034   4.931766320332241
12.538112929624804   13.13858713972046   0.20497848248239461
13.44958411914602   12.41974194781725   2.131502588411162
5.826454847075137   13.764151015907046   1.7057915423282035
5.5885513917083784   1.7771077938570314   2.5469551289705747
12.899504021399807   4.843939748371896   2.4787286372097057
11.854704377087343   11.181757820381089   2.0943175379076053
7.471686947077687   12.17160578989036   4.757867000757074
8.457074089568625   9.208781673951137   4.198459430932239
6.55550630403391   7.123233395400273   3.9913369602484403
2.452368791046665   3.343785491803338   2.5272491668057415
4.178576484189212   12.370232638362117   2.6005659939763626
9.030836894539656   6.550587427996369   4.812465902523806
3.5745802580072303   8.592830685239472   3.650101752107884
10.05115218574821   13.260281943759074   1.2504025874266032
2.6004908621631433   5.137965325310488   3.7419188948032693
7.95432767408515   6.1203714445899795   3.3586179245899763
13.259092915151374   8.903944745215297   3.0770224580737673
5.913173919148709   10.285818010958277   5.740983283581795
12.494503852589252   6.171297363002139   4.817708218896166
0.7077898485348681   9.967312663850514   2.6041692733100383
10.355943916776695   10.697664188537596   5.5145407003615805
4.315506715558614   1.300343816195575   2.675837477031506
8.406320988253885   13.703201420791467   1.8415960412996433
5.611502186488995   12.127647658852748   5.52376262715344
11.582218290457464   10.036733657274938   3.741613064637442
1.580772157051629   11.613702653019295   2.5875322369527427
10.331670800879929   7.36323689597706   4.883603076311272
4.382749939402566   14.114083441929127   0.35673000764618956
1.446353447298932   2.0828169753782646   3.9062593410611965
7.827966200698811   0.6229148896271401   5.076346778171518
11.589198582058772   4.421753325586004   3.172853565058044
1.614100271312202   8.796348659940309   3.4995805237621065
10.222832667176053   11.9834658288616   3.2254593693457134
10.518152638944429   4.0416413432476945   1.3743935111914907
2.8830796096268516   12.513054552364832   5.379928223635484
