6.391259097085607   3.008092142042878   1.0609373341835286
13.411327053691581   0.5788779104657602   5.9382879567161275
8.61994547094928   1.3900809530964788   3.9132374996931962
9.274002316994892   5.490408638901658   3.659760957154756
13.652662163599244   4.907118189623473   2.473337714696799
1.2606544201719452   3.114957429371258   0.935315606551137
13.997290652238553   9.750095263683908   5.3192329677724794
5.848815041105407   12.459762515517404   3.8038843429079754
4.004627889993297   6.457129357739664   3.084561469785052
6.403984275475828   0.03258668573769263   3.285123341645983
2.19489939215848   8.416291454186538   3.40574136609484
12.363297861060074   2.881129109328099   3.7887610823371816
7.621749949719792   7.559802659970326   4.7087488744783625
10.347545788251423   10.193305508626507   5.359206292773367
5.7142668336371285   8.352426096548962   3.1551959517136154
10.249472962932169   1.2225153845978167   4.669724512915929
13.669325266311931   13.807139778157143   5.953190766489506
5.387787089230165   1.673318706602647   4.229092545752525
6.776600914396621   9.52689129537892   0.1584877188856499
12.413640669092658   1.7455476186480148   1.1755684829978028
4.189766709129242   7.528965428075344   2.023892885816106
8.565174602526938   13.011969612876277   5.954004704141719
2.2290679012084467   10.770665297833604   1.8248064348684843
3.580919830416242   10.540592955287305   2.1716726587062514
2.2410476074419052   3.8530405142366395   0.14134129085070987
13.394069368767894   10.740490159984748   4.240524048897475
0.38741485283268157   14.157432920753035   3.65632004587806
6.297756406166082   6.016897616511547   5.255329715648717
12.317627017488809   0.3741213296720798   6.034432571538389
9.703938541816166   2.469311791666683   0.5023613723254573
2.030080983582407   12.712261194034204   3.8002415736836013
4.083443032999678   0.0040636276348398614   6.240194644612628
6.937705447184256   4.960745268232749   2.4298376842291116
0.10777893396781396   5.705580160594813   5.237810145338354
11.719413784710525   13.120247893280265   1.0387097777114862
8.999045592406093   11.98726530511331   4.755966442533628
10.974355618435396   11.906933104413568   5.962041428303779
7.790018113566728   5.9466671458119515   5.056663594101103
14.02106294820195   3.648686797589769   0.6626313667913604
8.648562350985367   8.535758355303868   2.2064035277619776
10.260218541047225   6.7797365141273565   3.9815944215930754
11.131541680079161   8.497632554837976   2.981559445669934
7.096083157235116   10.879988850224324   6.174962989786076
13.627163285100266   8.024813287414595   3.350384302050126
7.855490749730381   3.178450951559092   5.610374219085481
12.617110536961567   5.970656478177192   2.0349536331476554
3.201580447779568   12.093609200348844   0.5818660398846266
12.911245951764732   12.854865063536245   5.839600472576882
1.7408631966139037   7.414795236740752   4.219781189186102
6.070256931183156   7.083260694532369   5.139102771863618
1.233679801867737   11.632601265996518   1.5652485124603182
6.8245851170774685   13.399103850598674   1.6715215120426254
5.316150144193606   13.970299741097877   4.863251075921268
8.309605788032428   10.790963110465801   3.5770716871924466
0.030850264206879197   11.813577146951925   0.9402368769586961
9.82486831156636   8.998042931090149   0.2739712660920759
8.661240899816278   6.662301730314524   5.583395109827101
13.567097188232383   6.725952170944076   3.8414813442239186
9.738476784648672   0.017101095679640466   2.832081849095438
13.830007952124111   1.626869129332865   2.8890134606343567
2.1096819273328395   5.279383090349624   2.917395227954859
10.916155803260867   13.856981026915676   1.6373383785272935
12.283960640277751   4.288998396277773   5.450797988808281
1.6923131040119208   0.5216907216236437   5.943059674114164
