4.933250231088573   0.8781824959886361   1.1240388904365777
14.271470539277617   1.4258111991953846   5.368236047914101
8.382292347019819   1.9872440879506406   3.741059745609482
9.341295695653324   2.5399417331949445   4.077840780126954
12.798257417554805   3.384751534430559   3.358210004840286
1.465900063274796   2.2471469108014444   0.9043710329138082
1.6913273046324933   10.964123172488534   4.516391354699755
6.17452186769433   11.748453125694274   4.282009650004898
5.347401265282414   5.798307799129747   3.5972259337463077
6.703920457481193   0.1915953049426541   3.709565655006345
3.438454406096637   7.8014367978759305   3.442217069879839
11.31292582448827   0.5032211841393524   3.5862565597800904
8.085464635039427   6.974375877109388   5.086231493972138
11.231344894431986   10.499892252839341   5.089331370879683
5.247309715202934   9.063678333556496   3.3642260405260487
9.40488120504643   1.4430827932023051   3.5203038696490947
12.763052376962538   12.533954420208401   0.18964662662474455
2.8216010625612817   1.3673735265485731   4.5488340616257315
7.919965871419809   8.30258231415929   0.595959620363986
10.561282434643223   2.080780606345711   0.9562486742766573
3.6306878180482776   9.360324501309904   2.1965996554154286
7.800230668296231   14.211255148632624   6.027694201228423
0.6283734782873239   9.528694020943552   2.7949826715561357
6.029923349502305   9.973034998370137   2.701284102797442
5.218867776557425   4.2353728385392655   0.22910197197209153
12.037807872422576   8.943440036580766   3.6965881024343847
1.263591328020837   0.09732315163686422   3.619782360631412
6.233007555580494   4.8866788661358695   5.882578436367145
14.001332967679856   14.386528040037714   6.172410728905084
11.63301347963078   3.171421828645409   0.7714142631317464
2.747214009018903   10.818015834684866   3.7998666506705607
6.220714507771141   2.488784827199683   0.23944615517760776
3.821483914324653   4.901234305130178   2.7276319566333505
1.6856637776912602   5.465675904725883   4.539179270478788
12.991689322028474   10.257268638769997   1.8078114819711415
7.558789104443981   11.954689200578613   4.796443342929238
9.944492454068788   11.169529437494825   5.697948559138234
9.439158730400381   3.975653361521668   3.982925056114236
1.8907546778497089   3.8544444014308996   0.7094478623462153
8.108182377220757   10.206412619487876   1.6804548243994215
11.16106407074755   5.9287018650026635   4.6533112173923845
9.554901533787572   8.578759851644769   2.9040444346299976
8.691292647126389   11.397447485409849   0.26741683221498125
13.929700767808871   7.476093124824685   3.2923673543854974
7.618317056416115   3.056465693944522   5.54652640375066
12.093208616804132   6.484214591160197   3.074313726183625
4.413799530208225   11.362131792738335   6.2459530006478845
14.29609064092277   12.296588952318768   4.459108866032058
0.6183650147486335   8.406045576465495   2.903633011531111
5.570479064255616   7.9605520057880685   5.1600191671665225
13.875209424363353   11.329276451022876   1.4618446138548742
5.993370351779719   12.97972426200492   1.2142241610446434
4.441837816142594   12.963365087392594   5.2774265401608975
9.101850802499978   9.735304370659636   3.2492326320400817
2.0314022525289617   13.445144520147753   1.6364592381021164
10.22948463443632   7.402465296478654   1.0680179361080633
9.658658414368482   5.27431997711708   5.751683555711023
13.681759897067503   5.357091274191424   3.9118922649036665
11.28003823203062   13.818916671871767   2.4414450975036983
13.572415076742828   2.301104830932412   2.4402421426866168
2.3161361245577528   7.637098978295955   2.31085885597449
10.389349061004516   13.219028545173074   3.4280261494509077
11.39938880273451   4.416635743911818   0.13144594617820984
3.492302595400101   0.04986590607994265   5.5603921697136025
