1.2954921285818743   6.527191455669059   2.892447147899556
1.0610428610042482   13.931301524225802   4.510385730766856
6.557134803095053   10.463366583186192   3.7073870649430676
10.394220555865648   2.489489070629193   2.5258321219631408
1.4987473575010617   0.6617740078767189   3.4741243424919026
14.019377361986338   5.358863379737118   1.7569914283502177
12.106291110536814   8.372573134506919   1.2920540486324803
5.0598900260656485   3.1684586429598713   4.7702992858562805
5.240791670616454   8.910814715116889   1.640257003809008
12.830404497072498   4.813235816683942   6.074428442448841
3.960913688983517   7.448702954517944   4.7581689170927115
9.669785003401303   1.4499307667568826   3.704800414241532
2.562370173734836   2.2938129574302373   4.98950067539664
10.889418634732834   12.57327461397203   3.7968617914003087
2.0395092142715328   8.600449941418375   5.207285364785606
5.780074075573031   13.359768010655307   0.9427222703790997
13.939951640792316   10.399740975564129   6.003943761417994
12.115392929008248   14.380234730266155   1.0028503700481426
7.055644507225575   2.306121837202167   4.723875582893064
8.027607744968963   5.912217257085825   4.4634679736622385
14.09153238014793   8.117442285450949   1.2229649458732497
6.454630716651012   3.689795695940535   0.028994183046783917
0.7619265915378516   12.660113898403619   3.285811206663534
11.229465155837335   7.305370236429177   0.129600749265782
13.351605910899965   3.576174378229843   3.390927480806359
3.009982675799305   6.267839561568874   5.897291076316504
13.748135544331987   6.869724518544481   4.927758345037606
8.782523566699737   9.775484183743355   2.190055781505221
9.348473351138601   2.4802719001843396   4.798274587536764
13.177795502134634   13.280748133855202   4.8634359454626
11.627713664321673   2.026093000639504   1.2803659610144065
8.578270035817562   1.3297070568359322   5.357795630457089
3.4513753977121713   1.1400812589788656   1.2430966250720534
2.9414337173342746   4.0938405229741   2.7488142321609303
11.949410389183864   12.602113397475263   2.454961824702091
12.077181429479438   11.118859122548086   4.335309808220646
9.422082555160474   10.717432229974273   4.336024722795801
7.317008474175231   4.570748329038439   1.7821006770806913
3.6706894244693946   14.209688631677254   2.1796364853130434
9.226707622002069   13.159981484347792   5.144740200606853
9.94722720109733   4.440973367289907   5.839912254689488
1.241936214309301   4.262546486841432   3.9576030172189314
10.249153985135505   13.787711111765663   3.0624972794867005
8.114030359311498   14.220498618270101   3.903696589136886
6.882352636144054   13.293431038296733   2.096823736269886
4.479068450820878   6.4039913130135   2.5820460820669333
5.130574732283328   10.253044151223722   0.22290507226877396
11.090605607591648   4.037522015426299   4.29853833146172
14.013339487261678   12.49508766739425   3.120008605297686
8.214628000526579   7.477393652442977   0.00274982092170184
4.836764739843941   1.119275790214925   2.2059862630080835
8.42329281102214   4.939888743131322   2.1523503889159192
5.567471382026859   12.223320559544955   0.0320483028729156
12.158938600557942   9.596838242294123   3.5307657703551376
3.383959990623132   13.171979786681723   1.928646084539287
5.299951854739788   7.288334347571901   2.352519956296161
1.114685921647265   1.8764300366528652   4.941992186821437
0.07837619233400872   3.950737205469988   2.350146820856138
0.009739599703475182   0.05345139273336308   6.025303018932045
13.875069596635077   2.5184824796206104   1.6518626352497372
3.833583251708892   9.709044956760296   3.3090551752864488
9.867374106401154   8.247372967516572   2.0157110044721214
9.372157160499365   6.5461502163155485   6.2429442776306265
2.931172109393625   11.45023578378498   6.01105821895242
