0.047128319045651734   6.863175227008548   3.2208117711768787
12.51767780909838   13.121672450994954   4.81056900525412
4.541529075616847   13.011165571176772   2.392188031166832
4.520016376626759   1.8832898149137702   2.9190758270866874
14.23589692524869   3.3907557275954745   0.8179879186664138
5.290366380566167   3.143687455189414   3.9855335205609297
10.659051930403136   6.389625833879131   5.7067237114490466
7.635997604704495   4.518271705889289   5.998290607118904
1.798453675862661   6.4733116268801165   3.156643585199296
0.4855930049858607   4.908638522406017   5.293571011954243
2.5034324992937447   7.9674086036521246   0.8344506939810681
7.444529731735508   12.970348149433168   5.857620837707312
2.454125420685585   2.2547940182124373   3.600148096341842
12.192273564629973   11.042074700755041   4.199503977388026
5.45620456495238   6.862301234296197   5.457973668931946
3.5666288428436492   8.828497322281931   5.1730243284479975
13.93234914884171   7.8536277876728136   5.978284085882988
9.605142829643041   2.5863686654489273   6.2756527570097385
8.494081085886277   12.965598354175311   1.767108026467981
13.21064315730134   12.276656208112492   1.1735311134338957
13.971273075758226   11.335658043040949   1.2184322919997217
5.390929432303291   10.331365455632081   3.9436482180773553
2.545176021143462   11.649232166465108   4.23529475658888
5.692734981872083   8.184265153924715   2.034182889171324
10.104069991994328   1.0351215479869609   3.214268840369572
11.838867321227575   1.0406352369171334   4.348757930026649
9.525487802696816   7.620804376588307   1.3166025206442642
3.9328700313486546   9.84995526804464   2.186967666578796
12.49801146422012   4.321718888913704   1.8630868486648218
10.436977850948011   11.32718779220209   3.5281155494854106
11.377778534596718   3.534821080362988   5.209568660432572
2.1065688361393127   14.04170405143324   5.081928841589012
1.2224712554723196   11.685634656294933   6.247610565417615
12.626736839014436   6.682946309038831   5.514753875823545
8.075994151033195   14.044047896492273   0.006013635510426579
13.987121853825043   9.154845050294492   1.3436071914958978
8.232674679041962   9.403948059601293   5.524830577687193
3.2728811281234615   6.335215509066242   0.3784280707216446
6.202490666755257   0.6873125660255662   3.2737536899110125
4.88711457639987   0.32042815296960137   3.9317750654238317
7.267019140438679   2.208826779749369   3.3650943094025942
0.7888839569198122   9.880043830525054   3.6463665378161263
9.64708243836181   5.8816606041579576   2.1607735438695386
10.367647778499178   13.093328418553739   3.3062060521728363
6.849069727493212   6.685576998647619   6.132639602277412
14.372272971439408   0.5807449646506303   0.7175133647562536
1.4555662043195454   3.7099037094386826   4.279947072466051
11.146919097503947   5.041962604789594   2.706966617575544
9.500982476408689   9.351391626816275   3.5601070413479246
3.7706964420450215   2.8113156271251225   5.2751680716532166
8.287555747768389   1.1822167834580446   6.212468488521715
6.215307495241999   4.151775244549869   1.1826041792968993
10.298375393885003   8.610692954988087   2.962347005274019
12.413343727410883   5.526319066674095   1.0586435794105347
3.6355730416433913   12.456767670878204   5.345024249590151
3.5548375657550997   11.280253416117317   2.9769992898108963
5.202782502157615   4.53660751615781   5.218721987849648
13.800360085353685   5.389625080257348   5.608026830374727
0.18705047901324207   12.970477269143506   0.4216582657429198
10.642678174336186   2.226800519710346   5.281558089472278
6.226339438753921   12.420639716014353   5.217673341216057
10.728306918118726   7.498539861063201   4.407927183036015
10.313984240308194   3.60867785798012   6.005875060328104
5.631064474631994   1.9139441448083228   1.7162151270846062
