6.508070440746067   11.478386189666915   3.209960458162304
10.54820899114591   10.905947568295021   1.3371643475582566
0.3824019524323984   6.516631059585755   5.089243324838784
13.448503387021773   4.040377491543888   5.507199608661823
9.74941070516412   5.8664471029385385   1.100456952869345
12.621055971254831   5.0685941342135274   3.7793839768793873
13.814249763163362   5.839401350714283   5.737063311335637
12.986041453709277   12.249782401675496   0.07694281001447821
1.7622893178531016   4.038434111224516   1.5174243278787036
0.05317726939443901   1.1211962460294216   2.7053668210391093
13.873844519878432   0.14235651229230228   3.8619406395259697
0.7708238293551709   8.853321340189392   0.5789050049773617
7.729122104799565   7.141240232889755   5.262141730420126
5.476288186010109   1.9757925286931126   1.7319204910918415
8.890479854614044   13.91379264650325   0.12338470279125352
11.397777309516433   13.317964694756734   3.970743930445853
2.0512793005881074   12.543549336982608   4.6669235717554995
12.899210474630218   0.5521153650526531   0.7782806881258255
14.128918077674264   7.582755190610239   4.715627965372899
3.9984402706434423   3.877584886589597   6.16889857455997
8.066538094189236   10.635963666352767   5.552722010350494
10.087136334264292   14.088860386380041   3.4895995778976876
7.110378752175939   3.817562607494742   1.667741335116832
0.9411515295446029   14.382632640669504   4.027825020433205
3.327198346898647   0.885963779320851   0.19849289399628803
9.056244802172003   4.89294578412277   3.032931226670287
6.169138089092034   5.995380096959379   0.10645654709109383
4.749053132932591   6.802788399831492   0.26099170919811787
3.7923464437293717   13.187749994715372   3.3937531161614274
0.05624487599681238   3.020536767240679   5.764679568394599
9.769131233261023   1.175728731642335   0.6004745976202349
1.251481432693703   5.640954708408027   4.348679521037142
10.658517046547177   7.661245529440815   0.717578458728213
2.219840785670549   6.241971505117784   1.1430835094792429
3.090124120666609   9.96328696823547   5.17438456147166
4.462468359913879   1.7720259321837675   3.0773547073822263
7.386676046052805   8.616644854695405   5.83907397487186
2.816173934346248   3.4125938581747137   3.2923918862218295
8.009180918869712   4.472649005938608   5.745336048213264
2.1085130017720837   10.94643677789542   5.343174112668472
11.38448623704599   6.6582796544530725   0.023217811292635948
1.5603331385300159   2.7134276157343766   2.2457264592777357
2.453485636137662   7.815528545537859   5.630532809075705
3.5318326499994876   5.102694437665765   2.0378755578420567
5.554722199303192   0.8694734937321181   0.3245274118680648
10.086955272495318   12.128050851535203   4.574375849983195
8.479604356676724   2.4277528550701244   3.6393522927144826
5.742428460523748   8.24636867205059   3.373354112720662
8.29896830785744   0.741183156567085   5.077613433647328
11.343741674654732   4.929633831602224   1.6605464298000168
11.657333935101548   11.081595944925285   1.5114699949862185
2.5587724431525314   2.091150385994236   6.011344268381362
3.147596223999191   8.620908539087264   2.571961762021188
8.992120801920155   7.607957223128398   5.794077993556469
8.897160922237411   8.866197532634057   2.6913391901673647
2.1942256748380258   0.4171477621504718   0.039285114089860684
6.920832825569963   4.849593374187218   3.2956207911129667
9.748395776768803   3.7950235003924377   4.683398163951955
6.857148679534846   2.0212263347119834   5.612510005583963
4.884509705934267   4.794059955974742   5.908653404865348
6.33630822619177   14.406561273962442   1.1070759472884673
11.074557718104362   9.69240821200372   6.021301171213745
0.49089107420071965   12.926000040831983   2.183198769910269
9.95192761247722   2.4485391545130892   3.3634405393620956
