4.631461008442948   5.093475029856163   3.26546356210093
3.657727398228109   11.339067090980834   2.2491820049308475
10.968882207159808   0.04763467263145671   1.0447345582966852
12.528266699842439   9.579642886913444   0.1353448517310465
10.874921511608326   11.524094893953592   4.026244474747014
13.544845533742322   9.249671255535448   5.618323092325312
12.755315625178095   8.48267641082886   0.28931528088612196
13.620490611530082   2.6568220730527083   3.4112006000300843
0.24201867394044252   4.815890633403709   1.9627188250799419
7.829673500468746   3.3485215577707295   2.4436229004579575
13.557033674231263   4.787599627340449   3.0999008213824406
6.116602834500892   6.388197974740504   5.740410054846538
8.795686879878525   5.141998371422267   3.6222246946747245
0.4883531035459179   2.8725769896586497   4.748950005586002
12.426970222426897   6.581402324388101   5.200518105467396
10.259170121324503   13.04579369273394   1.592753061063049
0.40972287412392666   10.655237961725263   4.889225258496406
4.020324614503392   12.390309880815904   5.3375857552547075
1.2761444712621557   4.123985678460137   3.050430630487815
0.4561581306948896   12.744476424904786   0.768330437123091
14.12985411029151   0.08662089979920395   1.9917662905983249
5.413099210034366   13.873890341662717   1.758511349925674
9.925567743086743   5.299517724556065   4.838416625034652
1.6665974898476774   13.219464911227504   5.059181284773867
7.485198626016089   13.64972884989333   4.284233655716593
5.03233752551234   7.663705610576472   2.9836488447886795
5.258730652648541   11.29289245498479   4.436280008526737
12.451306962653724   0.06414299156890912   4.998986447273965
7.417810908139355   7.5395368895100425   4.359199778230168
6.464858547139536   2.876296940715774   3.283271824948412
7.186979275303867   12.506848485790304   3.206635705478494
2.1225546939553586   5.704900566242762   5.062354024112324
10.072491921260758   1.4710647536007917   2.585726926411441
11.685684520144445   1.030338949645437   1.9671829336460462
5.603865889684345   9.042909787643298   3.2107620609098486
10.486024191099522   10.495910959759954   2.2100034594632563
0.8042163985327537   9.267121368407842   4.902473124538904
4.3198520331505295   3.078694740391462   3.8803563371212895
11.13283128594333   3.906632790831243   1.6868470494417667
1.4845241940294607   12.182142044169286   3.9346763143747343
10.279381566575578   9.244298314614857   2.7423436956501184
5.805914064308804   4.903990727366146   0.913632314164564
8.190436165399301   11.381654642631682   1.9640156249644898
9.323181451018522   3.923076664686339   1.9889056175013415
2.321624274977762   6.948944064881249   5.844348975602799
2.431871864288997   1.7399286384432608   3.1415716311562356
8.639770175341074   0.04349041338892773   3.540177595103138
0.13878227133121257   6.078624511435851   6.246504498213497
3.8610689323522687   9.802620355207447   3.8022205188958376
12.796643921848498   5.590250080025408   5.166166701442922
7.064627430808021   10.810572706036977   1.2685474549256002
1.5890185100308336   9.96889148219233   3.9378435748298584
2.6597546538985117   10.254454563552779   0.3341663894930936
9.591928857870078   0.43635453273950353   1.2908614169315442
9.647537689015085   11.377914772804472   2.8623418815878474
9.85629533862092   8.178615812185997   2.292381625607021
10.338529882792747   2.9876653417761663   6.252426367973514
3.6526389624807307   3.923695538039975   2.9082406950595314
7.023962394474269   4.356440423546381   3.358797922156315
3.4495063068413785   5.067454418770174   6.00698106920864
0.7545357827778266   0.8044381835622563   1.3614514866754
7.231392730881681   5.530472060464616   3.0505243618325726
5.571446019267051   0.7943956054980317   0.7635125093120465
9.270233976172108   2.6252638759260716   4.615512378319803
