4.79226147215157   5.758001440162259   2.81911482379494
2.306109334934835   11.193887536641732   2.0290250610231486
9.281649592618082   0.009758947567431842   1.0867251239119087
12.411115770942306   8.697602096679425   5.975788373778287
10.006292440766517   12.839961014113664   3.642569038760801
13.333819080999122   9.57827833117847   5.7183747329054935
12.953164182454591   7.537229181373327   5.678992039931402
13.246303471135978   2.638379987472993   3.157476938400423
14.323127332772094   4.587892291186149   2.230119136688856
9.106831244830305   3.3096495631305767   1.894464183722575
13.28128925999579   5.379132613505009   3.8460962899044357
5.9445461900947025   6.469413405591385   5.726319793702586
8.283319904393277   4.475877558609516   4.171471825868374
13.280193485632143   3.8319550662690363   4.243605214163905
12.111323250305697   6.280471818844499   4.260562753239292
11.336285023224116   13.77836438367347   1.3492632446146338
0.3782331096474993   11.505851547666369   4.205391801887973
5.4769529423493575   12.95284161571825   0.7873534207096922
1.1059812425104623   3.7891763413541852   3.325326571477163
14.042995907186425   12.432214347720718   0.7870796269439588
14.349934752070467   14.246272586741537   2.1460681390962804
6.253161445485892   14.067670778501272   1.2045462798558306
10.096798763143063   6.727103707966227   4.906035784950147
1.438664920134894   11.913540076194517   4.82677647838049
7.161216036603678   1.827663058681777   3.9491909529538445
5.35155594760936   7.780178744717615   2.599803258009802
4.985941439694605   10.722968446564044   4.830262352670061
12.607063895872272   14.362290897018454   4.699957177751159
7.111911967535173   7.009076836369545   4.566837414880627
5.6188157501341065   4.243396991284355   2.532693811363307
7.707211974080618   13.587339054671903   2.2132418610422113
1.4218501195111934   5.346298138652257   5.114838952418372
10.623121248129479   0.4923192325765145   2.6675071678284787
13.12161825752418   1.269558338468555   1.6186178679036314
6.102552289549923   8.805202966361549   3.479183559036521
13.287845788205727   11.521364862198569   1.436929699240983
1.7884170486604283   8.346177766550236   4.9946862342746146
5.588947064348801   1.8867695392037236   4.534769900909702
11.583310731280907   4.030167862884554   1.656789383421953
1.1257987371602542   10.51571582237476   4.392203569141368
9.311799634566542   10.367199852835045   2.827540556085274
6.031951882537843   5.415130990929624   0.8943565061161561
7.591506201080338   8.822580702171003   1.86624834746387
9.32219021448546   4.890823741278186   1.272035599346857
1.5979873957801076   7.0302545655237525   0.13706353982037633
1.1792476823133284   2.5111997003096977   3.7504647939002895
7.72528494253384   0.32474776192737065   3.5446376282141285
0.701053014656186   7.810208963867151   6.218252985846711
3.890942694881641   10.57497535146933   4.102313227163066
11.85299696395557   5.1461890427130434   5.132818874666607
7.040268263635326   10.925515664428387   1.712894538488741
3.3344461524063624   8.946141702546056   4.170350570114753
2.4672495731981052   10.048135133999471   0.1257351538304507
9.05272078141462   1.6742770056624368   1.147417745708404
8.95339870906827   12.471830033709235   3.024317056357956
8.173741356727959   7.840217698302504   2.0548430604422028
11.700816937348709   2.3249047855271385   0.8120833711889901
3.766805958893345   4.164578339636356   2.2216752470586507
6.842051232961009   4.760035625334286   3.787653354181053
3.102480721970151   6.493673989227946   5.267829410969166
2.022288562699966   0.3622128475245739   2.1366597705671753
7.743555210647177   5.950314485158997   3.4742189270611927
5.252709609873346   0.4584167251919433   0.5708480501151505
10.517482402034943   2.711709208931927   5.169744968781416
