5.718390312257244   10.962424310101824   3.067360816329945
9.020934707316616   9.63714922066944   1.5719589445829807
0.26327094368752924   6.597337342512211   5.697997958456094
14.089464280650644   4.784700234906306   5.451203972019159
10.916797686434533   3.9117437650508298   1.2981751247042923
11.523714449715868   4.997528369012372   4.945862017978364
13.22613412827899   6.650880513241319   0.09142479026848854
12.39769893626293   10.372585468631378   5.136100808362834
13.56683617128002   3.360477375624888   0.6065859896694039
13.094695731721204   4.366744161301651   3.454813949540064
13.263489587529584   14.291879181528586   4.383649895877738
12.943300485564604   9.444401321751583   5.776111861670518
6.794584566100732   10.851635227338905   4.98821185294962
5.899134575849255   2.8110108191415244   2.8506627698252696
6.831560547263821   12.11750176265698   5.345050307643439
10.845019194164449   13.479967668868078   3.874333586258223
1.9146480182706873   11.335612840740543   5.66043131433871
11.660228550737273   1.4542156054448223   1.5489606587041393
13.776423406724172   8.428691113664298   4.9252185038832055
5.038019910621778   4.310122654297353   0.5551571413849945
9.649573430945525   11.671904235347288   5.3566988309961
9.392922208897668   0.22574385459730706   3.4236187877892243
7.868970839634927   2.4600402265310226   1.3709135055308501
2.0658114679298327   13.887445712409097   4.307190556243384
1.2921729833408462   0.46821827661388554   0.9453896122455191
8.977498897969138   4.538223177574078   2.8205363418886673
8.375319869176238   6.515332642100508   5.125293944399312
5.770109551138336   9.500028493275641   0.43962142240959223
7.303778434203591   13.790942125107536   4.472568586609609
12.972868226159584   1.5490145340985861   5.719030956091506
9.615222633613625   1.9739849330930856   0.6179261938733712
1.0204341901883724   4.681537670283498   0.28239892446386095
11.864516593095185   9.180562693238976   0.05769489521793325
3.118989854840379   7.080078354338938   0.5134926841600829
1.1283021607349624   9.061722968783158   4.684939560457474
3.458221330725438   0.08860427179112484   2.608785900839033
6.869784707379795   6.659748801866868   0.21828699891740988
3.2539309591865555   5.5413634399831695   3.5290033683812356
9.436305749639319   7.193133352008712   4.415322008331207
3.420143999811772   10.621315897012403   5.611842107341996
11.952265695813866   6.833127107771472   6.117951335330486
14.298373683316818   1.2886570258200345   1.3840911521851407
3.532022728055163   9.137567949444692   5.610631603489418
5.168507459028101   6.963741110932138   2.759513441511522
6.2068507512758435   13.639075432712225   1.2687626703213226
9.661309708086154   13.618620601318284   4.257115638013523
8.152541437775618   1.3915059572342008   4.046955655311235
4.613238165187004   8.97891286816335   3.1613234596085404
8.283263998356738   0.2610361531677137   5.903683077230869
12.484149328808227   3.035728519095256   1.6957625489445214
10.276712182063822   10.825516177841191   2.3551205208809205
2.8638162514744505   1.5498270605930706   5.865660908056843
3.3022830426312844   12.022518745471164   1.7530345039796265
9.345784309686096   5.612304357770846   5.888258006339978
10.925486366707188   7.340147076476514   3.207804867654557
4.469201007513842   0.6460652962811763   0.1713418684238876
6.480379743857601   4.1540090902538225   3.7490790703784915
10.01802039838091   3.095321812175802   4.263022041539989
6.68612530095006   1.9624911827671734   6.037093715750297
3.9392800047568985   6.35420666206642   4.590885502710936
8.62306210998333   12.922627803967847   1.0734311395211111
12.39072664483155   8.10957818021495   5.5591479177025525
13.931766407096205   10.420259946462714   0.9893410259101605
8.805512273135765   3.0524677349727214   2.406135507171664
