4.852785811394541   5.62006563258785   3.543449728831601
2.8886343893112376   11.861166169751566   2.364100690206568
8.671406375052365   13.759944962556524   1.3055484199309313
10.8829535288681   6.34604053942792   4.722112368479555
9.830481147475691   12.917846798453123   2.911835405049854
14.156430851003169   9.396644179940138   5.494646684982218
12.81495528550536   8.607562262934076   5.646902264331564
1.6270344058999906   1.1257207381524401   3.437331630605642
13.862762058261945   1.8787179932882825   2.986144218397545
6.631116527476226   3.6729387998719445   1.6005272833287845
12.498251903559828   6.9544144601370625   3.4217175389535495
5.649873184218368   6.643613714363595   0.3532752414414665
9.685971281329387   3.83640669464046   5.3736583349092015
12.451818197874175   4.160891610985925   4.239572161978175
12.613600958745968   5.227786443768007   3.623796109577119
11.918506993849979   0.3074102497503731   1.8028176393537176
13.562302301145557   11.448385954695087   3.6807982787079996
5.4430990479117725   12.991225393465934   1.760476772732469
3.4932612945340917   2.594159961458983   3.270544392942554
13.55880441355819   12.629116926870829   0.8741794607114481
13.96512418670632   13.779594776704643   1.8453416733659471
6.511897594748659   0.22920665247659958   0.9351387468007706
9.845428004474401   7.561113127749983   4.3118039578830265
0.8789853876439135   13.789490624761687   5.715583856181202
5.799546017552087   2.7115993725166776   3.7402827232369136
4.414710669427116   7.202294339874832   3.27206673150479
6.017665539931595   11.474358485739783   5.288324539924988
10.400400748438564   0.9161854468239748   4.448878858279405
7.094744736571063   6.098538678731113   4.8729860913416925
1.6687190746712144   4.559363524580706   1.857293521390074
7.328933413957877   13.419076647347117   2.2958251664890743
14.360980523456922   6.444961702172441   0.11962593447753544
9.910857951132261   13.949349291869265   3.184928708474604
12.017894434082166   1.6677246040800062   0.9035332078491083
6.3502739185105455   9.81141383645151   3.37760047815968
11.871291551304099   13.007453389812753   1.806403457300568
0.4632421841842165   10.249673598549899   5.3840827969414775
5.501936523106051   1.5412719186110748   4.6197982123773995
11.450580744069965   5.351421924483571   1.9654542664353847
0.1881320230215895   11.724990154538661   5.441928100016897
11.079253894409025   11.035198499434344   3.1432392273039826
7.014808295684364   4.98891608840662   1.110046139048836
6.70501563540895   8.420734517082643   1.3146987754552186
10.042561262329523   5.12831456315951   0.6368185179647426
14.178559626139542   7.787557521648273   0.3658292165349964
0.5475444676048395   3.667036037072698   3.533366559658167
8.123793954043007   0.8209653553112186   4.206968097068452
1.0965562791005252   8.457494945061955   5.703919789797951
3.4978555651395027   10.907005710180378   2.048339843734588
13.541690217578127   4.798604257042499   5.878722721721765
7.834293784277053   10.74784561052606   0.7715655879849417
3.408911001333087   8.533024056391493   4.684543746266192
5.201432646249096   9.795279069155177   5.564108100540164
8.276277044674863   2.6397752212688   1.3635518526374109
7.217457525653108   11.758300214193984   3.5652593058455206
8.704773623391576   6.885843872489988   2.012073758017971
9.357613004285081   1.2340112042174745   1.9505848142529854
4.569546995231315   2.988088325362649   2.197697814452407
8.148499437440389   3.714502442058972   4.098513052952271
3.039753343932503   6.030590740330395   5.810118771601575
3.165364931857008   14.218208504187341   1.8390707756154732
9.047030499098256   5.845854628884204   2.444003079106757
4.415459596079674   0.9110363750025595   0.4116779916291343
10.777910082393742   2.3000471158672586   4.400581479989034
