3.0674975487724385   9.724688155159933   4.483053746843714
13.866093280034544   11.532371779218039   3.423062651457352
7.352598037882437   14.177170870383273   1.7047785033825396
9.438196523491909   6.937622582307366   4.236823531804744
10.576245044362155   10.83981728935598   2.4416226930385565
12.362408569629931   9.481801288090526   5.432220541182818
14.126974834434973   10.380445298846748   5.632748605818848
0.599640204580584   0.4690973257999349   3.8710389852461553
0.3987719905638297   2.9801493882936674   3.9056354404280924
7.126539161472367   2.4908663550461623   2.9135140637999144
13.613681087837204   5.105866276475387   4.724122067623062
7.671858400667519   5.74689684514777   4.2688620958482675
9.896057940185674   2.3696826582397668   4.521895171433165
11.070968942199624   5.526213020097715   3.8342611991401547
2.7265198186678576   3.427628783057791   3.296169151179014
10.58744618881885   1.1845654006325717   2.5801926573413634
13.059178444160954   10.631427815441146   3.252050268100377
5.283141493566006   12.28547136075167   2.0848769523175887
1.613563171262996   13.509104805360723   4.927703429062187
0.3467254597972696   13.85287485074471   2.6442525709073927
14.386397574091575   1.830810364301968   5.2540486299334095
3.97147515437271   2.890958126163309   1.1297156279254081
9.858667846916067   8.122493999409713   5.282211242244524
1.963198524795711   11.997394089947283   0.4297370424124862
6.192625725114309   5.73127290644664   5.214406882437394
4.04991290911002   6.6489143634293955   1.332804150248506
7.6856180091750215   12.826196059163907   5.10184316916032
7.1272737577038265   0.8488062249517576   4.407791588172187
6.312902973101685   3.4433684518489702   1.4520029309270743
13.600111133548385   6.941720049741709   3.8229907781927177
3.3796153181015263   13.91421553565437   2.0933123887639487
2.5949463394124663   8.799451082120383   6.0651590504863995
10.374701230693693   13.342576047680298   2.762358787182824
12.461291706469044   14.346662226955043   0.8294389514822416
6.945046393097197   7.117027902654757   1.860541865138213
12.24477904871683   13.040214357888726   0.2956376309816263
11.393396267193548   8.691559359820502   4.870354666123876
4.443586432129019   4.3757774860153855   2.3568028575020135
1.159353838475659   4.623707986728885   1.6917762877338565
0.8931266241645289   12.439553936943948   3.9556669762088417
6.334273500693477   10.327025914074662   3.694259568522073
9.036495376959738   4.625890882941304   1.2002366971500054
8.775543840269297   8.629716569829545   0.20631338657014095
7.134331097465744   4.713125702491196   2.7329204667149645
12.63875464351618   7.592866118868548   0.4613529778059252
1.9696202396838862   5.498618681189765   3.174908277039664
5.097929584626267   0.9274484371190821   2.6138651201582257
1.0451340402251188   7.394155767739512   4.229212904491672
5.201190309776834   7.1132938569305315   2.667793414764984
14.28849391130817   4.016925561412512   0.16238289697106842
8.199413066538922   0.5034910151537295   1.6679701172359893
0.4749766048033101   9.56948632500121   4.447262437355525
5.5714155931413645   8.594864984597253   5.804332619704271
9.362983620521852   3.4254751940562764   2.722875333807261
9.430011444504112   12.662469413985503   4.972416809618902
7.770518317250392   10.2954993092254   1.737659173349801
5.861901776374319   1.923296455504232   2.2675657884928184
3.2744823403457235   4.5004560032559935   3.568092177368976
11.404278493990981   2.5009712712519265   4.190827014982279
2.3566190752697858   7.150678927915957   0.15574542967192923
4.031915265082998   10.718173310947487   0.0845379153419803
8.409578854046273   6.70683345862673   1.83890106719945
1.9305702607200945   2.0322791968716483   0.9760853666290765
12.401280776257693   1.598669038706924   3.182682386941675
