5.6507248977362945   8.953818041441243   3.511839822122311
13.914226790398663   13.537982300420628   3.0644094637063573
0.06230587594810366   8.537325292797982   2.9465200328596506
0.48789510872372766   6.980786935672511   5.767360522796335
9.468107875347235   12.477798275299383   2.1929435500982297
13.828238930289663   7.678694836363238   3.187680250011989
12.586734016696875   6.201317546333647   0.10639680047297304
12.46457734898163   11.638419751747518   0.3291218076814305
2.781803715727043   13.885247423888183   1.4046041101301514
14.054852613035557   0.3703900556848653   2.4663399896731932
1.9395848980905375   12.416500590832293   4.636589802096719
0.31004814895259014   9.583633526715287   1.8225090550703158
6.880449227782372   11.965868580000421   5.310445796521386
2.440039260851914   2.005682040443319   1.722212938200986
10.869626679757566   11.482191701587004   0.990965770622317
13.734990967915564   11.023530761214701   1.6596145851921287
0.3559184887555163   11.77942446295648   5.028367028109724
0.7063418206099663   13.152921544462025   2.5999909829469563
3.8518130460715727   8.251396036572304   4.784101016230663
1.785112404567851   4.9358953111515955   5.815436155425503
11.381767013032327   12.58827471273651   4.350457745671642
9.3018333132832   0.034394457167260584   0.8126760587979245
8.442302725423598   2.8193726847836906   1.175100031593316
1.8857094388594757   9.387374606940028   5.634278723520934
12.202925327479536   3.068759998055932   1.8315364163814354
8.31254410869182   5.4367099111053605   2.2384639806310735
7.882460202603125   7.287235029778148   0.3787825318155369
6.439003061557906   2.4384083778133636   0.404094222801038
6.69620360980943   14.212382576780826   3.1833259855392493
11.052933131866702   3.4307474023386857   2.9542073948878236
11.31227402012956   0.48104115232442135   0.6983835399327682
1.4011540816674104   3.7115526933841183   1.0222030621523988
12.741048425675748   8.019385004170966   1.4774984923304113
1.1082623332529618   7.860370788480966   2.203360620117844
4.829151253394242   11.446278919973938   5.434129345131208
4.017396041160262   2.0356847633221724   4.019832503386055
8.031787681108781   8.881791636221884   0.05124975576108515
1.1395995966930033   5.837931900643861   5.140710288397854
10.614623638815706   4.961868496866538   0.07051777643447199
13.568941429393279   9.590080176331417   0.3860814377066163
6.95859927736892   9.578936070916143   5.958404859842418
0.5533356718733777   4.396610885688533   1.8696231955996325
3.324527472255452   10.547174894110078   1.232691483596697
2.631718592834545   7.150462766839284   2.0475162473263513
4.053325722104231   13.813736164493948   1.0568428119464919
9.103500590366465   9.338127812933745   4.252103663572974
8.717215364375233   13.442834159961375   3.8388895518543102
6.287495782680448   5.239692352170159   1.9164011148552687
9.8127118536043   2.168440483459548   3.033980377800421
11.398220012800353   5.800088571349309   2.356270245856567
11.888243181164622   10.189429716072839   0.08765593525581306
13.279638189375996   2.83576329351517   5.0307136516415625
2.994072279685405   5.437001901521975   5.183973259704144
7.473671282034606   4.832771398179222   1.8579829923471163
6.77154226180124   10.738420406152906   5.290219492099733
11.47811885622722   2.250183364809259   1.4573772677938974
3.7117740960258665   3.9907019933314998   3.529259167146199
9.257135743045648   3.574509628301975   5.056443207110775
6.991997418611075   1.0736729137568088   5.67259457990782
5.851868498930915   6.932863186535451   3.9508449567459616
2.5135142066652287   0.8655507411267034   0.64004463991164
9.488208358215415   5.910769678512364   1.235281543121538
1.3351542803060905   10.918269070720443   2.714134386492585
12.418227503419905   4.521061226650821   3.159869440735779
