4.253953672731818   8.015729241615752   3.4397849799229054
1.8774202628165078   14.192050931892535   4.430372761792639
2.56496075336876   11.508165111265125   2.423110544749666
0.27235010784787256   8.728940713073372   5.844568274502415
8.004726309068793   13.235834443712069   2.735758104484093
13.522915196327443   7.05216718593856   3.9541110219994313
13.064331869592403   8.103833224516082   5.405494281127244
8.272705381155067   11.607224967283333   5.578183774169643
1.8393700000347297   12.359202102784074   2.673412757286843
4.792890311360294   4.281142090718684   2.535872056161331
11.01238888009893   9.595182979966943   3.795364851394595
7.628128386213006   8.536949096471181   3.2441942679737203
5.727079582953433   13.370640634497105   4.50833694079849
14.138211372918315   0.8711807766408723   3.883580991804596
6.17869157999024   7.495367219413263   5.024128781035157
12.839915404299374   1.4760833901730777   1.5715021229595898
10.332333417788764   5.787385736233889   5.090488531350221
8.04418972446453   0.36380422615416474   2.6736857834348275
5.759388050409313   12.133715817074116   4.959437025578481
9.826334220101375   1.8568136649870777   2.460933130982974
11.083273883282844   13.560935039471797   5.615098124461701
5.772964361029018   1.2572499762298395   1.7228138449604389
10.320642347248118   4.199781913664027   1.8852124660761365
12.222892369222052   9.630249337404347   1.5622925681236022
13.448837399159437   4.577128528069953   1.0813888969134997
1.7073505245689977   9.296186342464393   0.6429790537689817
6.854205038644029   9.319290752930137   0.43706250298082694
3.8767689492427326   1.3009516854727479   5.406574535817733
3.3908822046012315   14.366859143810492   2.437791208176206
11.8771633264309   5.571360837536248   1.7128144150050004
2.546789200163688   2.9833261928849297   0.3691365689560048
0.9991194784960928   4.298990159193816   3.8343262301832075
11.679126704803847   10.80100438285226   4.365891334514954
13.056728580486562   12.467104488733948   5.785756151005003
4.342772666154179   12.250894459489468   5.819599902256468
11.626824148212275   0.6472981482787306   5.829036229453318
8.750044472892487   10.608198797852248   6.005436693859306
5.1551112076922365   9.462905933092449   0.9709991776112109
11.877614167700193   2.0492523987260647   0.2508057057852803
12.113020891384547   13.24833596235502   5.849657023286051
7.146727183306477   11.754796134230443   2.8727798989262863
6.820389873153486   2.443911897306659   1.7915918738176422
3.49434785591156   10.400870683475981   5.963418805864799
4.141246341240554   5.305801347171545   1.7431093656832397
6.425557936446761   3.619113508904665   4.9402233988717725
11.191170152516392   7.081155591166389   3.238940239945287
10.549696947820967   0.9877956452501826   5.212508067835995
2.4595914402274404   7.244704984428471   2.202951734252868
9.510405725078503   3.019821456236343   4.598275142784772
13.154933419691828   6.032757898389055   2.794412281553675
9.10601570016463   14.337460729900865   4.6858708116605765
12.803976707789394   10.552874165378022   5.730401847864764
5.716684956647214   10.615510936562154   5.554834161410821
8.846049049523144   3.916621495692851   0.46371305046085565
11.407714675793247   8.210919488772598   5.687892557751613
7.598641412989238   10.382620623343916   0.6724671660875439
6.6218140700767325   4.9338693653167915   2.578953090544867
6.525035059054901   6.398881363399799   3.707218709144622
8.365235469489724   1.3452129502377757   4.419537588508486
3.341491835117978   8.61138077798298   2.137294580405857
0.23088457120055922   2.5795905513358752   0.5547675599609558
11.702248677391792   4.092316406951558   2.0329915866387354
1.0822665236959388   1.435572110187333   1.2518438823645937
12.735994919381003   2.9176860233867123   3.3424956828292824
