4.565162869619152   7.999337691807573   3.509435045210755
14.340453487238506   12.807713057282346   2.5235108513003297
14.025650217992903   8.449969571108731   2.839178028224351
0.48515691402307864   6.915335324584226   5.179666711874975
9.672739730840147   12.338227898960653   2.4429423189817774
13.570051523792543   6.8751692532655175   3.2089654313399363
12.069833099861295   6.823544043556693   0.04856976475368047
11.580960481989813   11.673544882731095   0.6303719080463377
1.143504784797861   13.357371694240047   2.0387208593836026
0.9535003339836272   0.046202207962972475   2.7752516726541074
4.570310783567904   10.874688459204998   4.676420966681706
2.00137547932015   9.003607520085318   2.0484661416832535
6.937438535389234   11.55757724011971   5.497442167870314
2.769745706902526   2.0670299231917397   0.8799316487501271
10.965578531678885   10.649340620265026   0.5118391020954569
13.502992359387806   10.863177931682975   1.2413762600722913
13.379693752284856   12.259929758507933   5.350047864226755
2.468296682797344   12.062477779815614   2.701634826172993
3.2968296590656845   8.07756095427198   4.348551558070535
2.1699661598029465   4.45048731823104   5.576691013114827
12.539679239583306   13.527818597204238   4.566791111219183
8.091196757625871   1.3894056060302231   1.3494019735289267
8.106173762139893   2.932101164980797   2.088175113227198
1.66518293256159   10.06650681945976   6.048310399863079
12.615213073408873   2.680568970013125   1.0813064859400014
8.184473804420062   5.84705215472316   1.9927912571592659
8.441449801674784   7.884319899397669   0.037114781434360644
7.056358112462268   3.1332583073569813   0.6703567327190303
5.751353586862257   0.2932985346102111   3.959183047574887
10.90251718699803   2.4392188288198144   2.861580575916917
13.518662147334634   1.2353678240678772   0.7998539160837427
1.0368461280243892   3.3927218072845315   1.5449898915273523
12.7057932045235   8.338784878389307   1.054540879634452
0.8780750262389724   7.8519843833303415   2.870740138444256
3.068497148212381   13.635803264016918   5.651652295409058
3.027904393559871   3.140261583652583   3.849530083075397
8.484767351971367   9.25440932675379   5.833507361119984
2.2423943095266066   7.32339418170354   4.914767144957043
11.822625954826904   5.34896694249027   0.08067660423341194
13.340486696202769   9.59853069448832   1.5276188947480183
5.95077956268941   9.957428270862094   6.282211366441606
0.8926482223463811   4.5445187190554215   1.5206622961460896
2.6818205011558005   9.778042428702218   1.063082650753386
3.3365848578309047   6.969268969423586   1.8596263164392495
3.660578687649628   0.3563628212793108   1.0562897801672184
9.885187981916747   9.585365431303911   3.929964412970983
7.880221748747699   12.378799361669701   4.304772071852255
5.180536267533074   4.6573181975275455   1.6788298147123226
11.27854846404241   14.291854151045932   3.563566769721637
11.266497500656905   8.360915130666521   2.3624555239800897
12.037028872225314   9.799515716064503   0.5352599233668408
12.90841857544085   5.219405557870346   4.615016345482849
3.3121571570157515   5.655260147531356   4.494052934677573
8.907664927432021   4.839513763103473   1.817302388128508
7.9042588550530075   10.896212076789274   4.854186840479024
10.96952159107144   1.2613829926519098   1.663667585559237
3.256535790147285   4.449247253978083   4.613740729560233
9.153029372866403   2.642324332206773   4.78252754859731
7.593672148654437   0.4757718422100681   5.797309643536763
5.6300663191846185   6.880056551546452   3.4760415746192073
2.13041067930996   0.0057528563773825425   0.5924108988386239
10.567116953031107   6.759913378194481   1.5639760299383805
0.46571936815357984   11.12758465388647   2.909323299575542
12.957018639052626   3.8698726530229193   3.6448048671508593
