5.388879115237702   11.76588475793081   3.229368461069803
11.617132795925412   9.81523772315408   2.2799446730991244
14.129343507352715   7.243892028615803   4.1217336111016385
12.20352257860141   3.800885447303144   5.492825320392383
7.400733344226627   6.00009565560284   1.7221700430554026
11.995370625226109   6.065258778484866   3.999873264894535
14.394594585687509   4.349351903291748   6.032963283740792
11.686005990184311   12.277089949506253   0.9490787771697743
2.2888981137263547   3.9128478818946726   1.2257556115779535
13.1717294266332   0.30137171477599556   2.810498963815877
3.228684947288081   13.13789019405161   4.065238743380132
0.4509837410453596   9.338673121996425   6.007905426835975
6.658272498914373   9.729987475245956   4.613611185325568
4.998114778398465   2.7823918229817846   1.7013963019341998
8.175402114586925   14.308023243180802   0.7608451170007554
12.93530771282326   13.482143336105176   3.2836110991678003
4.056134881850982   10.857090628577001   3.9328653976284467
14.394578573724097   14.052420963991072   1.0361771968134048
1.386853578909407   7.788788657153154   4.362054213036711
3.3933046892788115   3.6201471186972602   5.799577354553781
9.191288022376064   11.040732583080212   5.052240420056613
6.380850028323876   12.723883301693915   2.334019855002152
5.577260588261229   3.7843368708101917   1.8102735582382725
2.372846631030718   11.05343389760829   4.972648305018536
2.129442955992588   0.3699235630280964   0.5262929474964693
10.851073757605075   6.201145503924232   2.1061704303165865
6.313515964156236   6.112156324831123   0.5490542795528107
4.563773203350735   6.20488757709829   0.11956925116685602
4.72546168289125   12.619682765840142   3.0064633515277803
14.152797909754215   0.8746339581107178   5.771220510433745
10.014791981494069   14.216416352851866   0.6087485764599923
0.9078877143809495   5.787679840061002   5.5208233799476565
9.395854584947589   8.764719628537396   0.5253473655632356
2.1885726599220137   6.695240403783106   0.1393113545832913
2.7903320986842863   9.687364008616825   5.814061566771137
5.097572132061696   0.23333516880530575   3.600320607721093
6.05096112965953   8.868465640815042   5.526782964489571
1.982806563879198   5.26742766949555   3.2822901602676664
9.15659395885204   4.347995347076011   5.885585224535017
13.8594710490553   9.968551009825106   5.448674015673633
9.699702935428334   7.09298357921831   5.702199883425928
0.6060519676961489   2.155801432369974   2.4794002427515824
4.880117299799235   8.930271584076188   0.2701303156678646
3.4589471894968065   6.662422409081155   2.512159560887165
6.445230513402512   1.4442702008633648   6.085095296165562
8.112589492828597   9.330996574906372   4.590545580932803
7.2548980856826635   3.4414022016444408   3.194543307313978
5.4622440112684085   6.860007945225841   3.211779523959954
7.811728294682593   2.3814863324873166   4.088231454657077
11.745687914400216   4.85625675269015   2.1789513290509666
10.408021379828345   10.454959646125099   0.35883514686199997
3.25147361540421   14.208083837897071   5.87889180356494
5.189796900396007   10.319383783107146   3.579023165919789
8.576394221686677   5.843466586207615   0.6606293794302128
8.695403134530798   7.526328140191301   0.5981301865342032
0.8144060410865708   0.6452459412065259   6.187525331333424
6.964399543292567   4.509863318539617   3.722713163699627
10.69655822177852   3.9799781275878074   3.965309555927612
6.382948212984409   2.528831606483759   0.15290041420145353
4.553269245832983   4.16205104717461   5.6240246797622895
5.958729521550749   13.975215917943842   1.247009152722942
10.638768599186113   8.778622633039525   6.039410911531682
0.6917718912945454   12.238874675942181   3.0308915977752564
10.296033582185519   2.890475928078477   3.672818604076878
