0.2819187023072906   0.554367064513872   1.0467073683952832
2.4374520743600416   0.5052201322886984   5.245965920682075
5.003341345972541   0.8406682964683173   6.066169282814471
3.9057088291946034   4.356880645882885   3.0497595091193648
5.132211030650072   3.709418004617424   1.7643720924445356
0.4595727053947607   0.784902048824462   4.268048126087245
3.4883323721962944   3.8297313688055663   0.22070824178705187
0.968972321733097   0.3308038333691243   5.752783872347261
3.2876993273846407   0.20318835911678568   6.1947652389445205
5.265037841747144   0.01893160428170404   2.510238896898326
1.6621179051754114   4.301081232633177   2.2597835206335986
4.094274962748254   3.6338734207348566   2.5884270516157097
1.1974721298382127   0.9507738471549096   3.9476255742394324
4.143245258996528   0.07133747751750821   3.1537038220747213
0.1767860322194828   1.854349645055375   6.28272259774378
0.40257483239007663   4.3184924604535535   3.9842076729269413
1.2698906159077048   3.064979547880708   3.443287421401759
3.386909512640663   4.823377470721096   2.3121177837993225
3.1606800052402977   5.021889946510646   5.887397744671614
4.730443306072094   5.2796494788426775   2.182431313650444
1.3303242489901255   1.6316054584100428   5.857821186354241
3.6360671499381056   3.9362427256721366   0.30705921471190334
4.1903806215605846   2.974422033479685   1.5808671185776249
3.8939979276160797   1.001159621934043   1.4925664288938747
4.977102975975625   1.5246729405068258   2.0987791001051814
2.224451198873905   3.5804546078960784   5.345647130261581
0.7323935077985968   1.6438504204939282   5.95741479439869
3.6737364218080764   0.19867012732565423   2.883616780337315
4.576732444801037   4.252945887467291   4.028008984391876
3.450487703762386   1.6461447916911798   1.8286709674469237
2.0009423200855183   1.9037355930362674   3.146646881466031
4.599302885993162   3.367130463463529   1.708241478174192
2.8171008023995068   1.8275785991436373   1.612873500805662
0.480860170429257   2.6265233065126856   3.4229077708123983
1.9316659236435347   3.08813631793227   2.3139801816592107
1.6687673124855429   2.0262213068458736   5.924034976033738
4.853513387116989   2.2345470582501576   5.514396408297255
1.9047429464540242   2.787885932615262   2.3765661018211195
0.5539053052630772   0.9716748470897034   4.192861920309304
0.4078942045817918   4.1315920831445405   4.0337142778223845
3.0710603901389675   3.0677017593267553   2.0922445155985714
2.4633128158285436   3.251178184669893   2.509216175667475
4.2664627086581515   1.20449373236666   0.8007124388764949
5.100369823845643   3.0921465539233934   5.514983485391208
1.916826420653598   3.70560011164557   5.559994737465122
2.5140616600689   4.759037191012993   0.7377009148741384
3.051992618830022   1.2042858937805627   2.2574726258973987
2.5077308617310456   1.1116226262381095   6.114597625613313
1.5884691653728886   4.85166494048642   4.532339814484853
1.974082973265623   0.16065016796099063   3.416097919563464
1.816486105931262   1.322633506238444   3.255052237466804
1.5828558836935276   0.39082377850050165   2.695238370941773
2.86784676815202   3.5470892602745834   2.9228043640346097
1.3092297573870297   4.270665697830901   2.2119402334459104
1.1774041933853292   5.086605878187989   1.7109160872450326
0.7475097179363074   5.26553027525342   5.582297373351988
1.010002491783181   2.5971787884114863   4.309335189103698
4.156064343245261   1.8374473977778458   5.351516907283462
4.464027504692234   4.174621161633579   4.07733460587655
3.904021077688595   2.268153357831218   2.7848098945140025
2.6430723349130862   2.31875558394037   1.2734597141152961
2.1594962830396316   4.790426738968799   0.6508476848921595
3.1674979265299057   4.289610993034275   2.14275217802149
4.42658740535219   2.3264378899446143   1.884460760680116
