2.7144007217404327   3.2301872545649704   0.6375158843318438
2.3406074711956997   1.6796569977126834   5.53910515297252
0.33168598107571834   2.204412776873529   4.424242545922049
3.902823504825255   4.2332746944426205   3.686620199425091
4.961812658843513   4.5872336814389225   2.304983879135202
4.33830889345381   2.335200672421019   4.680403595045843
3.050632574992279   4.563874639065404   1.5934361644167878
1.650048624514841   0.26350204739492566   5.8405273097330905
2.863256774887706   0.8352498396618957   0.7405229675953993
3.5855701506701267   1.0002925872635244   2.7395971649044544
1.3722973867485275   4.595438993468109   1.9668956455535174
2.6402050906406833   2.936105273230064   3.6151754592535785
3.3109064684357374   0.863566155136668   3.1064624547896393
4.1748745927503   4.112276207006495   3.8255028859397995
5.223031515482377   4.432899403950383   2.2846132657936837
1.2834107947265447   0.21725152988073076   2.4987989882668633
4.777654994181906   3.2569979552379262   2.2322358727255285
3.1119301519405935   3.07973560811354   3.4929732831635385
3.190767154148163   2.0488912295715442   1.2544792434515153
1.2276700231630389   1.9811723077108796   3.7164832068301026
1.9849608464698747   1.0950590561274076   0.41698002092624475
2.1516194201452477   3.9538349847981977   2.014078560692365
1.6593868602007054   1.1280429269905587   3.800734869846485
4.297410429639311   1.146989229322562   0.8222177557657779
3.983520945722654   2.1114714591000108   1.4095530926943758
1.032143899736155   4.798732888120261   5.527807216986752
2.8107392895390833   2.385696207448887   1.2473071228790884
3.982180180761293   0.5628270646300453   2.593591438149486
3.101981420437449   5.2639776706804655   5.271752813121956
4.942792408398873   2.954410471284754   2.6957213531874693
3.9754406774339746   3.435376508937111   0.5614538006862437
4.072541969971541   2.53298517953706   1.6892656101492185
0.22986880279871807   2.7813329987633897   0.3483043730365254
1.1871649392975205   2.9196722239814683   3.8549272612331493
0.42427032166348755   1.6055723177880346   1.7705460994745856
0.3273249680221087   0.9731562884770018   3.835785221424509
4.9148928417699995   1.7911521166262379   5.43330998008355
1.379449987861722   3.9973721953354775   3.13897143337411
4.183449808838936   5.0604904048826045   2.884799274371961
0.9294174907324011   1.1476006788724549   5.664155185310122
1.0169602847054164   2.6014901485728377   1.1821108148973618
1.7864231375280093   4.038858003591498   2.5070713159600855
3.876996557345648   2.6691090036719207   1.7826752087536113
1.244529114502949   3.50162082096671   0.16504328684369204
0.45156088215893136   3.019308733302868   0.046450108486909336
2.4610823575334275   0.9709939777909062   0.0480874109541527
1.7138575592795926   2.5100784134934107   3.360532380566586
3.5881375108986995   0.3160827096852507   5.940928180677696
3.2073845145642648   5.043720106514811   5.21340725465501
3.012740242611054   1.5019469773651486   3.376928911350908
2.4996075069818953   5.228495214271853   3.6114756078935435
0.2728440382446267   4.9426516683568655   2.5736885899779516
0.7123762805396635   5.268496315806601   3.262717508091982
0.11342638108248254   5.272518598897761   2.5058270991846374
4.898452213080927   0.32895658553607354   2.9429839142772676
1.1695656634845508   0.7635812502808638   6.138296117737829
4.238318324541102   0.3105825140014099   5.632233910326875
4.828365364806227   5.22572252693991   6.157508046618613
5.224030470337316   0.24166718479415622   2.4568201241712626
2.955657148413342   3.6833763842634895   4.011250496188416
5.088222487284793   1.201951080265815   1.1456342099712102
2.2477322272425995   0.07326165580320732   0.4779141864992883
4.097537741689576   5.148706606719962   2.8726216221339524
2.198036625709389   2.1207944873805085   2.028711774292917
