0.3928415206310285   0.5092599007178613   2.1674526074359557
3.5080469613490313   5.151563601291378   6.096693455230237
4.570603643575572   1.2951930962906788   6.226168134764517
4.44397814429875   4.914970387441167   2.8425784925265813
1.505890893512864   5.038173923164457   2.372952423403268
0.08225498713805024   1.4103662335739813   3.639086661030025
1.2343959310491004   1.3404781578373395   5.5124620768596575
3.6067790978620358   1.2004539719703642   5.208364880851269
4.0038733614914666   3.1335642632135814   5.885890590979892
0.4598695410068524   1.125427059860573   2.797509226858073
0.9630447244205147   2.948492123743398   2.7490094993488436
5.071032951813081   4.426292365463171   2.9236539180354626
3.253349102704478   4.278682078399   3.9927711585872987
4.573053487028817   3.321380066132355   3.002540958282074
5.247009005777848   2.2606599801973832   5.473936873446766
1.4797940630681734   0.3818147530915872   4.688220361133019
2.006481799368694   4.976651492564073   2.814126991530275
1.8646306723223451   4.379959439204013   1.815378699677628
2.693153532247587   3.581314827255334   0.008923005206316503
1.1117412301826475   0.2157196706887041   1.4039561859162057
2.6079268700773848   4.4289369555714595   6.072965880351864
3.400835830655896   2.8723578487618675   6.201885210765786
0.2893014464712307   2.8841174519603836   2.43213479068624
2.8316446429009514   0.39632251319898576   1.1134407074352377
4.020343057252286   2.602112104687017   2.0129612070450085
2.9298942863784885   2.978791641523713   5.231509508521499
1.0777103253637228   1.83003926911717   6.189261204547882
3.108472606097524   3.8905637125487997   3.9594582546145776
5.259418306078961   4.978976185332781   3.92621859197723
2.627558023095484   1.5760259629473514   2.94629012206264
2.2771622672782907   0.7007653548524535   3.3931518998829437
4.980609534991372   2.735070228608026   2.3083087067059784
2.8436136002688186   2.683676220929423   1.776592149940478
0.6532331368080064   1.7864360015213332   2.4600871324663536
1.7709412584876498   2.6709534294044617   1.9163019901307663
2.4666203933577893   1.9301792392454993   5.64477858835248
4.7887918637152165   1.8440596358920915   4.522710023957482
1.8924939387781086   3.5920374798054837   3.4819999728916047
5.142701831704301   0.7474624047512396   3.775413693739457
0.2701260329341901   4.082567781265698   3.613877266053828
3.690202871688965   1.7994606868427256   1.481931779537987
2.2507489898790936   2.0990535770179197   2.395102912028575
4.784748303287982   0.4695539432105018   1.245910077345657
1.1115152633565848   3.9363261066706716   5.8016853139410145
3.728823191161702   4.679103578264579   0.05228303540083967
2.9925277944234514   4.932954398169432   0.7798894339450259
4.236715707717025   5.0550597907361885   2.6982581060073634
3.020902119199973   2.14462497943303   6.104096704819717
0.8605932231030077   5.195052753177558   4.976424106200365
2.3159918031239695   3.412873065097123   3.2496372745921698
1.6447175313756717   1.2415812568133109   3.045089829015589
2.0632534222996166   0.6891949948037035   3.409009839981711
1.7576441789407558   2.520806407185929   1.8745394346017603
2.200328087478021   4.185120456684922   2.4902516390937905
1.6564696224720024   4.802444982286883   2.481430979241999
4.8183020462728905   3.1147691476278863   5.81390474498355
0.46256814547199904   4.502560588591078   4.373857605255933
0.5753140449282759   2.5071293593047286   5.8063120746784005
4.268158436007312   3.406145079229157   2.8738128926122117
4.433379229041353   4.434708023546332   2.7116342215390756
3.8939616970184256   2.281694033802343   1.9699668142075644
0.24439164742685854   4.852108045071291   1.0133188903752766
0.8273976616823723   2.2616628679262956   2.405666851702181
3.0037866453390722   0.8849560360455466   3.7134435375845096
