1.3138622580178028   0.37692671240060677   0.4293394576256472
2.4341668688261913   1.6246227501927193   5.240621492964898
0.6937864171817649   0.9870777176053372   4.645421302541618
4.516882061247513   4.442234268982436   3.4681511648968693
0.14996430401605298   2.8131982277756267   2.5190876196225434
3.5508442107589038   1.5603028319935173   4.8293795257062495
3.5721924095422937   4.16816625755718   1.4277351847562314
0.9494330853248889   4.388843910060809   6.047187733198893
3.0739703881445113   5.09883101634566   0.5983032619509345
4.05763770155708   0.4863910023165494   2.8009742284791965
1.1186113583937916   3.671709480356583   2.5165022882026977
3.6024083028758227   3.203513496869486   2.504321978327792
2.1204516496702634   5.002695426284062   3.058710136010996
4.706413902069801   4.406587518332972   3.521273543502069
0.8318984482675271   2.075753957244086   0.8009503452507122
0.4338009954822407   3.7729185047982714   3.0565501762184053
5.196057777137412   3.881259479687517   3.3477162214416016
2.9930869717230073   2.976207809801256   3.809989968446729
3.370384910534039   1.074091672977104   0.7949648376232112
5.185483400309447   0.8058356393640278   2.93091050972592
1.7343480408749739   0.8626351371682307   0.20941396581540717
2.8707065542336334   4.368984589878655   1.7891063567092897
1.899468527634394   1.5611425494129376   3.03170028441628
0.26073499898280694   5.074637036679455   1.944900994033427
4.570559907062669   1.377778108748263   1.1085438043209372
1.5939294163822861   4.7008392105310755   5.963846144770606
1.993495730724234   3.1274155534320727   0.01749875745282381
3.5216559224653836   5.092274661758762   3.1412271749460308
4.640039690422248   3.7125922493405303   4.141935132392687
3.60796043365455   2.6521451889463235   2.038832101073843
4.772496065995618   3.371260871434783   1.0792945151416438
4.333068275351257   2.4913343178874157   1.4178580063711475
1.3421101357797816   3.156096939814094   0.36811443643250275
1.2609923171077067   2.5738457928464573   4.4727367024575395
0.7701494019026269   2.9394380667692452   2.1300616629263676
0.3995948110986661   1.3731013334698416   4.591685056579941
0.1438080799080339   1.8553753590439097   0.6318946733408366
2.311861218765544   3.129173077884826   2.904206685201278
4.8322330886467935   0.2516037798915264   3.0577074277336167
0.27739305350671367   4.52220157034833   5.054579257364554
2.7650488563975553   1.5193624889757897   2.327288080538888
2.5193082904448056   3.3877752315490723   3.0404456768629045
3.3816673257753713   2.1012643443627135   1.8080839917370126
0.6879916576186129   3.6998811070950586   6.099319326409296
2.0812218199160752   3.9516123082550036   5.12915403359943
2.175295656007364   0.6803580454666649   5.9487709173768
3.7327748175894824   3.175018614920582   2.465782094312851
3.0253448283628104   0.5602073623379615   0.14686096499994863
2.1612514795209408   4.473963729825839   4.923580622479737
3.18821830275151   5.27936449722156   3.640103266193926
2.7632668962430587   0.02676192768385674   3.2825451499828104
0.057645874629710825   5.275949089960591   1.9415258178837171
1.220665332667056   4.547568223602857   3.0364781048969496
0.5888041323854876   5.009050910094503   2.1682170743220457
0.6074718607276487   0.2021800357382066   1.9229225437701059
1.4293060730201126   0.5642003115373249   0.267582130129006
3.8704045866459498   0.8305476829998117   5.728486621642804
4.355947070829388   0.04932487809441857   6.270494557659216
0.759982552724006   1.868486716613694   3.832986056336929
4.395895441989886   3.101233997453448   3.837474629127595
4.04992221420001   2.086734166893926   1.957991179817636
1.9016490454981934   5.277726757782172   0.1831100911417334
3.271510822044019   4.084174139878738   1.390768428874025
2.390251020022882   2.2775916624753196   1.4930654301633652
