8.336534493698204   9.336767828401005   2.5963762768684617
2.7565358889290916   0.12319876017385667   4.767370844555935
1.899886381117627   8.872684036614455   3.638943861401773
9.223454305657311   4.820395010599883   1.996133721217329
1.0151546779065426   1.4566432281389887   1.2815774946293523
3.599775452908779   0.6679608951490482   2.899242817470837
2.1635176835165915   4.311582374201157   4.87595170243558
3.9784318312805804   9.669812629961312   3.585825996824098
1.600399793910038   3.0158131903488643   3.34949265978012
5.6586735255319205   4.705965803232762   2.816875417576493
0.05183139514570334   0.7895052382224828   3.9036910287135864
7.904769140884178   5.302186517629448   3.558898537170102
4.392437252035557   4.18155432919926   1.9947470519520316
3.172736084894509   5.978230839472407   5.953457905667801
3.8845077446888303   1.447167977718643   0.12974422740321928
7.688179687969294   6.09469108751131   0.9947143175413603
2.13337273780334   5.983476821043267   3.1987735875370564
4.277259782982698   6.206193096239728   3.0277361822713846
8.839581655392342   8.412414919881828   3.1726966459514543
5.045528700681067   7.480212990621283   0.5292430995243059
5.919410503158209   6.713848277655121   0.08914208905907689
5.826674756931995   5.800967241469312   1.1875537791399233
1.3951693796504545   7.6718863575368035   4.046700205394203
1.4463185410709354   6.675205898377423   3.827046879184402
7.478682002574729   4.0832606136765826   4.04382995785378
5.245254312405139   0.21248538402875405   5.908664622524532
6.355410022813281   1.0410021913011946   3.4594149891093346
3.9104587191720106   3.5101148391176165   0.6272722481203327
8.916661570054588   2.5812995209594014   6.21860515954311
8.225405698230594   3.65832227323009   4.602143837231296
2.1858422163967415   7.818243983081228   4.684296860230718
9.539788620176765   7.848257774388087   3.1988132372488596
9.054282450797684   3.9237052758749615   5.616447465586324
3.6984150638085316   7.179492960723112   4.243855944119057
4.7370156954628255   8.990411069053703   5.318369962819576
1.9783971200309196   1.8473430424451975   1.0999264041908778
5.121475097969798   1.353546977004962   1.38878565680847
5.023180113139552   2.9709368192686236   1.7513816397499682
0.299692789607255   3.3547196636069807   4.660786503270529
8.82501170599503   6.150106713770294   0.14224826181595296
6.231165657681132   7.828539877159709   2.9915593691268736
6.449115537418406   2.5641953409095133   4.888456006675704
1.0166699528861705   5.066351373933228   1.0848745532479849
3.96025916806917   2.556955819826471   0.0743810343964739
4.675556020042955   4.956619764057467   1.4488965807987053
7.272116637890194   6.950393710320748   5.135647993952544
2.4684086746938294   3.0929469986522005   2.4433117209458324
7.699734358826342   0.5653115760644619   4.925248738184628
7.219017078551669   9.093484991595027   3.755861683193256
0.38771590772138365   8.851764848004334   3.165649867364885
0.5309456267562334   7.503930047123937   4.425162172044004
9.004263229886396   1.0955486294483263   5.625220090289415
2.6431255362213513   7.003359762552667   4.722431256922945
3.4859295659591   4.636758384365433   1.1163410373909874
0.10201594507184364   2.0593845537470252   4.785631504275185
0.4398856211144786   4.1983298129541025   6.071587664052627
7.153168391479168   2.4616990751532244   4.136833514506042
0.026670232222175017   6.214117649604291   4.607755820024049
8.333861683271136   1.5560167225288821   1.516758568616002
2.78840505846828   2.30899709168924   3.276092730877102
3.5367996243975934   8.4024543906173   1.0958915691414357
6.4844365423286545   4.21102649117504   5.166623966540976
5.453973264426235   8.448382670965131   1.2131891493525637
7.457635080401904   8.037095474932535   2.7009033862680765
