7.36670733359197   2.67148704364938   4.398836910158813
2.8803579788285933   8.574793526663193   5.338846317352542
3.9083743982192583   9.169795048321166   5.061055478881046
0.34293387767502803   6.482595482809373   1.7051211162716302
2.5261235354294405   9.633091679687444   1.131366471690239
3.8357942393043727   7.911457510046977   2.085584728282916
1.2210941740484458   2.862179332279884   5.080944942585227
3.350642444444745   0.6834990304210493   3.4224304939616386
1.7950993320023265   3.8583265071611836   3.2220913336680885
6.752260110994408   7.117078787413853   2.9380505022859973
8.547349712257587   0.5687236540543638   5.241894973950229
8.215847667854158   4.660113793592417   3.29276777837368
4.470416464709299   7.107664265593752   1.8677641216437206
0.8042679018345394   4.954230161967976   6.264628098857701
4.256620078637652   1.7466850691355964   3.639227090322554
6.2344986445528265   5.567332182540129   6.219357891147271
7.234772728624013   6.008126177844334   3.2832052990796705
3.836481223438912   6.610713978702872   2.678279143878036
0.3120189378591225   9.0159248212123   4.317682465296504
5.713965325562438   6.433374529415582   1.0959867725478378
7.829226346017154   8.426525342370924   5.692350786681453
4.487482361792183   5.791827114352912   0.8623782898017281
8.900678495441824   8.26674319454364   4.645240128681493
1.7090431132959885   5.2566551229605745   4.304341643305418
8.383827074292412   3.87047547097903   3.975095264055342
6.890546069632495   0.6358928131931688   0.20150062494891674
7.559191363720943   1.5063299226401687   3.514859239893635
6.521422609910033   4.60019421519648   5.118615497371183
9.095094718997398   3.2402363455440297   1.0909671418805313
9.134548981235223   4.747198071276318   5.464727700238094
1.8054057670341308   9.04160701826425   4.436593866102902
0.7010285359968069   7.983069933063286   2.1908977240805494
0.5539856107464793   2.4644634050850076   5.703086361344807
3.0267154887751238   7.617955906393037   5.327528945828167
6.291636369487941   9.319918096966738   3.8410731137177216
3.8356393011597354   2.7135237826607743   0.31623826879608363
5.905390536082021   0.6064921057251721   2.942340986980555
7.323498705496899   4.083145378169841   4.136884374864883
2.807975683787729   1.5708582735513457   5.260529877538044
9.400394308084739   7.612672682482522   5.361081804011379
5.861761743629782   7.777770983774257   1.3781134875318346
5.970338679268631   3.8811770689373057   5.755978805372603
9.473201526539164   5.411906547092155   1.307830846700772
2.087981187811929   3.1275177408455956   6.11738483956011
5.16640289732669   3.441857399634012   1.3203089668876664
8.63274281759692   6.240203223910106   0.4191964589654782
3.288786009429786   4.454770026624243   2.6205855162197094
5.563395958927055   1.633983829525596   5.3905140691371844
8.817349840656728   9.645273512236685   4.19368545004379
1.2393025862267084   0.23002017823712934   3.5120556593181327
1.2407318044730167   6.6274408054637215   3.896943756284959
9.55907347391434   2.1029271543000623   0.39018969843866236
3.4308717406758533   5.828839322420943   4.349661285260371
2.5933208889934782   5.111051331913649   1.5379406093341579
2.1537984538894928   0.9032602846656198   4.837901921672783
6.62399512373093   8.03440185393231   6.0628604244261535
7.310769655766328   5.068572045129143   5.255141887791417
2.0960586373307413   7.235039430312482   5.022942249270518
0.3641394072364787   1.4239649632958014   0.5242030310797952
4.914360026761362   0.94428299371219   2.2532254678489445
5.080545757098175   7.965312036291438   0.6861343985181853
5.625399409392949   4.784330888929391   4.85174977665062
4.842444932842774   9.122088281312957   0.01570372334241199
7.550552231877377   9.33861988214079   2.8238697103617096
