4.991302240872505   1.108688795010286   5.740326826986249
2.776091425900642   6.723742305454788   5.599283783468208
4.790014518368806   8.401905373196685   5.431889594221887
9.281897916779451   7.561090124296924   2.7296627077024715
1.8048424594536785   8.810131733720382   1.3591716495186097
4.63962151418442   6.619586395135637   2.189352123795762
1.3966686483611568   2.79409624543477   5.638137257129347
9.649141347736338   8.327348279445761   3.806123395127835
0.4140209801112532   4.407206233988639   2.3680196987588356
6.9895632304181685   5.942661687749364   2.274443981985577
8.265212794025066   9.72990583441502   4.185463241162213
8.180674972376268   4.010114402530312   3.2755424165103078
5.407722801637029   7.703111962926947   1.3358147404038134
0.4537334051962495   5.496106592855417   1.1123615508463944
6.855953806081953   2.309991923445577   4.590791478700822
3.0464494676943623   5.759635528394757   0.05103790756394089
8.61486365801883   6.4930277807213495   3.2968389918457377
2.221123952107611   5.136038462275097   3.1664408060506544
9.529530767505351   9.57620818457324   2.972159601627892
7.903628453811137   5.898162128149089   1.267212958897767
8.353803532329966   7.7984671564932295   4.595425922032229
3.9609904080482625   4.0225016244791565   1.3081992137801515
6.880121837386104   9.775291515762405   5.296495362316573
0.37250633835989777   3.1163312069333124   2.746855662806381
7.749917926559608   2.986828944794574   3.7302122682259875
8.32345979455174   8.877085531675757   4.852621777559518
5.3292635172264875   9.552598411103421   4.247483544560164
6.115637122792077   6.927371092436882   4.969356938863828
8.26496531633036   1.6557604672135497   1.7192503456978294
9.029650669589467   4.318304036261854   5.724450664532156
0.126384350149443   0.3790889229671839   3.5017376024318647
1.9695383385182226   6.563110468277546   1.6124095610991251
2.95685379395621   0.24485833152821368   0.18685955562006665
1.1476059760104744   1.6814438412848887   6.13200642189883
4.5914150955149164   9.259297802247895   3.6023230048021695
2.73599838771516   2.6132132697436394   0.16022980510481433
4.433607399427894   2.5882611809953913   2.5937236411248716
6.120005146772018   1.917091713199218   4.724496133182394
2.49889449557396   3.446333311822111   3.485038128101827
1.1555608968737492   7.811474839247873   0.17803751716798344
7.650034421822706   6.861161039137801   1.8382037234672832
6.913370110374762   4.114487911470243   6.256649798400684
7.496309588679626   4.765243763102561   0.84762597617476
2.0640071264201496   1.4170445917144514   6.143977154374868
5.510938631419254   3.763492982986929   1.5505102854535022
6.236437565738865   8.26556600963302   0.6805699646442896
3.3082374328593227   4.699363971187863   2.779560425912615
5.869330906792838   4.718913829562884   4.602875142360951
8.880403796186734   0.6097885607831849   4.546137168228638
3.87523981895771   0.5896382635190202   4.055071614541881
9.452891910226839   6.770447873290608   2.9222473656015446
9.315698905565645   2.4155547724591635   0.4135271747222615
3.2646102816184674   8.371433926670338   5.502744958933822
4.499584306763092   5.204102257238843   0.10311080674413997
2.6051658847210444   9.13355891536556   5.093510883490304
6.889782302839521   7.047314703306261   5.925920242921034
8.64343520512682   5.339227464503097   4.401562280477141
1.0956929464476575   6.945884302866078   4.83300958626249
0.5207346663413399   1.1317884436349157   2.2501211773965477
3.614483901623797   2.348219930157385   0.9964795961548288
6.067280590666975   0.6285914938291031   1.1475618131372767
5.502318537840585   5.809590808171116   4.045349949033612
7.247919488763811   1.1343435705265508   0.14914706379211903
3.621130271993282   6.605218622140633   4.844288195699144
