8.97993758943993   9.349303900351124   1.7487858340312439
2.2276457765879454   0.16961274974685026   5.13067100070867
3.156381864782324   9.16819355591338   4.0905213269827225
9.741545539129584   4.85458708875689   1.4419116510159948
0.8261559440129917   2.081711478864001   0.7863549691431317
4.671163060050066   1.9122083758532118   2.6551042596206926
2.274845373641242   3.691703251289833   4.338912100347972
3.0282737922344425   0.3114797308192022   3.1917238105514887
1.548376125592669   2.935159510163457   2.8287852564308587
6.376322586589143   5.096214679313804   2.343490059392748
0.4397381134761835   9.494114816303382   4.110269531256337
8.240546542687369   5.071314535201258   3.380373924499538
4.681631613328214   4.354643346045079   1.639003211654693
2.385106879056438   5.016973678045543   0.11316467739166222
3.385512275601361   1.1345453432212365   0.008923826979725519
7.684561309822977   5.986849668439351   1.148572471284603
1.4367369465835091   5.845879406419132   2.977016312781371
4.008054360602067   5.297816548688772   2.925562059396639
8.597744471879256   8.468103392221009   3.029520623607715
5.561889777068152   8.172655542554688   1.6200139658656396
6.901286534949064   6.210019975805402   0.40609350557968293
4.900948007020992   6.487148894164848   0.6098621695407855
2.6035210544312193   6.401626805393997   3.535880012783696
0.4505927523996334   7.382305688107948   3.6062670728940147
8.47748870833939   4.300175348445793   4.084413278551889
6.018496398457426   0.15709989372693994   6.019145084679557
5.913708781267388   2.4390280906965716   2.7933561958207487
3.732624536724163   3.721715301350724   0.4218119850666122
8.952393413704188   1.3209211674449493   0.24238378748390255
8.374185392198413   3.3716688675435758   4.03428622499711
1.7625637050076237   8.954717264031014   4.839640441668893
7.701987308344131   7.170851355479898   2.522565176169526
0.4175711275087801   4.197512647936408   5.236134496436918
4.126512897379072   6.879321287482733   3.9020191805233915
4.131186497561048   9.334269325636335   4.555628228147345
0.9927178926816501   0.3719866193467545   0.1596604289654034
3.4994212296484073   2.174685796391855   1.0304014403249524
4.510216710404865   3.3644695456943974   1.8409189314830383
0.7512048986117548   3.208134103828206   4.852518596447455
8.520489552740331   6.494168715521545   0.5361509155683138
6.73295716172285   7.741699863980984   2.680574658042057
6.456017630854381   3.0296615471247366   5.711577479726316
0.5948660127074594   5.3605149919151724   1.476120721529076
4.163490862456377   0.6859935508201809   6.1816987615181915
5.095551318763651   5.095642765879076   1.984038574525661
7.277979427688818   5.324687530487704   5.33091889617504
2.979174772156925   2.7557768185097435   2.702311085366821
7.622946314258329   1.0903927405860803   4.8243605074274525
7.4211191210624134   9.049101893268594   4.711833747522604
0.9361475077376722   8.138983366272154   3.2201415283915082
9.19833029612753   7.857704957107497   4.600407381846513
9.50710315811307   0.6702186452285944   5.945910556699141
2.252884178040901   7.598017174250953   4.295435591136663
3.3170953562470586   4.5028804599077485   0.9392173087241648
9.27087452573508   3.304306965117155   5.616664053044013
1.3006126490207506   4.716412671217025   0.061490469402266434
7.515835721428134   2.132122782706789   4.876861909049899
9.450260288502356   5.8907516550985815   4.765657192608582
8.645645966123473   2.5201462354566964   3.199735959421201
1.6319452035092215   2.0500760248848175   3.4384785858529545
4.52989924293532   8.184394980321974   1.1509003333298111
6.172393911305468   3.9668145471335636   5.67972917225323
5.10505213296249   9.02497750881715   1.129537323731768
6.4654381868690205   8.778645666862202   2.210591156108346
