0.3743767300320993   0.03615043126787887   1.4938395247947236
1.1118936166927975   5.961641767842926   3.1494455143022067
6.072101206787986   6.559637948480838   3.9329364334428027
4.131600416003419   9.134372707842243   2.121679621804773
8.817314226250394   4.8794770278524595   4.303423565638956
0.5842528268954702   5.207022192534231   4.106133261601605
3.7120373888290135   6.2151231830792115   5.4946974248050875
8.37283890961566   9.497351925931401   4.184995124057062
1.4644703923278928   9.723148929776478   6.090044231316929
8.004096972991931   7.881923472462718   3.6584554017682254
0.350429777584667   6.820264301208998   3.4369816304320113
5.8180309045038605   7.889352315937457   0.5945484045899009
3.479461377699599   3.563942068967927   4.75733767125419
8.708407292865234   1.4538876656331652   4.134462305875959
7.938827282046265   3.151987764765882   4.443997326881673
6.018818165323978   2.190001347127729   0.6195399857364473
7.9725449084485565   7.0536844209531955   3.842739804521495
5.469246460585222   3.7790044125076876   5.479246650325326
9.073340532887215   6.850180325060853   5.493937739776348
4.178012257843111   0.9528866570921699   4.277524370698747
5.767791927405986   5.573558530972251   0.0850210744331571
3.403294837760951   1.6793506136513245   2.1663128264176685
2.6074969629056386   5.313887809254993   6.162945258567583
1.1303800896164993   6.923168743485298   4.070332673243901
9.682616349077467   1.8811745729277238   2.9760486490217257
4.977374824791057   7.238980162390799   4.337536319091303
4.451157241606918   5.803605236104188   3.5561276827872343
6.00292031863402   0.38448526445325915   0.6161103862437398
1.4418882684269203   1.8129415365330632   6.254919219683068
6.486565222517325   8.418965400045478   3.466949745920595
2.5573892804376026   6.903531558524496   1.14584964297452
9.402436874082328   8.685648562573324   1.2918534940777073
4.706337086626158   2.6899829745479282   4.291867630647882
2.1594910514401873   3.1027357440345082   3.954352880735584
3.3543401908463792   7.210548497262997   2.4515700958300086
7.411912605421188   3.914619918279837   0.22970988821619948
6.7745855709761695   1.8499331175057891   1.2120576959351164
2.105272180165703   0.6237308169118894   0.8923973663963202
2.5888079339894685   9.11491091819782   6.180526849563584
7.171899575694758   7.070337519804948   3.288372309177863
1.62029054666599   8.691989483158133   4.48604986205722
6.6317698471997275   4.947556628356799   2.3755702710487854
4.672552203289784   1.6757939123311334   1.1781978342351458
4.259935733626348   4.261682250272297   3.4559102245343256
8.176990605818968   6.097993058562154   5.871821206782702
7.212657798751825   1.1155561511534067   3.809884883424793
2.769002905736261   4.167763386330521   3.805208626313056
3.820460933305109   8.050144137404951   0.5162814792034478
0.5565938603437528   8.980862152672902   5.293307252693882
8.102478040343042   2.136466571493819   5.861478820737558
3.3554309046593804   8.915456182007613   5.4567146699174405
3.0848894833368528   2.76865314898874   1.6345571799200094
5.265351668845284   8.455826810595102   5.8736395552272915
6.230730896652038   1.175431727821362   1.6835511513572623
7.853867759521599   4.548258806972123   1.103114573296478
0.5643211787610131   3.29934050236173   1.128452311958728
4.464990569974176   0.05727145169267539   6.104902311693561
9.78282840641728   7.900909927822161   3.5989092520646895
6.453659164779136   2.9097259276918526   3.524711160805095
1.445494954963893   4.22762978954933   4.760300726335489
9.10724366808574   0.4387636796755566   5.5010927233259945
3.1193972308033198   9.715790916857273   4.949797408924616
7.1287806331351495   9.09666877798805   5.071102533106609
0.8582203901474754   1.1691185061049878   0.89694162441576
