0.903865062964273   1.5648901897847893   1.6522528076033673
2.578070295940588   5.965406870341952   3.4384477560300737
6.627132572106165   6.82110577150662   4.034443317881961
4.451428662094364   9.223772811312726   1.4186641158467332
8.17042267067257   3.388926169323698   3.977890474695753
9.341728101329776   4.5464408357733195   4.445870081985248
2.7530190677105297   4.228243030865103   4.72587951707881
8.511851628072082   8.801135295214316   3.948335609277327
1.6886001773436328   1.3267035874655075   0.7142745266501224
8.686721399342895   6.478223841441493   3.636329075060362
9.163394757991881   5.639596697019194   3.079970228065556
5.333747493557549   7.504451678667251   2.2763617168649386
3.0713460186532   2.713068736940191   6.214064698414481
9.07826311272414   9.549509310361627   4.705621435923693
9.496169701064186   1.3939896062831625   4.709831843386146
6.653816704824929   1.8397365923131703   1.8392509039545237
0.48847051055696145   4.918124086729696   4.771076958624149
6.507977988106736   5.642973098608644   3.682219126703597
9.735874764334904   7.436444639530797   5.401205857487822
4.114949748453627   0.6498710242817588   4.135349005141218
4.5983827183142445   6.695933495489665   0.7989811797618532
3.695444591466913   1.5127677825934063   1.9617473447787397
1.3950319398073856   3.820246377676373   0.25606536119937284
1.150876828600611   7.8028409124592075   3.601424922694076
0.33937039580617145   2.440724785526302   3.837372574493322
4.509987147219989   8.157449441582044   4.543689361230903
3.763823901102427   6.388863960601555   3.007886965382492
8.630518269967608   1.1306449361830633   6.234056701096804
1.3354547289039802   2.758243823128176   1.2109370264331294
5.7619639188548915   8.319170380242412   3.928185411550152
3.1986178989637235   8.504223561146352   2.186664121670051
8.687561274470394   7.278469156898219   0.6109347752255629
4.106443275766875   3.9914257686157097   1.0948130177602815
1.9467714455970868   5.154572021423679   4.67651661719704
3.6885389796317716   9.463780811375692   2.5779311347353633
8.314347182904333   4.339886976201638   5.932516327596012
4.730865138173527   1.8934790210267716   2.110754068451929
2.570403667797914   1.5412733153876101   0.3818045859907335
2.633335400547302   9.515722740072647   5.451803405284896
7.757751714350153   7.181522755415678   3.0257260324376003
1.1404444374358325   8.84622607414473   4.90222821503483
6.77244974831016   4.38606088873389   2.1009689955784636
5.732704373549073   1.4366545625907243   3.653131353848291
5.507475401615625   5.2390170773035845   4.332241797550626
0.9358721208334917   6.15949083744602   5.839386251707354
7.545914895826568   2.5699432401723774   3.0352515553406936
4.924071618490524   3.0590700993955746   2.9935328132011354
5.627678430165138   9.468199843974936   0.09442593488753825
0.334031229787915   9.109931620352281   5.38886392046846
7.576404336038984   0.6235401535018011   5.5643711332521395
1.8795965629552902   0.23338009290422002   4.980272046487433
2.257319396763539   2.784551694507045   0.27671457774450525
7.200821178529497   8.176972101243948   6.098989617992761
6.2019547145956215   3.7030105235886577   0.6504918053922176
7.566036736006538   5.508074383876916   1.9140837370122847
0.6588025487831509   3.349789876582935   1.835076849903103
6.462269196453443   9.437615448509257   5.462283692840618
1.9003002349253433   6.401986250867998   3.398611660733641
6.993229226342824   3.4404908322892824   3.846702855857722
9.632567785388652   3.7121544279053977   4.981457700447315
7.444749760595379   9.121933703446603   4.520327635182935
4.988471606718083   0.4346016614961171   4.07416625707322
8.284029697929302   7.944665247265956   4.412906000418136
0.9653453204119947   0.2929451846434229   2.3102811640190097
