6.747786797363625   1.425214192838221   4.433952000611418
2.5644113448151544   8.258615778350089   4.770083917241764
3.850903270719779   8.488057967743247   4.543715606219429
9.3870450576091   6.643603415375512   1.9929619820672695
0.981249506977657   8.310255248141486   0.9916261583755482
3.459802848008305   7.2633315472864   2.0637460763590116
0.08354353902223038   2.7272739827019103   5.446715310312349
1.0340313003065744   0.43538355191872846   4.202231943901139
0.2917339227006202   3.6021582603408104   3.6519530069077226
7.167692598020662   5.483729223146263   2.7395073738313536
6.507819695063747   2.757805435729904   4.983438463899816
8.419823040860171   3.2376865285851473   2.913795653490373
4.923705105234038   7.655364523216273   1.6697989418666483
9.337648914847856   5.671941262523566   0.4883565506260812
5.041652741716882   2.0631904888424017   4.856910069955181
4.467663845802875   6.18427777125308   5.927294791936893
8.369569915035948   6.138450506737609   3.478274265760798
2.2832403119731253   6.303719277811506   2.81407498986717
9.13993361672574   8.665722083913806   3.9829620805665202
5.766786833765845   7.213340078476262   1.0847360214650703
8.827906921884482   7.9491762732485824   5.4776413020359085
4.929121841088397   5.084013868495638   0.08461225924417448
8.000178537773724   8.62958493657172   4.905964808882612
0.6912749346771403   5.112775945970206   3.417101604370769
7.572244361474471   2.8140180780949393   4.217237860369968
9.125429112876214   9.71883125422623   5.801798451272491
6.847795161141588   9.712282755571087   4.131362789889177
6.731377077683441   6.33011707557   4.882050884635921
8.797471033342552   2.540942801821741   1.8339716315260328
9.342713416715196   4.649445925189813   5.455250424815601
0.38738669768107914   9.449514617739549   4.028955665887762
1.7115657898046446   7.530976536895313   1.358773549819231
1.7746579898138817   2.4318676578301117   0.5491890451254118
1.990406232989941   9.425568366262285   6.032562177447282
5.260075845205418   9.083750506683467   3.6132044688745015
2.359799475654848   2.9297606303543247   6.241433868443002
5.606159970300052   0.5080689180974143   2.5068787620044053
6.049392659892167   3.75953568918713   4.599167918060909
3.413368737795039   2.8308868823163644   4.390056853009415
9.739098041278135   7.636408638759802   5.873489947560233
6.517281750147113   7.192101619646574   1.8253397654022467
7.175731154282474   4.066956259600027   5.8785539606978015
8.539880148701931   4.361092786738845   0.9813127846672808
1.063339058681796   3.1823972203709285   6.1554837650965375
4.285489891802166   3.6718630290991063   1.755755134435291
7.725228934152912   7.052811782531532   6.14601736404022
1.6814873656241243   3.9635271377135823   1.549588751992514
5.46924318802775   4.137340434234723   5.078988011202311
0.19396508229279164   0.6495426108133189   4.57307287656913
2.6347424605697762   1.1742427490131675   3.685383517405521
0.5291573810104122   6.335566761339267   3.81772222862514
9.408787555080824   1.0894692404254451   0.9652379004797005
3.4119264891816155   6.2830895287195325   4.629443706398227
2.4264291617887936   5.344043643415526   1.2947382756686834
3.33736340778606   0.2895611310401609   4.959000123781219
7.385090081820298   7.9783801929845435   5.987269216492103
8.16216579889147   5.231588485081684   4.552513443837957
1.4263177376500145   6.542647921410341   4.634767944947528
0.42378004435532945   1.8769876349017127   2.3758113551532714
3.3916497496488134   1.777033442936141   2.126736679175292
5.554691484070884   8.251430709058878   0.8121373310482451
6.108335942063058   5.943465531295468   4.467489391134236
5.827476307948264   2.278133157195094   0.5830211353030268
6.537471770322211   8.576706009290772   2.8944987909794473
