1.4895924159533942   0.40393243283236635   2.234691481025886
6.562106802044979   8.100494420362475   3.9699898195198506
2.586613037166559   7.639546242964847   4.284231221608433
2.407547004340663   6.5434531555963495   0.4371734849096688
7.934529691651464   2.740017684577607   4.674511141855371
1.1239284921414496   4.578292971061422   4.868088180393771
1.924633365652586   5.095254746119449   4.814195092493968
5.945283524892335   3.5003267740770894   3.6112736340884983
3.06454643128171   0.29565943807637407   1.876453962027921
8.130278185946423   4.454802027547917   2.9517697524709927
7.0296839092596715   0.3430567704154529   5.220490185921765
1.819817650145411   8.433089136804256   0.6219383100231252
5.109235630462855   4.953328585654999   1.7400302699019905
7.518992907762359   3.6121503605127727   4.833706426741073
6.643981141219802   6.617833287282471   6.037394018627408
6.46059830566231   4.615080984590989   2.6193340418301814
9.184531299214672   4.034238174042749   4.240088992449366
5.262872337681704   5.9534344035734   3.191796758353497
5.86423329896565   7.002131434303657   3.897834210424197
3.1811975591257156   8.858396600041972   1.8070009535123546
5.54989254238021   8.64539676042194   2.3675484109443055
9.692869228418278   3.1547868562304617   2.5151984386162245
0.8881784661020753   7.5404737598802525   1.70595331268471
9.444518593793923   7.040745320206237   3.7782419585653173
9.525668407063346   1.5482867137937646   4.023913414668775
3.4877010104289377   3.5915298456330866   5.341200702083331
5.684194352901589   4.302240791298259   3.5814799406578843
4.485657416695492   3.6812297893168817   0.4222470546178275
2.325141803626228   1.9390367597827831   0.261659839763132
6.0957715424189045   0.9276244832592728   3.4272654633668735
1.8245683877138097   9.327788478095416   2.8114847025703025
7.16006492781765   7.394783826831463   2.6379599960981603
6.575172980254414   5.6252909664840445   6.047457171697194
0.15206463011234383   6.3966959680947   4.608756886273401
4.396585759106383   6.019929781071708   3.5582799493952417
4.560608300600604   1.767095415104269   0.4035197231564478
2.1973748312891064   0.7964042481285766   1.6307214406367234
3.9644038104325383   4.280989689137242   5.836153388480666
3.4349915121364076   2.2507489972663035   5.072682214624436
9.491595612016049   9.358568392587124   4.761048510308118
8.813883942238254   0.6994727898507551   3.631905024055585
4.619566349553091   2.771928799376473   0.009993955029927726
6.7534608626272945   3.0006136051466794   3.6665108540165603
5.81531157051881   2.6867631136700334   4.908407032487795
7.659905595284081   6.198649952021775   0.9029071934657816
8.432942725874373   1.991236887462255   6.1571531552112555
1.1496548652977086   1.2313583968503845   2.3938926013718627
6.120526422582104   9.35160723975523   3.6512608907724493
9.034216146562713   2.447329067434461   3.443901075372473
4.215395687408984   1.0698832681708697   3.7090358073399163
0.23083098222960896   0.13029104005327774   5.311328712025948
0.2610865020163615   8.22362437180194   6.021519431493291
4.714780096154876   8.821118867934691   5.434473510120562
4.142507448518959   5.016137465731697   0.25619559477512943
8.455460388973753   5.440426964464168   1.967009901156115
2.2314295948534326   3.762408094937206   4.663327057640218
7.349441863027577   1.6892857269531218   5.223618969812865
1.840686342854306   7.117568466296516   3.4785099399985233
8.134003136703944   1.1153456551387526   3.648909954459739
2.7203790028616925   2.9541230506033234   4.890079874558208
4.706936460994279   7.477481250811946   1.931070813490181
3.6365499559468506   6.915950174938434   4.609150558839139
7.971726952975624   8.490321968606954   0.5236460921267491
3.1352482045258068   1.2028208921106835   1.6550634128946484
