0.14426698871339244   9.673989311444606   2.9903220920342473
3.003563215194041   8.964645454083287   4.594777354799621
4.328759309136891   8.489960632097038   5.14943430645078
9.404823856353861   6.224828803220127   1.4883220903657521
9.728154730074582   2.095818389163434   1.999169485102624
4.919042709870766   2.230020897312035   2.8783151739325463
1.2413370480835024   4.583332580306851   4.03044263118131
2.173005642667505   1.0098549205599205   3.447119522145478
0.8947029269815818   2.391807385375041   2.4596623288415485
7.680033700875008   4.613928686378526   3.169148292202974
8.560772785449966   0.029271865248362644   3.975092245052663
8.521514067800915   6.644456631077885   3.4573538387374385
5.258773015909712   4.157699931206191   2.260780314307974
2.5428612340265495   4.261067306852376   0.2028336536897605
5.86948722770926   0.25956104280993586   6.187158459613687
7.200279887332048   6.2165936942974716   2.313565386538113
0.4026254969459472   5.586415681132348   3.123800042602672
3.9394953721272437   7.342974599145956   3.6185375145731795
7.339583216861417   8.70813069992588   2.2064892430217062
5.315038838334662   7.929623519853599   2.6866790812453
5.310939078423458   6.422472065595143   1.2652618084148248
5.450627629825918   5.20022775282465   0.522559210824208
2.4512414038724804   6.644852239738163   3.1030343635772497
0.17127818987536786   8.39905895558765   3.7786588444824973
8.328488001659805   4.074492733067273   3.8208116063307647
4.440453565103496   0.6305845589704799   6.0322867924139585
7.457198597016263   2.687420957326808   2.7330556873952383
3.061888795478269   3.258400882173524   1.534827687827235
0.7113549780107676   3.1641414106702874   0.4536891347909241
8.176341095651631   1.853561389205291   4.042366848628089
1.0186599993345968   9.409783102775235   4.905954910702915
7.476992990517792   7.416106184226146   1.7362995431735573
0.5069950309373945   4.25792967535093   5.147136192172976
6.27228931505014   6.795755154891453   4.282649201617466
2.883979976900994   0.07445749646445898   3.48804800145525
1.129151774593011   0.9165096189671726   6.101862682124161
4.168775457396323   2.780534143186692   1.302661587460605
4.033597152314688   4.525840072570876   1.8633378948223136
1.7956751744000639   3.960202109489388   5.124862108808738
8.86203763843519   8.028496345817654   6.132783684472563
5.929534483374917   9.163143935605655   2.068339140321174
7.211214745113494   3.723211164752336   5.326059607408503
1.2437293540748484   6.539781207330774   1.9345629915642737
4.269507463428116   1.6669257851378814   4.387150716562239
3.7450997166196514   5.757405403413667   1.6714659040788424
6.302342726567298   4.058072366568248   0.4370344063047722
3.004152080646234   1.5488009369399913   2.500298661371204
7.072124747628754   1.8492969725305803   4.055940820468583
7.805493685059186   9.79977826164614   3.9384120680989336
1.4312009686383935   7.244011773220783   3.76959189010995
9.117507191122483   8.862534679588201   4.140805037213522
1.445037308535671   0.26579790728638586   5.951681417110758
1.5914637693928444   8.757015958425061   3.129012624598839
3.3335364296137926   4.8377576071462896   0.6076662147872622
9.656192997559373   3.26576344879018   0.3389110942062822
8.892112480763432   5.041463272316638   5.854409872225485
5.949421596024073   1.6008926976644575   4.535610926117949
0.4261298550846745   7.116020586209656   5.199311232239754
9.053551270946972   0.9394175424089731   3.723427850621224
2.277347544034914   2.7043911397909106   3.994127214169806
4.069235616476491   9.47916347930452   1.460688887252378
6.826194782477493   5.302100190931437   5.497505079554941
5.040154430059366   9.539696608969471   1.5618078970027713
7.009975387347721   9.763742532878112   1.7840726478171627
