13.72541908136027   5.466054440209801   0.38368019856133506
12.156507394957623   11.39614521259616   0.5026250275811561
5.423639032520098   5.063424538547457   0.7351104917638964
7.623464856276751   14.043570078351136   2.051395182329804
13.473669457921146   10.679105053411568   0.8895198263333585
12.85492148759434   2.874639529072497   1.5922997948009254
7.483806289770758   4.485297570856001   1.7880847183783852
7.927540707536254   9.075744353130403   1.198125510153142
10.112601903928141   10.749022083155866   5.254640789361461
11.768207938317728   9.526207088672656   5.3539906328696105
8.937234125704764   12.925221307555683   4.371150960719028
2.5870978377459313   9.99833470512838   4.860542780705899
11.06041475526975   8.505987181095431   5.084894624474864
9.096383851932778   5.502699141315353   0.2604182366029199
5.620151511608823   10.547472971653788   2.003703831322884
5.013746651394481   14.137402344054353   4.881767704315064
2.785566360243489   0.07572145469620928   5.946104547910432
9.650722854121831   13.762506388642231   0.39894394555765356
0.10438982717617407   11.683036320588396   0.44291577412741545
7.180876486545634   10.726461036477554   1.9997150159230515
1.6170479988147597   0.9387579611859573   5.026866338435764
2.06654713406617   5.349332514052802   1.684483068819112
3.0257904176512658   13.349122611006184   3.9671893871725312
1.3483616078710188   9.901651111911947   2.655622568590215
14.23130198856729   9.197385310069823   2.886442631994204
9.376727678376831   7.564346017372234   2.4751569773676247
0.3659307866688684   1.192678960747616   0.35421703624047907
11.841661223587023   2.3567106703649006   2.907400524194897
12.261159406642237   4.136428696188291   1.2412728769161014
3.6166549976121996   7.553312996149087   2.734033583417865
6.686316703355674   1.3167026927334031   2.2682455978435607
1.558797087301375   2.9514317650990716   1.165217824605092
10.825288505895397   4.735150895503892   1.6071584787332618
1.717048383198478   13.410302152769427   5.942753779736526
9.087262809436146   1.2280951550142927   5.475486389063108
9.362444365375483   11.630557515037468   2.728586110121368
13.204395419254082   6.8080226088002584   2.032559778811958
10.59621114921041   12.8017364069183   0.0962020345732073
10.85553112942747   6.1183429559219835   6.062643374846147
0.21587752745864583   10.43299928846761   1.8305639480816847
13.138628899065164   8.233816047576813   1.674106148155139
2.526737656553229   3.627655281489861   0.5430032591747145
0.3879155597876828   3.7696460534229543   2.075678669547392
5.141187730306286   8.657442305731719   4.335936930504691
6.2911004505566614   4.358935090427907   4.165711095099348
5.044743036527534   7.479566708805375   1.9021725464828898
10.333677284056838   1.2640146436818025   0.8465429595565249
3.819411347877734   3.8225636976185586   5.859860250540889
0.7391371931450107   12.954366168264842   0.8633191832575198
4.034521108543774   11.295115361138544   2.907028456335819
5.050743486977848   3.3897118702620297   0.5914231780776543
1.4517485891672384   4.322859255722317   1.0648052149287397
1.1587626907697957   11.569213801202652   3.431012803958093
5.640326700128623   12.865250748699491   2.2578837720064375
0.028104883508050627   7.128215792555802   1.8767639871013189
4.047435881970562   0.7449529811042915   5.84352204477189
6.73423137738712   12.492705831450074   2.5497323266403678
3.66940762561223   12.44325855067093   4.587282960609113
7.94927261619247   7.827596302332463   5.216190358361386
8.328145577053526   0.4524628115210669   1.2878923886923155
0.6582864475338384   14.098499058805483   0.4920865296730892
4.0436664896316765   9.106444854254743   0.844582778857953
13.279885045647507   1.8178972045202513   0.7434478159301418
4.824662677085276   12.207209388932316   4.548957397019784
