14.365863175864877   6.550406322894264   6.087524615698499
12.229441524486292   12.492810607526348   0.8173743813638233
4.65027460965381   13.6246198078017   0.06069972600310272
8.540104222794788   0.6229489548086489   5.507387627726007
11.993257522370484   10.708047990609078   5.683329873169435
13.528608656034955   3.7975023134344212   1.1774168639546723
12.747355368831162   1.8822729372240432   2.215085893760948
12.330775722733652   3.925657407751317   0.40703953184086994
10.390794358972329   6.897232140297679   3.218541881979116
9.828729393436172   13.801321751734607   4.11741782804891
7.2016582296575145   12.444473285104467   3.775333496849542
1.626841417396902   9.538805451769582   6.210740026765892
1.632267573155565   11.326582648288207   4.186316879762826
14.23419810717247   8.067160067561872   4.967249061209664
6.729450605303416   11.373226828783519   4.21409941862804
8.374227589575838   13.440739147525361   4.137491906621916
9.304596204723413   2.6410825103756275   4.591488860718379
11.219072044890511   13.900058991140819   0.44124005242213804
13.504810734812928   11.973087993451415   6.239857495046353
9.60712446842076   12.048140352257656   0.6713071973537186
6.329038701160912   3.598066827589781   2.945419696150162
0.8004201457819784   4.011088265507317   0.7721974750302952
5.450622418945465   0.5149830058111136   5.328561189180674
3.0060450485096517   1.2341693854092113   4.671344461937626
2.232252255159657   8.682128112932931   3.752501893674476
7.203349162724706   10.29741182501692   2.4192320812241563
1.4486825865457502   2.5638688554111386   5.71642390501002
7.393299103953835   3.534119495353857   4.481052472151189
13.285416056801676   5.692334634689487   2.3944286511100423
4.34365983322792   10.89795739285744   5.62940709478324
6.158472725216753   13.89545303571197   0.24029391218640236
1.5671760028472002   4.908795059469251   0.7354217645985571
11.202151546888187   4.418086508759444   0.2377173933489002
4.429535041313026   9.714459294826007   3.3672758689575386
9.933263534492502   8.157165070700282   2.585674189570148
5.386455797539851   7.209172664652215   4.90699754079716
9.225995481588125   10.516264200228004   1.046725700529087
11.532351442908446   2.2645468042919763   0.4538651461903151
10.252054681008987   9.688195101186292   0.20600412720879985
14.266712706238337   5.010971086473681   3.073803002577545
11.644052510784297   5.9882025990096395   1.9535219286562522
13.612504647291033   2.698504576633811   0.6973778056263689
3.4292913957234568   2.3466806309706705   3.160120846018353
4.385596296754239   4.025747193356159   5.736847172829315
4.350375190494893   6.56128105226228   5.438905244662298
5.658496136423768   1.6716670419452997   0.1521418346260044
11.31774621230571   1.1500491118945289   2.347696383622227
12.267117180435193   9.541014991863712   4.391146872230469
14.15642270889268   13.181539583643135   3.696807497111259
0.2581459043737478   0.7477863208877764   5.462694407603067
6.99545381638826   1.468603511464941   6.238718337309965
3.6189868689184785   8.64468708087928   4.986608298448743
0.901190402583317   13.924177576503647   6.113435527087841
5.2931580337872015   12.301554534777743   2.5554824039663497
10.99998331219104   8.03146276014508   3.0500047245077977
0.17103717326547818   2.2244568061015975   5.986825794898957
2.7739442719645404   11.281527942759288   3.107258636675393
1.204594399554427   12.799225928220821   3.0144731773218694
7.381279740431019   7.075266246610483   0.6625589442981735
8.019847066358178   2.13672643792789   1.6841589572231117
4.362967010634748   0.7195041669729143   2.6782008078026385
5.6088432216669215   9.6642586396696   6.207107162555185
12.247596401045545   5.03951795601233   5.6906997830651465
2.971740205820584   12.493175174380648   5.085225468666661
