14.18916597465776   4.027065569734925   0.26444503179337453
13.141772977053115   4.813871782011792   4.505660016753393
1.1390630650975515   1.171508114179262   0.8773888848908907
11.902194458488985   12.242092434030347   1.2692067588025517
11.154928375207096   8.287508209684784   6.015136742904
6.3172996596659114   13.018761130576305   1.3703650752453975
1.7488715920261364   4.448322077213298   2.805994467603464
4.456874151467362   12.550609274231446   3.5745965118772336
10.661588468159271   13.03941207221612   6.202995083963355
14.114066484910346   6.516357156597012   0.33717949517061674
7.726707629414197   12.661135929971964   1.104507083501951
3.6852388748791904   3.0063514355148313   3.575410058968998
0.25676049589237887   0.1476608674561864   4.707244739550967
5.631279542436552   10.291504457235403   0.6966821116587995
5.513648737152153   12.221903143658048   3.0155020089625446
9.435182576168073   13.533072592189177   5.985356313867288
3.833706967226078   11.308453565170737   4.5031526150610075
11.25983800664186   0.10282110717543644   4.844785154981822
1.2595666252437003   6.429510752211149   2.8245917080117477
13.286772731490162   2.4787431030047156   3.1011055977907422
1.0226302742685862   13.523830962081838   1.087935426939819
8.97971951264018   12.022655925019656   1.2559942444999415
8.757777962874034   10.197716633945783   0.6717422019027779
7.420079867876585   8.500058452356821   1.9314201191820908
6.576028618721679   11.536250619322177   1.9594207438453357
1.7096800668467436   2.8573407621647102   1.3935843275130235
12.026514626291284   6.794835246576297   2.9683985450490824
13.057634701703687   14.104310089513241   5.56966072363623
10.108465807308523   3.4429677519778816   4.304237939327503
0.5746088491545895   2.5051717572758916   1.3321365405569814
5.371225387530959   7.9692336741137595   4.185786182598468
2.4712927225733172   5.8081126393145786   0.7693347420735264
7.0507962428838535   1.9197717556728389   0.4075990040773503
4.726371852924361   7.06778981930079   4.8261564615111565
7.5923904954162085   0.754097538465373   0.7501839329517512
8.730863191532533   7.064100620001234   1.061239254709531
0.260635415712855   5.595730607182783   3.0455668971007603
2.209747876387432   0.05984719585797288   6.049580550412465
5.821261799053193   2.6569722490874854   5.66057339171743
11.24103189753529   11.32144812057277   2.6869724727655253
12.948117011667897   6.306124782063703   3.844540675992692
1.3737856812426141   10.410262774121588   1.9989092450429455
3.3074680212724723   12.2934646665273   4.485461212283668
14.21263453635952   12.134858052228145   2.9533704722245857
0.7233047349877525   8.153321059138579   2.8294584366722484
6.0677194652392235   6.12899850505465   0.226387333829699
9.577201402938472   2.1231489751917554   0.39064865864471504
4.182944415789714   13.999714304789697   5.144820409709047
11.014548662176457   5.122936029402235   3.8921950470428817
3.585995833120269   8.112217198124132   3.6514504172571067
13.102770764335439   11.18494279335132   1.394256231426388
9.759859325729078   0.7108026763931018   0.05380884172961076
3.0271797769898523   4.427571087351429   0.7236098380240591
8.776687247784617   8.209731501429275   1.1127044987606614
12.991761634396958   7.405384845994466   1.7984440002144415
5.971221995653214   4.394894828858056   0.8094388304972725
2.4727373530511625   8.371067375328225   2.773402850444713
8.265784989671168   5.927084209556911   3.5441527027623656
11.912968987875626   13.646312814734094   5.731024219305749
9.879051706542425   11.153837390209201   1.1526403428698722
12.467070222967852   10.118290301129601   0.7995428884194937
2.6749250512175844   10.962492253226639   0.27846083388774295
2.0282895399738594   12.172016002763755   4.809313363641968
7.045144554554082   4.255324418595688   1.654690011922836
