13.829665218251613   4.134444822686039   0.3607629362808083
12.4971847448288   4.59072251103251   4.311266042296506
0.5442225699933152   0.9608675326744407   1.7774718499280275
12.753172714493113   12.319532841100251   1.133687425791869
11.659958940132702   9.79683792220264   5.963728250178009
5.222326191714844   13.591217281514012   1.3986809238990392
1.4587287736567593   4.17484724235673   2.892062900506692
4.441702638273609   12.491961207460399   3.7744936294592613
9.865969960278687   12.557439395190835   6.179282256660088
0.08656144192834958   6.438579774776638   6.27562139621883
6.645522227212575   13.63162479188382   1.1589414659309052
2.561958055090922   2.788387653256004   3.3928908473342174
14.110555421835151   0.18106851330416718   5.150002761906022
6.458897554872273   9.878862770278309   0.13760990085506788
5.513751396118228   12.15275695982298   3.0291146654395966
8.854218444283372   13.92298301735918   5.733197213404975
3.849633724094152   10.668477347903128   4.7310526073578565
11.576779381108445   1.0246476789795087   4.8175037800757
1.6194732713306599   6.990463537366497   2.7715936102729475
12.43404542824785   1.6466607105680655   2.3947462078727613
0.5868651416990066   13.874695412487812   0.42584947605432266
8.470366659515742   12.407648786439674   1.601767909506
9.186564675086732   9.555807736425082   0.7239836022677354
6.548336070501507   7.935779862226972   1.8373032709438946
6.305041734693179   11.24590420071997   2.250977765292241
1.5001449537746658   2.40152794336356   1.1750359950147764
11.214059607355075   7.307236568773897   2.8146752736017837
12.625835970816862   0.33064565055170736   5.6063246454187805
9.808943988658926   4.105144457305194   4.818041944839274
0.372725117446717   2.810774899921221   1.7290735517348663
5.943905364559207   7.058185977835961   3.977726096467107
2.173272603284854   5.819235460627985   0.5164692501498558
7.941764521226675   1.9335888346839702   6.1876214653493475
3.887420047132754   6.7574226449321   4.866271772124798
7.4174837261064415   0.9602708219109216   0.7924379718647095
8.788810734125367   6.9654906786677575   0.65863753748743
0.30674061078940285   5.292622603752587   2.4795967207807994
2.516296046471076   0.49586943686842144   5.941253677240368
6.409687681944703   2.745209822441735   5.763580424075603
11.28162273446475   12.088628703873079   1.9751732561571067
12.181913319786663   6.0919968393811486   3.9958975354354624
1.6288801913687934   10.237450244643698   1.8528528182352226
3.9348944205208918   13.435712659853912   4.659489634332672
14.40727930520554   11.914948713664579   2.617699741159192
0.7743700595451322   8.497881685214026   3.4318677637279498
4.8107148313891015   5.702872400737032   5.934233871616058
9.822967581872765   2.294389618098584   6.136177661301631
4.806859054186441   0.298850428945707   5.115644734066519
11.159417733583917   5.370228061979237   3.0694598348262194
3.495733898382382   8.718820107594645   3.511497132908938
0.6575168260730864   10.91325018257802   1.3794698838202584
10.554817851595551   0.8878060409765611   0.307233558176754
3.5746978863758314   4.318131209736576   1.1638071305012512
8.432905580190306   8.591386829201872   0.9242691572114764
13.69184978517409   7.316356791170546   1.2689649979311823
5.605265396319604   4.365659084323221   1.0019035949199298
3.138403577493578   7.551355019711451   2.8221413986144093
8.360340994343863   5.651569945085794   3.551119983607858
11.432111525256555   13.247005546631161   5.79453719080912
9.662500222814192   10.721365300499556   0.9705774910576257
12.727853787076915   9.023397022986831   0.46457827601373125
2.744064953341992   10.996824410990305   0.5857177849942624
1.8487772430954532   12.642753147745795   4.858659841961496
7.933945214277001   4.19218096649329   1.9964560201820003
