11.069322475758167   4.595206543736582   2.208254150049794
13.946375005083066   10.184877308141902   5.186502313540255
1.8217239578101596   3.0529058014498114   2.4901429148495824
11.490838977551613   14.410411999806245   1.9165209743757579
12.340106788746747   8.79806099019352   5.164510463192508
8.632071439390243   3.1147469723306944   4.4167098533425015
1.1983429876224598   6.209476674149811   1.704826827349836
5.909567673173559   8.1679945093401   1.9544537273315872
10.523984780810373   13.791346866535068   5.1543610755257045
12.575121499038415   5.217566727128331   4.831097202914178
1.1752451848929555   11.982664347385825   1.491948014574895
4.979732456480384   1.1712161659921216   4.28173146794555
12.043413139412685   12.937173671452168   4.203619549170906
6.656602554157674   7.258478202988063   1.4250564393571694
2.1618645394610225   0.6185819326674833   0.9911144351589641
9.215752312029107   0.4390709168671939   4.174494520108963
3.757538796824016   10.218217101077096   3.549540316997701
0.1251030537855744   11.997956166857447   5.6591847686269094
1.1551151350611555   10.453134607507998   2.492914436044829
8.47146315696632   4.378100484157473   2.518481458665562
2.2007375110712033   12.434839086673124   0.73417828214305
8.120125027114492   0.1422638160645331   1.1138862560897778
5.075070766295269   10.065340982452117   5.8745055123270395
12.55229126962293   6.888312508705895   1.3576671841239976
2.068600254585671   9.864452986387384   4.359886976049818
0.09327501747839406   6.190627754487959   5.923021483410435
0.94349345918422   9.051792949975503   2.1603097004918292
11.60808041759605   2.3885991835875675   4.695111493528372
9.605616554195192   4.162934648704125   1.3804639877888674
13.306918315766838   1.9711681562199326   5.716764679842766
8.920587828256838   5.509220163152144   3.781320978242386
3.0572470054208267   2.631269877055998   5.720070422220482
6.224405505091844   13.585267841637158   1.982435466413438
2.107075392866295   4.827385345472511   3.4452936273931587
5.759617260408024   12.59510300818924   1.244441372675869
4.851690225180551   8.034917597320286   1.5831761100514732
13.65681030192186   3.4809363647279428   2.5070361290049696
0.3539932350436203   1.5250341230881983   0.6976162239100019
9.826761279722234   2.2696900175671413   0.48140563809528175
11.553595526299224   11.077743338825034   2.8844993142127846
1.187078087401745   7.539856425387721   2.054272772631814
4.673438434015313   6.883424602484902   2.913872195209434
0.20604317834018276   4.414526734700489   4.361063706088944
9.580773732400088   7.087155437330208   2.48241008395879
5.71091175164154   6.4977213557029865   4.321458139379525
6.240455051578394   2.8781007939166123   5.0216932123657605
3.621398493832205   0.7847257084025911   0.28294167877198906
3.5645430004693095   14.046507096325572   4.041273926398488
13.02214085779837   0.3925507300309565   0.7646071274672246
3.8481334254507367   5.006335191483595   4.418602314307431
2.6470136803868676   11.324049001518196   2.797908175684463
10.362678687778434   11.448874873891834   1.6007545132357446
4.9082858721137725   3.110016994232552   6.206642713406428
6.940743104606329   9.011410667343407   4.815216465991522
2.432305468505034   7.129166410063911   1.0949667431694687
9.011568923135215   9.923840181648545   1.4763087908727712
5.185934468573359   4.479097451332977   4.93970220886162
10.862833154014055   8.165379678225596   3.5958811932723154
7.423332066333991   2.1231922262176393   0.1718003324379655
9.135234251569237   13.600944475717164   5.156041930137259
0.6387534897724351   13.027143505055571   1.1753542555034255
13.838343153025415   13.316038283199902   0.5407997609012987
2.8558162165333103   8.432811317670463   5.8215653251167385
8.214897047424543   7.145707840841864   0.4923996148966931
