10.649528422234217   3.539831931139114   1.1150493545407707
11.783478315674063   10.408466859621473   5.5775103462694835
12.787786530521455   2.006463677390226   2.237507542904518
9.953147844803379   1.733720689773688   1.9074173794428275
7.424919595065655   8.823200785405263   5.857553039106463
10.157392026806601   13.242980786482969   3.380183584474476
3.98205097682187   3.260797144825836   0.09119325470598394
5.30165121006759   5.687426672876658   5.712486240134865
10.30967684573689   10.780389996291172   4.131677366948605
1.776616283579973   9.494308088500388   5.830103376381489
12.525139439284535   11.302743836063852   0.9673641908098579
5.471920870892499   3.68115625941839   5.50298993498529
12.305535554534254   12.802730268727846   5.719604271476083
9.678019795913498   4.271338191530365   0.45925186735643014
1.018843734352304   11.610413001798978   2.1674242366129115
9.578249467992272   12.159787984445845   4.965577825898164
7.431441606882584   12.64201041634355   3.292414010142416
11.702142671379281   1.4033698071260092   0.045481078313602374
13.789101181487322   11.751781073816286   1.2958227336390635
7.098918670846635   5.212112007849317   1.4979410465040712
4.235302313119148   0.7591185697060618   2.227014218375815
10.315141208189033   7.534673847876742   1.6267112418286862
2.5133089662624832   13.427651149733911   3.7467640201254446
12.629446868395485   9.124483982175217   0.816594454506273
2.7684610441594177   9.064236988635203   5.3337787676490125
0.46482813978060966   9.123008626047477   3.302463535782128
2.8413772666260364   11.323954091408163   1.2124833676300726
12.346477354239875   0.267223649135769   0.6718521338797524
10.015729388618993   6.175228410044309   2.5198892117414826
12.764015714963065   6.19747971888561   5.282808497647068
5.8377606480554505   6.57463925812658   2.204669017566088
1.3262909981614335   2.728274020342383   1.4045018285303705
6.291635385294114   14.034852049148517   2.1567149159582253
0.4282422546429198   1.8035097716970168   1.5314325455505675
8.656541893969194   11.347379572185066   3.3394405201330413
7.161846296637205   7.35743173522086   2.860085199216939
0.22268611325580512   6.695803438949731   3.819460024502926
12.879448259615458   4.956651998879006   2.8560258453144267
10.188025468530572   0.3236461304716653   0.6440342303167239
11.556989810592114   8.151674212292262   2.144088320506597
1.2088547528953983   7.106735061812245   0.9690079809175913
2.7283824436362276   5.736116382250144   3.4578342909851076
1.2996946991160119   5.396136793952294   4.56006684834986
7.087977773722993   3.1379371913924192   2.904589049757389
3.802446768875681   5.031363091834367   4.223603888018987
5.964894876212617   4.71299226120013   3.7490081178377483
13.650063195293395   0.8526976905663319   1.363594810017422
4.247563178237433   2.094834036889356   1.6669648570175903
0.6878690202020614   0.3626235275486378   5.585708035318617
2.41420927665871   4.553326627625338   4.780150118874444
2.5751725959301157   2.197360192742113   2.209903187037261
10.851052863612216   9.175437648717038   2.4212429753963858
1.6814026759676683   1.0883833669444343   0.3410702502887313
4.8015668826291105   11.920142963570825   3.23346089689012
3.2132520449542303   7.420666360781203   1.6663965452090863
7.050938260495394   0.8864382770075433   1.9300683633133855
5.533082737340252   10.282339901781304   4.930667229360331
6.5876173115878505   9.961410434511452   4.136007410924631
7.125786304472373   2.032029927743297   2.1292286219112304
8.986254655498495   0.08050449591368469   4.37198014456535
13.847376981728994   13.545684846996648   1.5738586875125866
1.3315496299067213   3.7924112291775303   1.7805631589242104
13.913724906523777   10.485285625972782   0.17810644832515987
5.200913460777889   8.209565533924085   5.037075483196233
