14.049687691189845   6.794691878172969   1.5663443869043858
11.93726367988411   11.123826431245895   5.3350856494305114
1.7607894542839255   4.647758858651288   2.254441925818751
10.944023898419932   0.09293730237587666   2.900749509338034
7.9508135019363415   7.5234217044043294   0.5101280519525485
7.908298882474458   0.706758563406886   2.4980082799586
7.931053069760733   2.2026101088874968   0.32194192528773896
5.953536156371005   7.433914218437766   4.743820739003765
9.058031762549131   11.6967681472408   6.2173674445418445
1.6380939867860909   9.992485197699697   5.838558078921069
8.722215060511735   8.816672891579175   0.3448655942255865
1.627337822479946   7.3215251280776465   4.81732028560318
8.958572650744545   12.920337847481642   5.945235977498857
8.29724394595016   4.263852300615914   0.6816418179844479
3.248503416872923   10.395149015754768   3.550238215184046
5.372229317868062   0.9728858010995679   5.621172024900391
4.101445982762472   1.7708063082955605   4.905733861598496
6.827684350380017   1.4267592376919218   5.776160559547886
11.988186838215313   12.70631100494614   6.0296525388292395
12.91478263607188   7.9166896095627175   2.4073863336222745
0.2292035537792813   2.488290949688287   2.9140824062075663
10.690193463756177   10.728358648226187   1.7116892776596986
4.099792952488057   11.601351558258822   4.85119493789572
13.23534013531229   9.023877508519973   1.460643511271215
5.610266785058535   11.693666220942443   5.5611481645314385
0.08463219638134056   9.29724873836549   4.287070125655251
1.242139214996762   12.963940407243706   1.7657310626368123
11.99353057511327   14.224112045997975   1.9798391723215818
10.563325767885063   4.336999688925128   2.1648602670597583
0.3129724081883157   5.206245482911807   1.1558514778963251
7.86777183306968   5.9963197749334585   6.075690324810614
0.3927818920908649   3.9767861544978262   0.10528702319457284
3.2880566284536066   2.7776712776137558   1.3430207034961894
12.588794906246516   0.9418463756064526   6.2740220515841365
8.943742674514603   10.0099195714051   1.08658510170412
9.518809685131298   8.070425073924659   3.1734431779392995
12.659050659313719   4.911554373195711   0.3162929038279836
10.143994773379918   3.140654646584069   0.7877474156792896
8.939408616735589   6.576278958268278   5.669136961076819
12.27119221771566   9.642546010963732   0.5816086309861489
2.499194394119259   8.510766440260817   1.3555418380432005
3.003792539544046   6.458535362751469   3.8904664520432215
1.3626316840499837   3.555835996257066   2.874631882748555
5.180705276618729   4.971498134769598   2.880358963426028
5.641673814526217   6.340754238732012   4.301989277598639
4.634466098046581   7.3448210118252195   3.0956435028412805
11.740780671809203   2.487990593807942   1.3392419092379266
4.042975499771675   3.6573317065658846   0.09891318194278537
2.186173648442141   11.744165037939752   0.3554728532819934
1.47049276053005   2.243922396135578   3.6315712413228844
2.442820893816631   1.58892269020113   1.0961752865435117
11.457548317795805   6.554055356928843   1.109753199448743
0.7955333821782771   11.010188233108101   5.397646220663249
2.899365179114929   13.119251895100335   3.4781012719268185
3.9797262167752305   8.857408756127615   2.9684240668551083
6.992806252896908   12.295708727281019   0.6396382400927167
7.8780492927045485   11.018939042828432   4.572678269762126
4.796996703285041   9.655076484094575   2.789891079338111
7.3660693505859545   4.995732233587899   1.0808631615126696
7.941450173387389   13.309750415884876   2.00582371472555
14.186596402211078   12.341682414706755   4.115047673492394
1.006870566291961   8.608667501182506   2.325296169017248
13.86510311848862   10.722736067268489   0.7045954945889794
6.504954380847082   9.551897336353985   4.37167028605502
