3.62305166240783   5.410261432965481   1.689011001208546
7.301938127839369   8.231488143180993   1.0675894426212582
2.2276729761177383   8.757886041934649   1.1147783785844654
5.644631137518106   1.6937566004937903   0.9406282135442781
9.715479333558688   6.923481933160264   3.4277875349883766
10.80296572994065   11.80618009607922   1.1395711319466748
10.467198750721675   8.5288774793516   1.7586828959631315
7.243648021785986   6.275200780795007   0.6868344946332051
4.003981730676826   10.191175182310504   3.818461200593606
8.059074408913173   6.960021344298241   4.9924865968678445
3.4872434630752203   7.684009864554519   2.6109372938919444
12.162174563600226   12.558236650989908   0.263677160648785
6.5101357848767085   12.654217275680427   4.813992575834508
5.494646532614884   6.575107286442438   5.402432989289054
13.574730597534465   10.168831150874443   0.5795179629436132
10.468115694638282   5.339235412405533   3.809522828503971
6.4488578681812845   7.111188963306675   1.117243554479715
1.127128455896404   12.791627015070862   2.5455211598289993
3.1557030939756974   3.5653465093033234   0.45300563221164325
4.197368266475086   1.2944190666846185   0.7187378954757934
13.147171787500584   13.92780968847194   2.7467928497856495
13.196297963849196   9.168532802013269   3.1414570774476984
1.9683830486280467   6.1067639735281976   1.3670359137894348
0.43755103510722604   4.5279511933636085   0.7898083469754934
12.1752107615277   14.392456746122862   2.5081975994282164
8.417705339355614   11.928723570142562   3.8560298384420553
1.8282598017329026   9.884023405661557   6.006971642684026
6.219948219439265   5.011062996858494   0.7277892140451887
13.034362939448295   0.8436851171271418   0.14116459612943902
10.975853412843389   13.147187425598723   0.3251371236417332
13.379035175673168   6.614010623423475   3.465534464278517
10.380141901120846   10.493484327337745   5.609420328620175
14.122478364397356   7.389938994200489   2.177630403431754
3.1520684048582464   2.198984840794596   2.4360302341831823
5.4281456163435875   13.214762036916907   5.551676421674486
1.064820996848101   3.5712392423772483   3.745183364810191
0.7371871348986622   0.9952754565404601   5.896975775230143
3.3789680963612265   6.6119441028787875   4.1943670837964895
0.10203479351846778   9.056727773914417   2.8617232241114374
12.042721532628336   3.243104049279832   0.9612197625777682
6.9472674180617435   2.0699400436840905   0.33622302406762794
9.443895845907996   11.167490816555535   0.2923903165721222
13.23932383006335   12.440146932744968   1.4142617661743178
0.29713977775837536   13.967166125907225   3.86943068010991
0.5004599407075869   10.525390043490361   5.542177829588644
11.0014500798107   4.214415693437105   4.952546269218066
9.077967192764868   5.423221317264529   5.5510524123690015
9.323135811873495   12.847007089479831   1.0292296629592315
1.4549468299905575   10.978888000401236   2.2580297608637028
5.385699737415568   9.504905840675569   1.927063883055586
9.418111171504686   8.176549798233639   3.8524606231834673
8.775225375469018   9.995169268429734   0.21858022456171466
13.940138728111796   1.5551757009429348   4.937981058389601
6.220953264304075   3.6836535564681947   0.6101287773680535
6.063670638459964   11.515033684147605   3.4166956933362442
4.618730918015503   8.276272815156702   4.788522524214106
11.196097333017487   7.646291301763722   0.8240301286856624
4.701797391058121   11.637659145766925   1.8686387433183438
3.5169448713021816   14.40162164404721   3.607537362046695
1.2329264574634515   7.645073418730829   2.670485712409301
2.801740871896949   12.811387780529817   2.1914567747370866
8.757762348628315   2.5277731973881106   5.246210428593606
4.747909143875413   2.4701725832304935   5.896282123564627
4.573773839524191   0.06623258369663176   1.6045064641163511
