3.064565339038165   4.615031161896911   1.1809139760637986
6.997147483051965   8.840299058737882   0.9849565064810354
3.199090454378346   9.534246658326849   1.2733472568219066
6.025901838685391   2.235839308324992   0.8631078607897864
10.286942455132777   6.189648031031   3.726324279248739
10.908801350738532   12.121383519087905   1.122992518713431
10.421536005817401   8.121572952665716   1.6344786239632723
6.336477356546228   6.106246794206678   0.6326090198549607
3.6132002846010347   10.680766643922496   4.020848592132424
8.371183295429777   6.607068940961573   5.377264358606867
4.613337493916535   8.451682202342607   2.6687926716495376
12.166511813433477   11.6587881722085   6.230435275927288
6.107534638808083   13.468415513892905   4.731704048414733
5.303452892076357   6.410982634151773   5.086529414552571
13.54860892580617   11.14438894901788   0.40052123293611197
10.473746453135414   4.156551209872543   4.588835143399494
7.039423250651787   7.441751045343926   1.124689343181239
0.48475163093201956   12.029569035197273   2.892827848892134
2.987411691140294   3.506547574724055   0.3978674045106473
3.293604511812066   1.020751462880955   0.4928373876157067
12.362120246675254   13.216300123094706   2.5124404733259804
12.73188526135514   9.944714012109397   2.9542406059674975
1.3845715217390655   6.081671013340162   1.3440529885143246
1.6129529756993104   3.8238976965497216   0.3219044753657948
11.376864095607829   0.27160598256912083   2.63340818758825
7.84629427600803   12.373644253292571   4.1314586203248975
1.7580424232557048   10.024358302756088   5.594963366021386
6.911851913633775   4.422722352898774   0.9518622286844732
13.3753003168461   1.5938959157762789   5.978000392439255
10.083032713058124   13.425944274528156   0.5708628523335487
12.559234877191173   6.553833954480437   3.562641609364203
10.069765433456798   10.559856818746681   5.580899204118125
0.5416377620392966   7.126845937944479   2.2613426412237247
3.81791249758701   2.2734074161246323   2.221853637346129
4.294395750821577   12.935000100878622   6.099442693979359
0.7103083616965701   2.5178305714202356   3.4897806150645683
1.6710818551047697   0.3508320425773958   6.096744657614054
3.787308426213594   6.1126095993006055   3.859339698285971
13.849260025373532   9.11403349408657   3.234581005158522
11.586846744673377   2.5427731815199914   0.9445354058042816
7.0498109393985535   2.9154319694185147   0.2983747244538155
9.496503190823152   11.70293197795091   0.3311122911434575
13.830506539294568   12.360701677403375   1.4087242762206569
0.07805330625417461   14.269563082364748   4.224536292695123
0.2539489437850261   10.42060055071691   5.429955663321153
13.10610034614622   4.256097276904349   4.871844111491764
8.96997754957664   5.567087815458668   5.204873538398218
8.019702744516088   13.46193288932766   1.455724783443617
2.011368068537841   11.187518021708122   2.4073867482473883
5.020381621574125   10.329089645758959   1.6881098753444128
8.492339347888116   7.886324877854419   3.7757689980780063
9.461366480788897   9.689229156490239   0.08628518153950923
14.112827251196165   2.8524991896502616   4.8099554096768875
5.727456501170142   3.7515043359760125   0.567145258490031
5.944667425901283   11.757947856721875   3.388853336555885
5.667371645641145   7.55924593313698   4.982494315069787
11.180850298302175   7.088775885271617   0.6226183233527893
4.413293824179056   11.758155426945713   1.6292374369288407
2.5626753019094504   13.640203465578004   3.7734133129038785
1.5715600844127733   7.733799293767589   1.8575190891069704
2.82045610216196   12.596046231964301   2.000128152286853
10.40295567047731   1.5705614467905504   5.4835939099276425
4.5951836214401895   3.2089199188537036   5.541661011619156
4.795560519265278   14.314806802171738   1.5655144644014618
