7.0585905479559   9.441255659927826   0.301855786811814
0.20396141574466398   8.233228961735472   0.6988335728586742
13.651800604276954   11.949905857149083   5.459773590371352
6.914517423234424   4.835725423960517   4.496498876440552
6.437638740668084   3.8960567290676913   2.8028393323541216
1.3145811076010814   13.745692579996074   5.1914071836987645
12.450420960156094   5.429787204077129   3.986268000758793
7.904292480868878   3.8456119221719884   0.3968190972099002
2.5828278201948627   10.045010843326809   5.742325770514706
7.736098218500131   6.5328120397588965   2.6607622066675995
5.406458120418489   4.570100844497192   2.19594811649167
12.836955833807288   0.9951879218381655   2.2649013098502087
5.522532738035338   12.583784376750808   5.518860860628443
3.77871874952243   6.451785851261119   5.340853481427027
1.773525730049854   10.759858843505208   6.128865413924571
9.4556118298927   8.688417805728193   4.1504179403388575
2.775159038475427   13.69150224984823   2.1261670607598444
5.098489836936006   14.186273310356762   6.253080392072736
1.2629474536741865   7.305693567496103   5.9864445974394975
9.050661625202485   1.9915724104234442   5.378354335658716
10.46560904586179   1.9509736087298828   2.1946414030203156
12.983382798700308   10.365143303038495   2.7869599717246385
1.6532840832684654   4.070408469898368   1.822380732007565
13.879143498591443   9.036993789312596   4.826872883256562
14.12658844132812   3.4130527527668115   1.7918934255227712
8.387890579655101   9.174260197020434   2.189903292463677
9.802561764318941   6.473969402740147   5.4776608675324585
11.601032039695852   2.9551128929323696   3.582950647665277
14.143123666362278   2.091419528494361   0.23596644483688442
12.316114375915278   14.259681209825509   1.5907357175040873
0.3543663806269264   6.791200498161631   0.5463271410858784
12.48164439900824   8.875591347286596   2.9930049365312934
6.546677358944641   11.72220741176492   5.85452995473752
2.941900058897072   2.7371321349762514   0.42198772685677205
8.002122917141087   12.81745331365306   4.4357899920150965
12.17096769267242   4.091737459705761   4.33554198291696
0.8976467235914519   3.016281954744177   1.5056848070045732
4.381704257782576   10.962539813729403   4.464665041315583
4.037330717516422   8.571459366870405   2.146906974986777
13.809413412432075   7.408353725064716   1.6610010440347438
10.572003292017541   3.313361644517239   1.5575810065419873
10.99684751610755   14.063309009694   3.6824784189705992
10.867656860874494   11.178076482198414   2.072540454950017
4.926137990908222   7.120464040811139   5.756557749730883
11.95355929787327   11.509686742939644   3.966502392602363
2.7124846992983493   4.054419189926994   3.16912411814462
5.8022927985036254   6.3574008044630546   2.188217766864913
9.885157679667552   10.373225358199207   2.2547508424204237
2.333569454927801   12.11650973553164   1.9631085559840153
7.604808744487778   10.485134488284237   1.7620516051356703
11.480107931761225   7.927901752011414   2.2835931780251144
12.944140060731323   13.274324359726867   5.346850728711441
0.6070124366446171   5.681333426914491   3.2584354907399624
9.804043978908146   4.150193472763502   2.725484218536265
6.884474496552048   13.008918979257873   1.6891240527765317
9.032159758312172   5.214978230789642   3.0250158642673832
11.184101879523812   5.7432492472541234   0.8753753662332643
8.090941802756385   11.581137185372064   0.5736924781856847
2.350624187784506   0.5491171700351318   3.373606633166729
3.7933838642519837   12.604974925154314   3.313885412542342
0.20805759489178538   13.28488391180882   1.811056695240325
8.966525172807138   3.4288823373746484   0.37380936640110257
8.833730981091827   0.1980258390096648   3.114712730902354
6.928426652687032   1.090292789259577   1.4048509592911136
