7.377674350204577   13.478023916812385   0.9807841356910312
9.166050463132299   1.2436240688450804   4.994498458684127
11.287341893521996   9.764201670448918   3.5992709427941003
4.268540405972191   3.7376256900138505   5.937437184842206
13.133976458228545   1.705818615607622   2.218609640735733
4.524843493599471   14.01565816723913   1.9909954421088336
4.262963998721746   11.524293687799348   3.186099358268918
1.7107921825303412   6.245114840482608   3.9958305290899196
0.2557755788512509   12.550115171300895   0.5352862173737407
9.168677252822356   9.449242767821735   3.9756643017920825
0.5887959569440282   10.874029009071958   6.277686177389411
2.4710190352530796   1.1299446461623655   4.234700047089268
6.186218039400024   6.620509975269077   0.3407489474958859
2.518868569989659   12.676829551789734   0.09199836853236795
12.933901002008776   0.07382989899855552   1.3363781941164297
2.9572779576990498   9.610588329007285   1.8716201285862837
3.887108635563896   6.6753748356287   5.805414018618807
10.755971369517347   12.038815860132635   0.6552933062921246
3.1503575561805004   5.140705573509915   1.9810648144527696
0.8998985029623493   9.457476413957789   2.096828009609796
7.2558260814503015   0.23228503222942226   0.6835604561125366
0.6394950578446659   8.362309074691751   3.6630225230981535
12.98234097695776   5.57419530172977   6.155133528631808
10.003296644103086   8.57477402324941   4.705066908297742
1.718924779626954   3.364892679446388   1.3303927189858293
10.701245018848963   7.304036981958261   3.568700304719988
11.116416232629932   5.0725823081181   2.5991275004871692
11.14151928952842   8.410677070856163   4.116481127997375
14.410914267276004   1.2480085195533368   2.6400573740269695
3.1683680862527153   3.9823647329582945   1.4678070190925396
3.232842699648826   11.051933049821722   5.096363176403822
1.2836204785038237   7.2896483246458414   3.0535596317567775
9.222952722262551   12.262552343849922   4.575646888455249
2.0242374685762323   8.634502622857687   5.538795005738266
6.381733453281381   11.739143057863226   2.3137714357580363
14.151103212931906   6.881439709262713   4.37373206376829
5.512201134509976   12.895846556907605   2.88749022233173
3.672389154872851   13.18894175000897   3.3387583429070085
13.769970136045256   10.27936643891864   2.8764105554442176
7.316512006886887   8.089265857833283   3.5951243000608377
12.67350489478578   3.7629722006633344   1.3125958409699352
7.62688388810806   2.1584213310776224   2.5428118406256464
13.98804052470239   13.615329616232628   1.9489650493601514
0.4381965366903341   4.026113407636666   2.2736759841704157
10.437402887479774   0.4694024523247497   2.012514722233087
5.946543118936752   4.730191487944238   4.253149966393903
12.706067112355926   7.099117922798307   2.8473728161391674
10.254817060003365   10.895211908293406   1.060600888379759
3.3840297968917277   1.8182835367444814   4.473367633226274
5.328715589101356   9.77641559448451   2.037481477027677
8.976707313774401   6.934561784187116   6.077557161626089
1.730117570454134   13.545735988612321   5.48653268382026
12.398427593953558   2.531190118916957   2.8001102632143033
8.693945943050537   3.61845115805254   0.6738081526777197
4.437629632671243   10.484985468591589   2.657022489173766
2.8610229904284386   7.601571325214242   0.8169740575851961
7.851547539099352   11.300201816077108   1.3209553307485502
0.846075009479838   2.591883033262818   5.33700824563661
0.8979381323038614   0.3393637436013872   4.462259403156906
3.634872862631977   8.700562659071768   3.139072561227274
3.3808838159758046   2.9132833753555767   2.0361633272600983
9.48231807116562   13.395211889579885   2.788416745152528
12.148671807470574   12.692188700165405   0.9946501289928575
10.480256632196896   2.010679901878122   0.13829355910160093
