7.1952809021718505   9.012744666416927   0.07270361024586014
0.32423576480804495   7.919647826768525   0.734246983006231
13.901432444900282   12.969122673076447   5.508928550443754
6.593678763641204   4.1156694262854545   4.721366629972185
6.216126628866745   2.690445190827961   2.4510318530746518
1.5192660546546377   13.672367531309263   5.03373402000535
12.722810611299277   4.849806577114768   3.8314232748311565
8.039666920031243   3.250770300895528   0.5756019473741393
2.8986633039019174   11.172933135829775   5.044555738666925
7.32109150367552   6.5334035450614225   3.3853003681327927
3.539162542067849   5.959990832774977   1.9321688574300058
12.95467947877425   0.6410193419553718   1.7501363155859209
4.8926223800205255   12.892884000333652   5.21377665315099
3.2092771460565794   7.00052163198401   5.061611345919475
1.6161735289820411   10.958554780981405   6.175750662264811
9.376356590903432   8.323025554520544   4.703027571402018
2.712320043527913   13.981831291634643   2.6208712979017137
5.331146799552143   14.284535154162032   6.099575289561914
1.7777598794462186   6.544257910729323   0.2710743553778772
9.13338242535023   0.8560979533599855   5.134181658578425
10.218197019624395   1.7816800308629954   2.00583721525144
12.905091132063461   10.80961942697978   2.8333568941763163
1.5410183996431626   4.321766289652947   1.0558153632085
0.5291689880413848   10.062948187918069   4.547230973763938
14.340055544025992   2.6514857310591906   1.484453949034817
8.504623292536667   8.936675686428611   2.4124226904105894
8.919598527196673   6.466926302275754   5.840296379816999
12.48524350782152   2.6888891737192924   3.608669713982574
0.2991584110363661   0.9193793533231305   0.06646858513627762
13.06322390297568   14.023237497616941   1.3164348183344408
14.348792927810159   5.870322708096727   0.38905184152658684
12.318544593623962   8.114838769325036   3.7112610528351437
6.972570889536491   10.055248809421077   6.183632167798737
4.043167363008889   2.867165008274743   0.8811107093814091
7.411869316659811   13.276631116147264   5.0771642549226685
13.69253791403168   3.550761477739017   3.699624876381922
1.4087747396804235   2.5650397863445042   1.2348316068626155
5.859006473600442   10.547940143347343   5.011880340198604
2.5406282536527596   8.872802860464232   2.5009360034561907
13.593437594016011   7.795171594255459   1.482371574410049
10.785231189504922   3.701698549788533   2.1745953207955915
10.823813324905808   13.413865731637703   3.405478443618215
11.042708704761942   11.898099425725585   1.7991342285210519
4.846832517146518   8.477156771855782   5.445893610228013
13.151509637899137   12.0537998750579   3.503704660635895
3.2880970843449804   4.649756917550019   3.4649592238148315
5.1521135240481275   5.989712559390147   1.60491802501398
10.574728329519305   9.402389514081879   1.764011442845762
1.7722556729862757   12.325103203010906   2.269783269963247
7.5575311474303675   11.282531122294031   1.690469682952153
11.061463773475923   7.566107872863317   2.385974448139872
11.930985495423267   12.93923394452722   5.417289041998112
1.002916573360796   5.531467139210721   3.0822061337956668
9.70213947249411   4.5041547419021075   2.33516436518088
6.3776997820057915   13.115568828890328   1.8126159639003672
8.618969291615148   4.6881802757782545   3.0471190651989386
11.333196500638863   5.185163896535337   0.48812214570718415
9.939122588639492   11.346411788616601   0.7021502353442596
1.8892119109912542   1.3524408103860872   2.9569128136814786
3.686255708840955   11.874903025126487   3.217519328449003
0.6497822768901127   13.094370263773373   1.7919476216622825
9.24658513390359   2.5063189196796287   1.1466380528574607
9.571153545471422   13.559359226419145   3.632128036585223
7.980781194922871   1.4963227255487703   1.4954307055300178
