3.2981379707296945   3.429524509745863   1.1046877692555097
13.284639824042166   10.713065886917523   0.43642754834521863
0.45541196232471925   8.14311074278065   3.6760879361532615
6.863194846308621   6.598927147381601   4.671209389522424
7.249353873565646   4.133302775955018   3.6424870088622154
0.8647086687783706   14.312712181110815   0.7725405853257769
1.654723638677992   3.7033919895847527   5.254856580663399
4.538550012232338   3.778203877975396   0.28038630918050633
3.365798157899991   10.597484131827784   0.9773052526370494
7.941744601428237   7.067911451896079   2.5631913677565463
1.5180712680952255   11.460762215050918   1.2820345705548015
11.133271561489634   3.2610432740627995   2.025991671484853
3.2494870248141963   5.97889852210478   0.7263259267835068
4.021826585505075   12.550126483286284   4.701497513638616
13.856966961065183   12.270435301984318   5.892587900198417
9.310784479628275   9.139536575038251   4.075845826923171
5.298141562812974   12.902795903202028   0.157506855142899
8.089626615526017   12.166591461607979   2.892080778349263
0.8655666970501558   6.923119824293329   0.6904528989336367
4.724803079922893   1.0103689159577258   4.107338235484592
9.709776057398171   2.498678789565789   4.9643447352191545
12.174100203133952   7.919230838832517   1.6852864142361201
0.8733610973708841   2.4657728252942537   4.576021887684914
0.9936398232000372   10.484689771175697   4.265567311214521
13.983496634223384   5.054873404459379   2.796077574821764
9.042986028012391   6.745146108513769   2.3518077218228193
9.508505918187087   4.220734002419704   0.1635453855067037
3.414820776909558   7.243056743745573   3.7887967323016
13.262285140725439   1.830443671053299   1.4042756359392738
9.905215985003064   0.49969458837254954   0.5713937855859016
2.7328832846285187   8.72312657229992   6.086806494204225
12.369031839914587   10.078863818644102   1.688993531043171
7.677203921027129   10.625231129163389   5.4816332197577315
5.5099177527454   4.761805063493677   5.929824813830358
5.238214313451589   8.677126471531803   3.181527774499468
13.408532938838869   8.184805692144796   5.095376456047606
5.1029246233059204   2.6369721388337632   4.4495207540483666
4.644066963816159   9.662131448339771   4.0496860980107705
1.917547318355902   10.025643415330489   2.7007763482925617
9.98602211932211   5.8195720614883335   3.314694957900996
12.183828618764396   4.492864264819879   1.2425251668565844
8.425830674706827   0.37190411050408895   2.9317897410182217
13.709850469004204   9.51176706976596   0.779896860477855
1.833356978222353   4.87061887812579   0.49575397239064767
10.173469442836756   13.314743506306076   0.29576480887352774
5.7788611416170275   3.5090907438056327   3.5030969209326774
8.441283399845133   4.495233552318803   3.059140625930542
11.706929117083376   11.059046097834733   1.910154855734792
2.68572499798012   0.6934773053249227   3.578442913657568
6.703226147070123   9.29970599493636   1.3736307891029151
11.148839242610679   6.219263323921431   0.6966396470694922
13.773432861230683   13.535641568755645   3.908451785397401
11.593745907235673   2.2129351760792924   1.5074013892499938
7.829742092620666   3.1207383585781288   0.6628035529470392
8.415518816139572   13.203478237187753   1.2355167843960915
7.710234771069532   5.384892161912974   1.9089190957399031
10.200722470498306   8.545769761129023   1.1069687318758847
13.181197062758145   0.02099086486727142   5.084545369635673
2.0290333787525254   13.614661654858974   4.0082858168417985
0.8063012497094066   12.427033310997597   2.2060921582399167
14.29800922132263   0.8585437388234789   2.037854893775527
8.099279827329122   1.5744138453739986   2.77090025022197
9.7888149797791   11.288134078851614   1.9464163027084977
6.482757860117057   13.452111571907425   3.801541706083161
