1.9102221168171614   1.4026528110037875   5.466480471552652
4.660868874074513   3.343437108324632   1.2412300543522599
2.820789296146119   7.2178863373159   4.519481706516092
2.569796941009279   8.52576649672431   4.871569277986535
3.3769371835339377   5.21254668857571   5.16959573760943
7.74979339878932   3.6916655871343025   2.2759926562494783
8.932041884758831   8.490331519519803   3.8266302843102546
0.4012173388527499   2.7165516997458212   3.4941421790194283
8.827103625297653   5.045349933063936   6.003282204030409
6.498782742050357   8.931040050286994   1.0613848440956335
2.272008833238715   4.501225498852936   2.5327714095467107
7.603874660002906   5.329446910347467   2.8475151407027655
3.4379007192699644   9.490358539112302   0.5171922341943749
8.243759319908419   7.931906022563325   2.4505859531529457
4.077870202011634   8.754158483861866   0.6226259632636542
5.5023636011540775   1.800385795096656   4.164548116756733
5.861687366794983   9.27879653410714   0.23431338934822474
9.171095431363284   1.272749372308485   0.3216661457885922
4.350917581986339   1.1162738928047284   6.142854710966838
2.934079742769508   3.117258347726705   3.7800584748660566
9.322892896534999   5.918792191503717   3.797489058248692
0.25744249306375866   4.645087678557781   3.587621366063084
0.9056372732054203   3.85820762351969   4.984895117561938
3.522711991957653   1.3795443164511987   2.3842181539646035
0.06293188139374278   1.9488437656484805   4.1950711575458515
6.777038758602478   5.765613695205028   4.618659620211972
9.0103923115608   0.44368720019962304   5.1921321423572815
9.81084229583332   8.920403090619896   0.9799175973910603
2.895091992756381   2.1964221319710533   5.053868915735209
9.40345027624762   2.9143941716926225   5.228359462419588
7.548934685941455   0.06658677575428412   2.1762504211324254
1.0137116168614502   7.327636837167809   1.6737658836815978
6.830173855212859   0.40205718963182546   3.989189689256969
4.801987387193805   6.348002815772602   5.138662651154478
1.6397674906735218   4.965244072863523   5.786144884565125
3.9138822577974497   2.937329392657312   3.586091903535668
5.643527376115169   6.26904985400118   1.09938597787655
2.2511696224581303   2.693948006806713   4.592299882518054
2.30662243338138   6.297237370734244   6.112756740999227
0.4010435715600016   7.853219518418275   6.18868216941857
3.165092756009761   5.891237211112564   2.077406779694243
7.967933188273128   6.436974098349668   6.195923928176692
8.121708391858961   1.2021899839453454   1.1838688425710657
2.1670169202329306   6.942959119372366   1.2282504633790003
5.33021746191386   4.237949207550609   0.3952581662493092
9.226707142811982   4.475850277275956   3.0295895169949114
6.707015656669345   1.7123469833939582   2.946543247831655
5.076225490738949   4.875378706444119   3.456426653115561
4.4788974716730765   5.604867269473722   1.2975904650254966
0.6008652307418332   8.565099960382112   5.238605373092731
6.273597922309064   3.1015120935527896   1.8499712563271768
3.471599119757845   8.099214278372234   3.6205165361151983
1.881770434090385   8.930583563604106   3.3823226817731284
6.19023634339859   4.603664573741643   3.778685700735763
0.6009639416998038   0.9636126938215179   4.060198007231937
3.8812319128395805   3.957056771678322   1.220997759109821
2.322996201619226   5.281194234706335   3.8380891686088248
5.646535808573343   7.331214698838196   5.139106696710702
2.920153423709898   3.8374319861733643   0.4858791845736582
4.29712341483951   9.825306338353109   1.908461132689572
0.08212537828975047   9.650262276328162   1.9184462772124986
8.540789535208653   3.256651269159161   2.6282753967357864
7.074836711235603   9.498592112140322   3.810248508631754
5.843324418479719   0.2757793273429299   1.2923442688796956
