6.503809165985743   4.8467619914029   5.291257199305284
5.12987325262791   4.806514549504663   6.198320029292561
1.0498431698670379   8.453108905039041   2.8036638704358694
2.2021653653463287   9.002786982138833   4.4764202883343875
1.875546334889095   7.967784046853352   4.937776566322873
2.7895820517172223   7.277126206422724   3.388900757771565
4.232664256646194   3.7612353735161577   3.96641486845026
0.2968445015954364   1.8053005241592013   3.5645846724166677
9.647233850339383   8.09211238393495   4.017976819190078
1.5717285168393644   4.032877821121307   3.1737912475427006
8.744469769213126   1.2159043385329285   3.289534761073226
8.689813106224403   3.597546531085813   1.688910292625838
1.7919919092835512   1.8876502820170256   1.645086041482174
9.754720995893019   0.7356051724901715   1.8229056331458144
7.470244053420078   7.902587787782109   1.5633011283966018
6.585673340244517   2.75584273422338   1.6091139880730496
6.094640044350288   6.266698852204964   6.163082008173598
6.153287417516652   0.6438393381767732   0.8745385793766611
2.745980505102713   2.452671491145181   2.7658420743268506
6.816309659701008   3.9844253687084175   2.8893834109431125
6.244940052521175   7.845421266304092   0.6719933995392627
8.123829560116329   9.288497729240321   3.3048623083706734
1.1922036203536495   9.479615995080248   3.8089541189490266
3.651866675051188   2.2816782883475537   2.262198484951647
3.323796226023078   0.12134309275957755   4.4165975394382855
9.004765910605586   7.419492562301571   3.1026477471805918
0.20076328105788582   7.1476508159220185   5.07298316117387
7.532125496339051   1.2011216408208312   5.874008896053227
5.770241421543163   3.7060243152139063   0.29702195161132494
9.148559007810803   0.35763045709367985   0.9978948227251174
4.850066596428632   0.5200164235278462   2.240207669919241
4.529859938552639   8.823400889386306   4.718121217141736
8.692406289730291   4.434063009284057   5.46549177372095
2.5375128237612405   5.937760467084491   5.9609312206863745
1.3736876166149983   0.4873820244247705   0.943388066283068
5.868109620615739   2.723288098483088   4.6345661257968835
3.4423469411974397   4.65158685350746   0.6216339439086188
9.345425178926385   9.051878172978133   3.5243099246587413
7.638486162148164   5.828702320255563   0.9572593347070991
0.4577636608957753   5.1205930664991435   6.004642926892404
9.293967141392756   3.088181855591858   2.397788619730567
0.5413328999674334   0.6284814784918623   4.72589441289021
7.833592040852574   2.382893679739854   4.052947663732043
8.59736619590158   5.6655221297142555   0.35016768654323494
4.494848549254209   9.797411247996676   3.0486666541452165
1.5140036709941942   7.078898474014226   1.5884343456640857
1.1869789589559852   4.743751903975867   1.7814447701796656
3.04187396906336   8.848424451909398   5.082440491003553
3.659385660203903   7.13731276341668   3.006392681881141
0.824311422106716   3.1012174776441968   1.2493289939185872
3.3115034423126297   6.058926608575277   3.7401372568350753
3.477268790595778   3.1011778144336706   4.5156528891510055
0.18180161028755548   4.158511348457363   5.8890508515077284
6.127286002726446   1.5507103448483825   3.237926359629692
6.781278522484209   6.761282162777527   1.8215621237558304
1.1658822598003018   6.188185429545909   1.3348903293887693
7.897984274459357   3.4143384394576772   4.541844910832208
8.329533468916082   8.180399763225655   6.122529287996873
9.35718387274769   4.775642672698049   0.26460435569427637
7.0637334621926735   9.38899267766907   5.810590939518638
2.0526895983608897   0.8148571250720565   3.6446490447685393
9.771277994936407   6.2267377932540455   1.550100206275571
4.464991968364932   6.456408369954239   1.850767559299117
0.034064989148667846   8.874760046021304   4.58721184415856
