3.9304322009074535   1.9458253966802679   4.201392215027675
5.783710685363213   4.492227889447052   0.7452415449410674
1.6510301755136079   6.008687673723015   4.054760066874387
2.0777218652504943   9.094069912741373   3.9214176214228216
3.1148365014117734   4.030570237108576   3.1788922614800654
6.680401260371162   8.077670167622978   3.589189219922086
5.606428562443695   0.5915186582792289   5.32033575514708
8.647498091125666   1.8599458304283554   2.964615841226357
8.706400861134007   6.304503194158926   4.2959432432839435
4.7739162228592145   5.971117334687961   2.385694751672192
9.430250387780827   4.0771820955262905   2.1857280901373892
1.0949185542195146   5.1032077461606   3.315460275851825
1.3786593962427998   3.151807401204547   0.1281295824790471
0.2361759763947351   9.27116675713538   1.673636760717156
7.104818233635317   9.6740542008923   6.265758172063409
5.725954768443232   5.882951343014202   3.4852501403586627
7.25858066569785   7.611123063641443   5.172655813415981
8.604844005446468   3.0877422591743904   3.230310438262319
2.728473274328338   1.1526838289903636   0.8184189118685233
3.705445776152525   3.294275666913601   2.41862978347296
6.068515762255122   7.449988022327941   5.261907080727726
0.7015875081637122   8.167289409921839   2.788122345500306
0.38567973112542153   3.3673018812344226   2.868063635664676
7.263835704422536   1.7163221334580383   2.990154050577108
2.3151948902794164   0.3517783450195674   5.055477202208788
5.26399167848265   3.831228748334913   3.3559033837669254
8.968715927180968   9.018749876866746   4.660046507143251
8.38237220397984   9.468572321664407   3.4028333972983003
4.456586916219287   0.24510178037393124   4.694338929697563
0.44907647972289133   2.3584652777542323   1.5388783221641145
8.557112335265517   0.9359325403074792   2.084300053771173
3.9499328973036283   8.97306562891463   0.5615034954554712
7.196701854107506   4.350510436311254   0.011953352658278682
7.258931606117777   5.16641124557936   4.948592711540317
1.181121268761707   6.712824761316973   1.2946257128783136
6.044146862664801   1.887267884415842   4.6144702695875734
7.760390081992206   6.7373064244531236   1.9615206890653112
9.136189300645023   5.3963182840792205   4.082136270102039
3.2046639575284743   5.668104796217691   0.4419729288684249
9.670926308480942   7.43816509290776   0.18467984883841546
1.3204825869274883   0.061414646313986965   3.1713753463072685
9.702408259178744   8.551528313962136   5.683880788602853
7.431037367819261   3.548608927315084   4.771516186857593
8.199458664878957   4.626673606610825   0.11979031962657696
4.723516555245971   2.973064859451248   5.012272894065704
8.517601479882744   7.34638901742374   0.21847007330477003
2.71861822360205   2.9248083487527183   2.8493020614311315
3.991219775415191   8.228583446817517   3.916202138669198
3.64549389543798   6.478433375507116   3.3578668038328963
2.045711700478255   1.6704602659086278   2.8334997022729476
5.140870288509866   1.3992910437115094   3.285680530347922
5.19360832433474   9.119944732063898   4.226687391817631
1.4843368478453636   0.9953059825513617   3.121298244293163
7.967746224654004   2.238078232670109   3.861813068472586
8.278297992732085   8.217445117727312   0.07908553260224238
1.3516170389865088   4.261085346230439   1.8998756805199488
0.08510889016191428   4.9128559606585895   2.640877089055887
6.0202711304895535   8.679283394240603   0.17629066555648648
1.9648701308582541   3.650982954029241   0.21405051238119732
2.995009196222583   9.435960559204933   5.977965499937269
3.2592302485531657   0.46454547963928916   2.2601191133004126
0.21377025780142422   0.5271122683218428   1.2840691755562785
4.271305149301613   7.0220441278762324   3.275246502061236
2.142552569089416   7.071370383537998   1.6583238328285659
