3.3511881606125753   9.79466870092425   5.588626950879358
4.014549211505704   1.1848688765033208   0.24922491591467688
4.825636079720356   7.357122275743905   2.5948608636787065
0.09625459596354716   7.733926776294673   5.331501713484719
2.978290338488462   2.730343897457984   4.604852615809954
6.788476697813554   4.762131853833038   2.1527709862723645
7.291069496604353   6.837989886320608   4.418546278351939
9.53538574062903   4.06627698804853   3.0338237475764926
8.451662440398986   6.2163233061947825   1.6113117113780553
7.322239705490384   5.664571246181304   0.42856812968842806
2.302127725867856   3.5748887410331682   2.472607784455997
7.55584302361744   4.199001406946458   2.373667097636061
2.5366133545748717   8.479677548230718   2.0381288839812837
6.8961475035252695   1.4002648567102838   2.231956178691539
4.724446120440008   1.3035578695584797   1.2064116846519926
6.188949734738437   8.854115413519866   4.866400712259448
5.066629547921525   9.640957715417427   3.046151008949032
7.7755100877468015   2.851085171313012   0.7060723173987221
5.687381575778855   7.797361173616721   0.43196702111569174
0.969976848863563   2.0365456002136257   2.082637983461082
0.6966151739916705   8.076674878957961   0.40186417343760916
9.116813836024658   6.829988325214358   3.010255149995152
1.7354401222751288   1.2662284284748453   1.7666051789789512
8.347837309726101   3.931822320061708   2.4140713538248524
1.844731670986897   8.869781422866778   6.188473425652687
4.623038401851984   6.143497510235283   3.4591612476252016
5.608544987323609   0.8212673548817958   1.4556941764069828
9.468641327699915   9.53179567949725   5.777998597257964
0.14565270812112013   9.701522725156725   4.811093920590764
9.54921473776202   5.347811664690501   5.124890733674336
7.662238673098499   9.408624994257421   0.6764166761654452
1.303969554875903   7.4405730539251245   0.9929030320645309
5.198162589497937   2.1318499997561533   4.465312733000461
4.26458590606127   4.671115288910101   5.438868063527053
9.735065422782167   6.241521425068193   0.25558927683045085
4.188178836832847   8.787061162257206   3.9726448082702532
5.404898510477541   6.805789996073993   1.4725567492818095
1.3026297463404348   0.2889789251923172   0.02037739786863213
3.200467333270112   8.29688634758697   3.2169866033716854
0.5971819397358622   4.996867468061209   4.615643479697791
2.721287432646973   6.6999108047154285   4.780892489476281
7.851433593791532   5.022561106985624   5.586578960829629
7.230948931200266   0.306074542919548   1.1692135795842806
9.03665854979381   8.015639398852718   0.04475476915666084
7.965312629571894   7.905407817767616   5.557541266453752
0.4615952810013929   1.256223263204583   4.112003648177612
5.883489559068824   3.359918850706965   2.834103177682089
2.632934032758289   5.7511274046579155   3.167786306667687
5.784344466168223   4.687978167110696   0.15366504036735062
4.041594380037678   3.759495359261767   5.7086524064160225
6.219014961701279   9.819741234494607   1.496153432164672
3.8909419287102893   6.640859762786925   2.8661013353202143
0.24057676150188606   2.945231962269908   2.5496214080390853
6.897601891010399   3.201237008265497   4.368994755719824
2.3274643670445627   7.549856819503856   3.9321771037884994
0.31281653018852223   4.283213978165342   3.363274425864824
1.4064924214414445   6.700696168506283   4.441861771594876
6.581750585988583   7.947617112546434   1.1090159480177784
0.6003558403826806   6.162866386723158   0.8515670906605209
5.460469769989205   5.35055417108431   1.2796619561077542
9.439571324129515   0.6209574774064698   2.3894045174274345
8.777042704575008   1.4361876130746216   2.0989809535341077
4.194797614245813   9.578900037259455   4.759718767054918
5.86409682333725   6.076123602258194   2.0101501498008965
