2.695087035880322   2.305079236810001   5.358135432266022
6.216585769275137   4.077377197561634   0.6190866463108248
2.2834118043896923   5.585391577305264   3.6254662235467277
1.279138633206386   8.32749549939898   4.0859781011206
3.2555112685584198   5.000238509148488   3.765752576622013
6.883929480420894   8.193847873591029   3.451043412741107
6.440637048120439   9.427954101160292   5.358581152572959
9.23008908447154   2.3007035225480683   3.3034064124190268
9.513716426481805   6.114153768694204   4.249987111023784
5.905740893439416   7.371457365703207   1.741736390089417
0.34098859963920813   3.965283472624148   2.19493433112117
1.37957762819656   6.367199886106764   3.150658846878479
1.3266325113320419   3.1461372282909528   0.33483986615214006
9.092177506690476   9.614330711275569   2.196069757055259
6.961328526769547   0.24259670565825975   0.12736190545185025
5.719851627785026   6.245542027624338   3.4329946341070836
7.315019641257078   7.165563406012036   5.1808473787657565
9.963319299809003   2.8172290415634134   2.6489349293254545
3.9322298641783884   1.2888371070310587   0.2635244445956057
3.375511683473713   4.0287161101792215   3.0781292947135257
6.111029663202742   7.979240526974066   5.1203507561554185
0.5392978544990841   9.31998213501943   3.135675722025094
0.6204065054280135   3.282660702764929   2.436975355184862
5.636376180955215   2.1314392242534113   3.137122292731342
2.057928137978061   0.361159649280555   5.721335388059815
5.223187665482412   4.086178472380655   3.5983795707393376
9.454481499436804   9.035211994127078   5.115124045558728
7.3668509952557715   9.012753658432244   3.0953150230119943
4.925108246675146   0.5322431828353064   5.0002950591380815
9.195296464915659   1.0484606978932334   0.38272853756942216
6.570586320482302   1.0791452127106937   2.409217391457481
3.5769033142563993   8.998230360448568   0.34147742083361143
6.9955129216039875   3.276176131549209   6.079397869697389
7.851047493398399   6.036664049692061   5.197530920843119
0.8995791898686636   7.601424267550436   0.8579963855433057
4.69157023317222   1.6411769683998112   4.308472739483736
7.20546059136906   6.381153024843086   1.963325533748968
9.200509940652609   5.256331440064725   3.6153017972389896
4.475170053221959   4.750779380071254   0.87926198858714
9.833977417083197   7.095421060395784   0.545308407776238
1.400104203746542   9.09107486025337   2.937379839286094
9.765516489262508   8.150603337162892   5.777818180574433
7.578557470825614   3.8715716939880096   5.09583931743614
9.192540415991957   3.802047619530369   0.20918986947272802
4.284561120607217   3.375697866996405   5.270960785937323
8.090113380560654   7.525208119632175   0.4019330489600984
2.3208747635000817   3.051936486789413   2.5506812624060142
3.2363500229984057   7.047373414122431   4.327213979342026
2.388140659616272   6.720537258466866   3.9686581453651133
1.288278460271871   1.9148836116571848   2.3365273579485564
5.676956783794793   0.8114605652801057   2.6932700433273706
5.618789830658575   9.34004280655337   4.044305085802867
1.0254335654081714   0.7845610588059136   3.144046944517038
8.264007935096394   2.863208569863561   3.2693248617847552
8.847090800787042   8.478038962243714   6.114232876586519
1.1899631248446205   5.171491266413012   2.000930013213973
0.04605787883496476   5.1399448172726006   2.8346469935413596
4.9855785619906134   7.903014130271867   6.191214325498845
1.8686753736586872   3.9740435363899493   0.16604477346345686
3.529982873565588   8.062962109318061   6.036383207247222
3.393744308467803   9.878942125157597   2.536059430724409
9.819122601743551   0.34379946985378196   0.9776703436553374
4.179559362489256   7.25259338556497   2.647527457402642
2.5012540451435896   8.476789198021908   2.0155345317458417
