4.2642600874057965   0.02678914154722689   4.455252720228217
2.6948242919098244   1.0656576784144731   0.8745737693271648
5.396568079767852   8.98064950417815   3.2908446424950193
1.7925910289143263   0.46166415846237696   6.18313868846199
4.914478775992035   5.221535453913628   5.39950960862858
6.379014396324962   5.594394947166378   2.0296738213344008
6.790392733257657   7.0665934942515   4.541761408232955
9.688382529186903   2.823412709263792   2.9279213311793444
0.009079586601826506   5.9178726804897925   2.2218081176258844
8.528445959573979   6.907295747594469   0.6371869261798625
3.698402359216244   2.7555912462078567   2.6123463662787514
6.5021228497041985   4.639503687130642   1.971471788749752
3.0200659663950864   9.02631632209239   0.9179348735660742
7.5148902012081065   2.571689677304561   3.0484031686059034
4.362232270962404   1.6282157210202817   1.502681659667146
6.957083251157005   8.951461185015864   5.010602857922936
4.708392446710052   8.360840309154645   3.010525209442074
8.235871372183748   3.8798902171304976   0.3651720922255547
6.272152572300753   7.7256980968293085   5.7722752498703915
2.7191249704865257   0.3882351933057137   1.7253319935923241
0.6581941537255731   8.06797170506661   6.028472086144069
8.030683997618736   8.574252381715022   4.215658681815192
0.6053609518766454   2.3002929985755323   1.5048072226354976
9.703722414963536   5.120605616601098   1.0147127256271704
1.6830090102763844   9.50997834240043   0.1600466853575769
3.054005773636055   6.819993809182664   3.0044672802166748
5.569492314316578   1.7056010714721903   1.983276599512881
7.0379947777011855   1.427319903870115   5.500200077783233
9.780313850146374   0.904822918884535   4.628529290051258
0.3136731019702008   4.4325652643031885   4.296707885585234
7.441874866058205   9.492203578133804   6.209918235888036
1.1599765774975497   7.3016149476119665   0.44000875914394605
6.215253906933963   2.314737864069693   4.947148185320114
3.018864514441853   4.534575639253748   5.409065480864448
0.854081335042584   5.133016445052242   0.8090325180521497
4.333165156491647   7.594433960915298   4.13290252588505
6.80291068400311   6.236390249804315   1.1895774259954206
0.759217505659678   0.5876628518965686   0.07800295818110659
2.6457215399915857   7.925714901083158   3.133824248593241
1.1149893107160032   3.9622028627754196   4.369772554350055
1.9616164426914615   4.62153401020762   4.372064234589195
7.711485456097713   4.982496588375813   4.8381170272088845
7.9807971639145014   1.551147901705046   1.109302073824441
8.835936254116048   0.23626330476878765   6.187672745704258
7.676113347223257   7.866829742668084   5.065334700945461
0.032267492271107256   3.6460618608032562   3.627049966464961
8.50748804899034   4.618922438565473   2.671723216443767
3.6768004794214066   3.663080093939239   3.8108092376496585
5.23816060144202   2.6199268485974114   5.42507979637698
1.6246047107147379   1.5683435282358966   4.670523293823752
6.1284169184435795   0.9633462236278344   2.1887291251633534
5.6797394081052595   6.872865855374034   3.892713825135761
8.821415672551487   1.9481891282337158   1.0427617067603474
6.85724219105782   3.9168382018661454   4.409174545191699
3.019710473942409   5.7208215742239865   4.787097568960145
0.6117761859007143   3.110892670957172   3.1366270221247343
2.0526203355970027   6.441397411741064   4.600065468053859
9.532246504326118   7.5182635814212   0.8851874781305836
0.9816695737372021   6.493850437437876   1.3256818035936335
5.674437368389941   3.694446112812173   1.3324101029719708
8.20532298488303   9.762413868831835   2.04844514468535
7.90102586256063   0.6972545036725691   2.260342359591445
3.29503765758945   9.758326919337522   4.234820372400661
5.483144857563406   4.634182958107392   2.430602357693463
