5.918076958948705   6.516780273258689   3.5868068332693035
0.1845143875165367   1.4234412136170524   0.06741430376260074
4.027138281405589   6.404108192573894   0.7952182463329799
9.842319105659717   6.860102798717375   1.9369244939643362
5.598774827790842   2.023764232092733   5.630889583363846
8.285160427022475   9.186400517151721   3.7551891733107543
2.3329107632462436   5.9773539487567104   3.603723646091444
9.141139515885563   1.5682487449121307   0.7557497128787403
8.897035622901162   0.46017968255203123   1.1510420420709495
1.9432107965756853   1.9552829180519073   2.0125724944433196
9.561408556233241   4.5819013071319965   5.655655463230422
2.3641975983620145   4.243654636357286   0.8142732970584077
3.4152102334405936   2.797620861426092   1.9584100192516063
1.1215540979197782   1.7552843449959026   4.816061160462854
0.9215211215628936   7.055576721460736   3.7090044950255763
8.881119127558392   8.064005630486792   4.463811423426665
0.43949320089138566   4.570662291105711   1.2152940196545543
8.54299208511239   4.603232314328149   1.2020357885648818
1.831076356768251   3.0426826260043374   0.10814293783398705
0.7298071382786478   8.838538448438673   1.4896270540429914
3.4774978433219577   7.0150742132670025   5.160816433211083
2.110172748656318   9.034028918064308   2.708606940430428
2.1782824616196823   8.21645445494916   5.530785965376406
2.596552213435924   7.248279160984694   5.164095502222416
9.624743919556959   2.550338414623845   6.167935897332524
2.737116604051165   0.21575998346499942   6.165757485002426
9.10776284451954   6.106990577733206   4.537330951579042
8.086948466824449   1.6399198199746126   3.7408513103340284
6.886436455203339   0.9685524568164751   5.39389290575177
4.25040053591461   4.311517529514461   0.13568521209325404
4.482829834319807   1.384639218374143   6.0106815039218695
3.636738195948017   0.908762094920692   4.640652627174539
3.69148817223181   3.6409653167852514   4.502323036887631
3.08932192021806   5.462466751867154   2.6360589223009625
0.5617011253390459   2.7319776444212733   2.748923261487107
1.231781404107083   4.172498213914504   2.2898377455646357
7.936433122499424   7.809470008739184   4.647491380309531
4.400822356876176   2.236752019346386   4.963376243400417
7.584313400805269   0.2983430475346282   0.7694149240137085
3.514757541028025   8.333054003505172   3.4664994795010187
6.536992415696661   7.63423092211916   3.631970517272923
6.142592964040935   8.622717815663513   3.0929457498214283
1.3269096551826667   9.733627214070212   2.4091509785487393
1.6447433888752885   5.175912532122476   4.715155976807936
7.129006035119994   8.21077580393711   0.25162943412325867
7.727628603807975   6.543047629301603   4.669933593167768
1.5295485840427245   0.6650250862362088   2.121243005729818
2.8404642375123896   2.129367399897833   1.4025008561205505
6.644637385707764   2.043956618062869   6.134636023471165
4.648542609726222   0.24184976690756244   5.697434044544052
7.456783037636715   3.693470408908901   1.9723579869101153
5.107467131490185   6.152645094329607   4.955535651722909
9.917316416268097   0.1903566176603656   0.3408807250922806
4.88553485253898   7.427585412696299   5.49753630343138
5.56841431170631   0.045901003869632084   3.2804416919331745
7.433526912715843   9.175670070713759   0.4455816926215187
9.953627643418706   6.025234425257039   4.331918962711979
4.792957250227897   3.386350906853224   3.2214064878040283
5.9529763993750215   2.8498105160556344   6.0022914075476566
4.69973866163177   5.041434766299101   2.2042598532954694
5.314770704897615   4.352585059678862   2.5722252697129533
0.9513014253394906   5.775060888810348   2.612459414455577
6.915200447998896   3.033567167646895   1.2596913222939914
6.187107079108975   4.596550122404387   5.71763298014844
