0.9417167457226252   6.694226219310646   3.290829132222318
5.9813716284731555   7.999400203415566   1.6267928404900485
7.535246576046033   2.8812247436653795   0.5696444436027929
7.956145172808476   6.771512661050977   0.4823630469398219
5.9335452424165895   3.1478004987872166   0.8968878837980934
3.7600156071850668   9.105134722556826   5.506452625649548
0.5980206693749791   1.4937153525407232   3.3786487097733033
3.738509499191337   4.07534826429261   0.5835289612658966
1.080445588574083   0.7945731778064553   4.92971983938434
1.2431463114532084   8.093718607382467   6.217512968808212
6.848965830101292   8.427901402280053   0.20261923734970028
3.068663772640118   5.2367784079850175   0.45630518997378045
9.808060429312176   9.928911334685026   1.709896934928352
8.529697014227343   1.1495049816117167   2.7574779220339343
0.13770516132685273   4.838752688413662   5.6781331211048665
0.40506079478869333   2.5485955893282655   4.31640907640958
1.3244161523615432   9.215082010438245   5.170866550491971
4.196744108805421   5.287475634703149   0.06050079197562509
1.9369045802434621   5.440097689284617   6.2097302060681
9.580555634517626   1.8314390937054896   5.899464314729223
4.035789051392081   6.4953330590104885   0.7195710530354333
6.373337661028588   4.0107024463584615   4.830881911207843
7.320745933373918   0.5193390754257433   0.112137682494242
9.845868843847892   3.255013418712445   1.9177220170059877
2.3590555430772078   9.086171937217841   5.667748851442404
5.346280734928606   0.1188972710871461   1.4166541489803406
4.5942352596149   8.14797866912267   3.836343591159616
0.21642021414849277   8.705299670704662   6.063726233142906
4.456300186186963   1.359077600931792   0.7156667157725709
9.952424969152203   0.8859481956644162   4.147434485631538
3.1632523768850818   1.9258743510153487   2.973308582295533
6.556306111182022   1.8017367061680207   6.260458394632341
4.245400679812451   0.15765829018202204   2.821522680721108
5.801585767328978   4.765913385197263   5.361787547673159
7.818827711508905   9.68398159363923   5.03778068904891
8.792781576079648   6.769038971888787   5.890310869065905
3.9692179420653164   7.5218440259747705   6.194448040279384
6.142123216246903   5.834086852578002   2.3900829056158193
0.4230155571453442   7.867132153684061   5.277492304222938
2.2403570838119466   9.891252679298063   1.7394760685309962
8.200412815036213   5.448554333029973   1.9734203254071083
5.764938338086805   9.284053260987463   2.788872598914822
1.0697437669846483   3.4565637302853953   5.526439603171362
6.740703281766944   7.2147202866690865   0.21436510272269826
6.95215596516718   5.707437218852574   0.8058005622402596
7.8129083535404344   1.7091352435897946   1.9288907745088697
3.0831418105378656   1.1174585744390897   4.66328744056589
2.4204148974565496   6.139271528441097   4.176889967540502
5.729374815006054   6.967404705711046   5.195363645269798
8.625999427028523   0.14630242930203302   4.969171441922057
3.009272290669927   7.751473224081101   0.6899245893587821
2.2871222884781903   1.9716401079232646   4.197285940320397
8.665017337184345   2.74230483560814   5.470976504066682
8.61569022203989   8.781266154250021   2.418071656946206
1.1051086153968173   5.02469347812089   4.5251297102195975
5.570652036962532   1.5618206816461058   4.4514954123685975
5.322621916849645   5.828869219681994   6.178497736139668
2.0986852588052156   0.7670735748392261   3.664399452518123
4.627158180791885   3.335102987622248   3.976675483976554
1.8105073220024521   6.922358483501881   1.7714112806016475
1.4764841769143446   1.6072734392679922   1.8731316670744793
4.175852301625099   2.344442662795881   0.2612410047285437
7.908151694503945   4.261862469770687   5.982407185706303
1.676428115881188   2.81162106602677   3.393188556014544
