8.893094461677673   2.4236697746759535   0.775144361840838
1.7958268822475723   2.637891811574306   3.231143654667958
9.202506321107384   4.9757286942600025   3.2687125131113857
6.193707643010087   9.677955486848196   1.4156686536930914
7.420829961076871   2.0060245518768443   0.9371615871584486
4.790897339345798   6.7815770378868265   4.050893165010162
3.338694394660933   2.1604216759396278   3.4991472377670148
5.551258946562225   1.6837581701948123   0.8435093194022554
1.34522247600298   8.393707935632671   1.3024282411904098
1.9529827498071475   7.589583393193567   0.7839430965271103
6.656402284250619   1.550687011545444   0.2967164316696608
0.05630578118021923   3.8927412571539515   3.7768206704896476
8.146136731288758   6.66061267654171   1.920522715323662
0.5568088757651823   0.24881391168286215   2.5961275329386857
6.567911371580799   5.603151477142888   5.721221070480043
9.92959939672458   2.256781685080123   1.9300738787709009
1.4723077057412919   0.7453388562227141   4.577022935953777
5.479190089763806   3.2918670790882305   4.627536377498571
9.53329576414114   8.48212004547597   5.867708319212784
7.619456872234564   4.561618638044987   5.432151841931411
4.682827249257347   5.97714444556431   0.6982319412945508
2.947809237497543   3.1835304138317544   0.9452168989680899
7.714377420907683   0.2213744332893142   4.392618094216982
1.5146445004721412   4.581385331715113   2.469488683163015
4.948057016647116   7.741641456213039   4.958040265424053
5.611979904842524   7.076597363652894   5.818657371220112
4.743202011638935   9.88133384514738   3.3949495403629806
9.76163078053143   7.511982882001051   4.666226387643649
7.325933429358882   8.920116104773872   1.8198940021055476
0.5048708422932138   2.9599449466319236   2.1494049369278017
3.7482620837948204   3.406368417524771   2.6898912521416722
0.4850664925301601   4.900400878653706   5.418598889385861
4.656951257497744   1.6474215596550075   0.22180643217283302
2.787387892122886   7.466931067530548   5.985257325123854
3.253671770637604   9.572549928423781   4.552067170079171
4.268317624585792   2.47294645278382   1.9854711132018845
6.736923570919736   4.761230853451431   5.92286795257025
5.867094264702216   4.060426417896612   1.1949295237999131
0.6557896184932115   7.688029550293977   3.7723783559275956
1.516629647499838   9.329464912666882   0.5386035792316411
6.6367498278076775   7.2903124174208465   0.4492518754728426
5.807317488347359   8.153184136035422   3.1193700871480483
6.818845961556874   3.462765064427666   4.61978950221798
9.020900149654674   6.407697023324566   1.0976214429413376
8.605022850423762   3.4208886300782986   1.3151131702003096
7.631093030407108   7.820070931104887   5.71370326944515
4.126256693925814   9.123415561154072   3.9309120129982777
3.437530331051806   5.467610591307935   4.530278715492782
2.83735522926865   4.743796528474568   4.02709128205033
7.711138640267426   3.7520620832013716   3.3376182812420945
0.984767481636883   5.703366640734253   0.1601169862681612
0.6691648951841622   1.7228883911955888   3.0642233977754656
8.37937359778644   0.9752683523167194   3.189203705108795
0.9738632142529938   6.567708746728238   5.017436745142812
2.4272197214762987   6.293290057374537   4.897566495993901
3.605279351487203   0.758790983806109   3.0566437752366977
5.1426586120594315   2.476998046233795   4.513770110183609
2.0522266570109466   0.08367581302472499   4.0237202630619455
5.149270813294404   0.9558790465332325   5.274212812165597
2.3008919920276965   3.803277171805794   3.08397509441236
9.568247946618413   9.585654141981577   0.018369787780464747
2.769970958174014   8.341432380622804   0.3425212586266094
5.059911278063608   4.74778670386823   1.4158865433033099
9.23755967587672   1.33830443816315   2.8672963023368188
