5.179383349862148   7.125095882009748   3.211326819242159
4.52325663299973   9.917119968814339   5.863702817186406
8.525722562047637   2.985869550081926   4.686254791886426
7.780645064967547   5.954273310109128   0.7525872418378876
6.213318413323243   4.514736506170291   0.9735290648609956
2.7833655454141195   9.424546259649906   4.094285688971798
0.5430825557390893   7.507201638883324   4.127108198654612
0.8609699515242606   4.223496544298328   5.7007215517498135
1.0934802053615216   8.873807549088678   0.9231026809967687
3.2943339032458527   8.067303534643852   1.0158061606741706
7.702733972835864   4.81109621645212   0.9055205013596775
8.917897144969832   5.195961612062219   0.6731827396148669
0.732842746231878   9.894920711347138   2.0261096810276973
1.433228931611777   3.2577948882699452   6.274619461343455
1.7602462335493174   4.67980685870533   3.5464717768243763
1.0292446607147192   6.058428160081066   3.315581363894944
2.537271048180825   3.526154198885709   0.41786286527936756
9.67348889188714   3.207268080874743   2.3549022067379077
8.794595042372997   9.29960888520875   2.4441731902914494
3.200678447441627   4.24502477322062   4.902091197271485
2.4924058872855723   7.04582555881271   6.262375489515333
5.216075040363144   2.985683233558614   5.766368582302248
2.4706692537157138   1.8447081738978977   5.37905707811186
3.447106356855942   3.3335249832288376   4.640018373418753
1.4564384895651212   7.309685732559625   2.2260143559065697
3.875664952410425   9.206576541590618   1.7551573512128114
6.531601819104907   6.229598463211936   3.1726909941887746
7.889539106519587   1.2094301196575268   4.7378088114434975
7.096801873890483   9.953090094726573   0.5097226408505772
6.680158426934883   5.203435723048054   2.468037884287197
3.1877256510245706   1.2211210347332369   1.9251249228490637
4.786318523529298   1.9059892591827967   4.786920540162378
4.227016403596785   7.5688484154595805   5.61686433169965
4.641606683755605   5.25487991809663   5.5700286040317195
6.088293620545922   3.124800527068229   3.275766141404107
8.522335303717547   3.9906930005221497   2.953525577388519
8.697890489887769   7.245451338932955   4.061409714732577
5.554040037025618   5.955587883576467   0.7499854925289068
7.74614582757993   9.22246446658397   4.754584774326927
6.976300854405114   1.426904731023649   3.0001985723411995
5.898944271092775   0.2887400830057238   1.7827713556861138
7.383503645064438   6.712812817100494   0.507855397663506
1.888308836066087   9.404767434489617   4.312631816105472
3.3887810809914325   7.044198602796531   0.04561245602097408
6.764274358001001   8.09960029278714   5.542394866678759
8.831742745682998   6.1226520096477   4.160032718863232
9.108509450819582   1.343430507521216   0.10923574404438827
4.004788350558128   4.608078572696502   5.691795314874764
0.2770090780839884   9.152875527534258   1.434976735960723
3.2380190694703095   0.27551858129340906   4.937096659898425
4.256843461111351   6.283550566196977   1.3520356924601458
8.450235746371712   0.5307781452428278   3.996217964292716
9.960742953346589   8.38619750286357   1.461971361460987
8.291667650475413   8.04346319552405   4.82942683871365
0.29140895650471066   6.584345263204964   4.883413610114708
7.371183465978263   3.4071210074032563   1.4046359636055676
4.91781838286744   4.3549356254001905   4.657718604466551
2.153567408145523   2.7259000601373984   4.238342240455308
5.653318877390719   1.8543367067366332   4.9948051062456535
2.536599211851104   5.556117302933128   3.1469553388244123
9.520959447464021   4.420812072154413   3.603256884928889
5.063574583586264   8.640873827473317   2.2894578052981416
9.171111795626132   8.228779375006093   6.193237799662899
3.4202747620254623   5.629916617178992   4.091519201336946
