7.734390354258838   2.3310701789170243   0.08108621373728775
2.078190488105533   2.8397083614480563   4.0912571999151455
8.429700909681467   5.818852465075847   2.2110922099783235
5.120615110921913   0.35044468616565627   2.1637229692481714
6.448992794862305   3.3456796711237624   1.732211930903308
4.281263661867081   7.346626540174814   4.181616907288273
3.1444614484640927   1.6614235585275416   2.89065839933218
5.798043075465015   0.958260700267407   0.8432206962263402
9.2418266491554   8.55816474232394   1.2118228304680656
2.4167267797191645   8.380696598162258   0.10260255315035577
6.260195902451419   2.2466462066530895   0.035593982133813706
9.337584857819865   2.526546090360922   3.6825069150302294
7.422193938384447   5.838057191478113   1.8597398145933104
0.13175034707120298   8.371828604924188   2.768133484567247
5.8473130272743115   6.263006814378894   5.55848337826134
1.3580156869634357   2.4253004308645933   1.6655866145980684
1.8052385880462027   1.5339164617262107   5.486182323214114
4.67035527798782   5.592507820873989   4.400660797222035
9.523116186554013   7.401630435125931   5.251310682997545
0.49872083285227176   7.598614465997826   5.852712213087194
4.8641329733328025   3.7564566808952637   0.6579108410960945
1.0401730034875887   6.9335308354101794   1.6979948202091828
8.192470585269367   9.13179243632783   4.617952755967941
0.821479233408705   3.8836343521415637   2.499308891372984
4.079923654994496   8.467529188420489   5.438574915707542
5.984166533470552   8.91288135702745   5.569509565452096
7.257624083047052   0.2088690193814668   4.324704203506501
9.328051948193645   6.208416843287172   4.289042492824203
7.073031500027172   9.294383040377484   2.821186412124543
9.949287572498529   3.3337034721598435   2.9795256331153426
3.1860983395727906   3.220636031803596   1.752074002713756
9.935547261064723   4.171668372844964   5.1619449937950765
3.966591413614373   2.2836713904819375   0.6689875837520258
3.25916878513629   7.603592315322084   5.282558283766506
3.264602307319416   0.07424394245998506   4.439699344253347
3.1978656634821796   4.079747017654386   1.5011455041369144
7.284777392447858   3.9626988324332464   5.574638891071246
5.478289351739266   4.877519578142858   1.1781340363696156
2.314786383683736   7.551278930544938   4.564817119386963
2.2374893263360565   9.471123823852848   6.123077726249569
7.88587790731321   7.317398790707191   6.0527731797453725
6.025680509901784   7.768560364380932   3.5862690269053266
7.424719812567495   3.113270759647157   2.8150413557943756
8.272184241173106   8.130775584651815   1.7575377085293598
8.745553668300145   3.614120027658374   1.560548565592368
7.121497968329016   8.185005144551281   5.4787382099644155
3.948489095357281   9.277179214769024   4.5164229377323135
2.6550268363845677   5.097076270174263   3.7459011392303623
1.5252207794328922   5.990450506035456   3.9257625970142347
9.152733370972165   5.076691078767194   5.27688704883012
2.832359964933175   6.522304098801123   5.879261726502944
9.204141956106222   0.06808126733817549   3.1292156259855965
8.20410147367504   0.6777230104923755   1.893889272465195
9.936942747921336   5.427447562040982   0.02268835271486333
3.979198577462684   6.193554339811915   4.030788007947808
2.4019883781818105   0.8301997250942998   2.274750614422791
4.5445338443053975   2.9864416611387083   5.304736696820748
0.5669308997723552   9.393500087879074   4.020159431652516
4.717730456950153   1.5636560854445218   4.955581135436986
1.964764553273008   4.00715490413063   2.472649419603007
7.086013458033286   1.2471739706014506   1.0711146076251217
5.292059138376693   8.314038867813538   0.9332134939949887
7.252680955033036   6.677372661663367   1.187781436562931
8.615500405218114   1.614183009097042   3.341521386192446
