8.646191665950447   10.914199945442268   4.469635066506113
8.585320589994788   7.738281534985615   6.094051486305845
11.885513860627041   0.9882593382899226   4.184729029522746
3.6066729343817348   4.515075602115037   5.121181588849671
6.457548235582834   4.010904837838788   4.673438000603806
0.0501569700647127   7.416743622355634   0.39967376151463346
1.4544976467294157   10.26592367473625   3.7693223938019402
2.9287674588995234   3.6117917025317716   4.166429578083994
5.844949803405994   11.56971203501415   1.8854109477139962
0.7501652399418873   4.073730286337975   0.12423590560220799
0.861670378998715   5.745008072626489   1.7568003408065571
12.04149470604065   13.302940531714857   1.9641873767289166
8.294838857613618   4.277992084470773   3.8609064253880625
10.96993023403742   13.39970853694928   2.2410552407881394
0.1089315388052805   12.37485241664094   2.724149775658778
1.2099744916981885   0.9377745010585574   2.9996472010811397
6.899800525140133   10.779517157281823   2.31439931471058
4.110338067419412   2.5073929184216244   4.849474150512424
4.011784967540843   9.845119530869088   3.0465419351816667
5.657196281844179   1.7485839886405186   5.4219309347346005
12.967294562411674   1.284882486032894   2.0824098300883422
4.574532573679198   11.822869211152954   6.223155611533137
11.961631124130472   3.187662690072409   1.641288517103375
7.228257394387926   11.873135333216585   2.295150590908286
13.980669320897253   3.264339540738397   4.242588921582141
3.0237447044539367   6.728413790770132   5.834294552229439
12.83274070729209   8.152443320156706   1.7577381365654916
10.811943161646102   0.43662215291021267   2.354316092186039
0.21059324555205572   11.210278873245661   2.1774095469774366
5.6816774701123265   10.367653086604419   6.2226253450399485
5.7695015404784495   7.511307247846711   4.331786487189385
0.12187469335757584   8.96287687815924   1.667763061159322
9.420436284062145   12.41138714578876   0.15235949460831774
2.73554714500842   0.4021903240502016   4.669845921880678
1.8398356366659416   7.751754925054391   0.7751205990074993
3.6014433173391147   13.071806228801528   0.16062523805971815
3.701920775550087   1.151533988256359   3.579944391200205
3.4293350116684054   11.4290337076792   4.6389999070478485
11.756514269376023   10.049074930503647   2.469353873610828
4.788580841324438   6.4542681952601555   2.285425904823529
5.271595279519268   4.268856449361187   2.447437121318202
1.7521689424997595   3.5653251380214765   5.564337354448412
3.0740814627476936   5.650775136480681   1.0410899552738029
2.871662697978018   2.4991849612545933   5.55730922568384
7.251301297890379   2.816995571233573   2.4848611665730065
8.381994292568274   1.537092262245034   2.434955593957374
9.778856696666661   3.129573873954274   1.0199315860484752
6.69983685765235   9.685309771198392   0.15070088576260698
14.255862396310965   14.382084651234917   6.20410118446269
10.02321108722905   10.929681353758236   0.5343352277025686
9.87652544595849   5.116644219314427   5.722788755428787
2.3891830503335667   4.782437099686603   6.21776946369842
11.879273641412166   7.276767021723809   4.869219866389565
10.901435814319829   3.0000830909110743   3.798010444541318
13.666563825926767   10.746768443083994   5.068558392414181
2.479839259105661   8.708117094877403   4.559693395066934
9.99401071461426   1.408400322506072   2.658450395445987
5.661824975325967   3.0980226761906158   0.49319733199878696
10.8204320790647   8.958477055018564   2.851180733350779
12.630125914867413   10.922927275858976   5.56389744003266
8.622434061166269   0.2057604701024584   1.7537124524413192
8.675460236656852   2.77362352894162   1.5258518718199925
4.558758618815797   8.336050998209009   0.8321404720850434
6.071467724945722   0.43528784032943185   3.8871446019580844
