12.230487428041993   6.972562879260683   1.9154145198480212
11.087738729639984   7.196858581854578   1.4415121192083848
1.0878542236477011   12.280224035607509   1.9790734210498862
0.17149154694618973   3.61541688050693   5.901163735602066
5.499664620400785   3.7071927182488404   1.9558369805290428
11.602062180907506   4.151802523559158   2.7605599473353686
13.790012530801654   1.053363122325981   2.660193942667261
13.889386777125532   11.30721722900409   4.743998074129698
10.81165145665041   4.930979626556589   4.242797364721776
0.8368550494193959   4.8869543517987   0.453465650917554
4.169026842120412   12.445442310297526   4.159550416993399
4.498471094858932   14.264962891689025   1.3294210309983312
8.951184028135183   4.675845568970894   1.7564349593847222
9.819398809402744   13.415408868874074   6.138189464163928
12.860891515725658   13.776874563636435   4.722125016952252
5.349473706042701   12.407218588899639   2.2075119933625498
6.271546674101728   11.165771580183238   1.8659238904054987
9.353632069986622   1.4876921799820346   2.0515765645584025
11.616158219144431   5.839610261256329   2.261405261265101
1.3711857090469597   7.861556290873118   5.465078441584989
13.942387978851553   9.519823947412617   2.464073381563209
11.102827834437413   1.151669529859053   2.721215444545772
13.708595700198892   5.432225768301588   5.7970381400947835
12.489317490038323   11.804320686774949   2.2291025967763245
2.42127848251259   14.025193327214536   2.0073336014575665
10.208966464476635   9.891532118809787   1.3951939861307499
7.912640315447434   5.729344416831445   6.064473258917242
0.32517734181398744   6.443945586466979   3.1948023588392154
14.240805270711709   2.341110718761452   4.661731826223368
7.951828201200703   7.139433556288917   1.8423468832829202
12.488762111499762   1.3018239640366482   4.3404168603954565
1.9603520666358725   10.730558887147655   5.757834096035439
12.60811299160723   2.5228387899979037   0.4624925735281389
3.4498044806451342   7.440250050883884   5.652008480383737
2.9178026170911204   4.563276927070003   2.9522830771427584
4.685135076824958   4.48396037883676   5.104263237355545
5.70123746649706   13.779052593412276   6.23581002464524
13.549812250500214   6.533324553431862   5.346433444671424
1.9031145669322598   6.8394979456990495   2.11985908560595
6.630798475998171   4.86799090532864   3.5138990090961664
11.0622190994913   2.693069548286616   0.6680822891329515
12.047498175328643   9.412903661602703   5.388851276992337
5.090004152585406   1.21415623311524   3.6711134138919697
9.726221031190109   8.925692085464181   0.38244864006099855
8.65511271627832   2.8947681302733734   0.48550709599116015
6.5973818511685955   12.20471642720401   0.04689152734893409
0.8956498748362125   1.7082618680732549   3.223696440261128
13.787687731835522   12.844638455709502   5.161679088631329
7.786234945339559   13.075717637058235   3.565245567418275
0.10018869332101943   0.11043996993969607   6.064150580071927
7.29174217910122   0.4009690266677729   2.295035745967805
3.3633939080597606   9.059800325131047   3.6953869872129927
4.825034179050206   8.942209361120904   1.2828964611145277
3.0636960405048193   5.85551467710213   5.673246371079479
9.150022024551633   6.970513317278098   1.9326082694434785
8.653004205170362   11.268008298704684   0.8155374320684589
4.522108762101503   11.368142131253748   2.1099899274722516
12.642791416364153   5.376685910738688   3.2710722491175797
6.970528316244429   8.530788100906037   5.01741975677414
9.896627289870203   11.912963115430978   2.7554294054145574
5.503167700776062   7.583063056912197   6.072581636455375
12.896524565660293   8.22053039901598   5.793901975750014
6.85440594366486   10.249897259855993   6.0241128280703435
1.2857853613958299   13.864063299143591   0.5389281216130435
