10.750463158673991   5.318194150176057   2.3475808872793342
8.054073076642315   7.581210980772023   2.580710130016626
13.498745844088331   1.9851910254589207   1.1783119606023735
11.618682245881848   4.418087997455894   0.3719336795430829
4.215765953011278   6.9411930746063675   1.3321551788022594
9.528521004816527   7.215503611577064   1.567390395866526
12.830423141270266   11.353348499014993   3.1480053938650814
1.815888617167356   13.6849492130221   1.4841009130930287
6.158334068762624   2.353996422940781   3.8004892954264435
11.756217233454153   10.89805054257075   0.5685909688278395
4.01871626029157   10.737993238416722   2.7244093908851563
0.5761459133233136   13.336398375524263   0.3687515913165804
8.474410616040876   6.578809516241883   4.759645511242557
6.228986009360618   12.000186309463809   1.8501898767547302
12.254263284038297   13.506933294465998   6.015065488148706
3.2402139398168335   1.0024040936290164   3.242197614545436
8.04229942765852   10.61324290180088   5.636750675880231
7.9691175940881775   12.85201963949496   4.3565854488634255
13.339692963237614   4.951785084595494   1.833264046999243
0.5983808910600177   7.575058627288689   1.7659363327052786
13.849483506617515   10.494304967933665   1.9187070794128125
8.02524942582588   0.9694829638677414   2.741876488240189
14.319511728077028   4.436812236429459   1.7116601407334393
13.678573279067233   9.151231617151216   2.630216321515917
0.8887240906673801   1.2423371476380514   0.726625029023177
9.436554298548968   11.956989273572255   5.122109881715043
6.295875855592089   5.010065251922095   0.4966986971691899
14.190909736333289   11.81579963344157   1.2875015862573522
0.687516659207688   3.3968126577150226   6.172425947278913
2.518063684634545   5.171502032863599   3.078485661146744
11.903885575128403   2.0967596519207747   4.983511355396582
4.74219139442264   8.875670170721387   0.19181419864716748
13.792180845396187   0.5652459467791657   5.38732829364754
6.105485495612858   6.977683122511028   0.21792180495657926
4.17804953727989   2.7479898008305503   3.0345006532514667
4.045706062350272   8.067826465133521   3.185785354333332
5.3301532879702   11.172434951075587   6.060118765717267
2.011186556733009   6.33856792973216   4.929652527242032
14.367439167191362   6.5061319029858025   2.7792767685930517
10.242536209985126   3.683942596011001   5.3077619422784
11.35124468486752   0.7978730185745142   0.1666172713000537
11.607567618253455   7.033645681934229   0.7468216893697667
5.102255300619772   0.21080339688969169   1.697828523838019
13.49170326743939   8.05773120845986   5.63019618656091
7.022958835619389   3.300827463251533   0.19669265746507172
8.504527178622514   8.82933395048751   5.597047828474933
7.315713085731836   2.0654412964426134   0.6679598383884602
13.423372771679212   12.999507592983015   5.160290926202797
2.9031413213878494   11.998326056741176   5.840185249394957
11.071532469775425   12.307923974494138   0.3959693629586485
9.933801146365516   0.98688762403875   2.5729165698711753
2.8721300498158744   8.094758259587307   2.813623857944198
7.085486799416352   11.229047393333511   1.648530621659797
5.713055673547556   4.061258866496472   4.340082056761868
7.225697183673987   6.143429810982227   1.9916885082801026
10.626065522752455   7.920233513173977   6.167452468383073
2.800118003161689   10.920988454682469   3.66185873451644
1.9475299429254047   1.945007478228589   5.563296490642624
5.306184224566359   10.121930544519682   4.67819378690109
11.00730459416166   13.756994339473987   3.1695613899916952
6.58287704771155   8.134450478265578   1.0244900863256858
12.85984797885299   7.072480301743107   5.245494016674047
7.263835463339733   9.166605011800689   1.785436343774066
6.924844386017352   12.892134121230466   5.71994508776932
