12.68683639307887   6.714565026550313   1.2644160558651918
8.86256448291136   6.327553037190025   2.086669075345656
0.8014368866433181   0.7448672138317384   2.1939903771511156
11.53914506996541   2.307339684452036   5.956261558080942
5.343858205563277   4.210533890650549   1.8083907278294142
11.616099880511737   3.6902027676647955   1.4485769378908566
14.083986791023454   0.6018524592695436   2.536170754607483
0.4611346175373736   11.880695370732033   4.627165208401376
9.003299143721236   4.749752099115647   2.999695218206355
13.911487514717063   5.484796410299131   0.6793663378523571
1.9707030892999697   12.303012805498255   3.389421782610627
4.129564332926851   13.762344472272453   1.3884557727935254
7.965144965475422   3.610074540309916   3.3613750090560974
8.464663845919256   12.656774440794752   0.7805360772224823
12.582572665103433   13.499265482035671   4.568518413883542
3.444043086353033   12.267346891756773   1.828181933999569
7.055638246211106   10.089050924231856   0.8878468684314151
6.600471666817473   1.758467324526231   2.4006373368076503
10.262705639546033   6.21231787810143   1.8745372083886
0.707428380697779   10.479498846987791   6.225012134449084
13.44524045857058   11.179620145348213   2.2109685279390114
8.507417698384291   2.404585046828596   2.5161165548176117
1.3305014612672872   3.8653569108668138   0.06003649393740318
12.328066026963313   11.209409138849574   1.9689896203068968
2.518131574491359   1.0422948047477938   1.2444186960072343
9.180219932576508   11.12003633149714   0.12091176936832768
6.029812942253216   5.273373547857573   0.9675620740875072
1.2705099910032494   8.93975601817888   1.4402570637971623
0.8474874286466082   1.9104821746462592   4.315672646333142
7.355681133451428   8.456348094157095   1.9018910904622022
10.571701718825576   0.49050413090909084   4.8829668433003395
2.876705614921602   9.569979129653316   6.155346275494949
12.831078384257909   1.481315540000816   4.938100389863084
3.9444634793795035   9.444993375989723   0.395582233784454
4.339536595333163   3.7826536232749883   3.3059610946399376
3.3966800043165173   8.070439834133577   4.201511555557402
5.790595374802867   0.11620536487368804   0.40610214017973145
0.4969547142150661   6.547256623727027   5.144226093131992
2.051222008219553   7.026608038574589   1.8848859163304639
6.522095692760299   4.066112181138162   5.709102713190862
10.447644181090507   2.541235194303034   0.042232229210347
9.845674705898626   9.931846588925781   0.023935649102168305
5.554163913326981   2.224060568030453   1.9856922538597104
10.880171237966165   8.629967294182388   0.019462367136636516
9.634200581555355   3.4184327657739986   6.009713047205866
8.219793171518173   10.324906269924861   6.082015784450527
4.358806115966029   1.5193904244626388   1.6662372911009715
13.822041371862205   12.379585489580437   0.28984687904935924
6.597426298336746   11.795928184273736   2.6248048852406103
0.7889309324023763   13.536057527738016   0.6156650628029036
7.02537202179293   13.967627705942848   2.304541902761939
2.3135473471786256   10.707806439242185   3.0670451839262247
5.251320531975635   12.686841719867134   1.7586838474159114
3.623631058146581   6.672293500823896   4.582890334748219
7.401517108752225   6.229854689203213   3.097560354442873
10.180559640453719   7.686756635169584   5.957572695844889
3.56835833684588   11.140611452733115   3.534776935919887
11.774820959358419   5.165954509368595   3.830169813361089
5.476573788543481   9.74265654968351   4.448965649721663
10.334301128108196   13.471728541856933   2.64153254537636
5.74864161353519   7.855982101429382   0.6563962197446859
13.246786626723896   9.972262468436947   4.982157929411268
6.148288050639072   8.836193871019827   5.7093321984663525
2.643450579827576   13.18597165239838   6.274311805527308
