4.221889565672983   3.152697201816088   5.299751481127064
2.349865026461252   1.2958760963100044   3.193983243786104
6.94614928184186   0.20720539075292854   2.5160249868267974
8.123469776505006   9.413579894292848   3.023901375710396
2.3026414123686245   6.957554812587776   3.845152296539452
2.7651262001781225   8.108854126053071   1.9603419856456126
9.136550784870098   9.48176993793305   1.9967087802764367
3.760416350560081   9.347848177723488   3.1226451748320985
7.701368023058762   1.7679846619557043   3.6163540551689075
5.689613431182663   4.631257428739096   0.7372777564210242
7.11287676203106   2.5197077155412018   5.98849008742076
9.88803244281677   4.722738751740982   0.9739018126492095
8.356436544689101   1.05192569107013   5.861670514822096
9.160405940964043   5.281901251539949   2.070162730262986
3.101510247575423   2.6361501268909695   5.746086431175464
3.009290858179729   6.184705866695748   4.860833145248011
1.4879809880333528   0.03042000838860237   2.630694743785712
9.2763791208183   6.841160169463869   4.079535386780661
8.467556655655168   4.087416925818566   0.01784694271492515
4.644507946294735   0.8251322321492103   4.483963355109696
0.9055487608158665   8.798038016001394   1.2523643796670183
3.1624507592982347   4.869425044240073   2.755822002635889
6.081463019772304   2.163470238187002   2.257926014885576
0.452855061602769   2.8178248284772156   1.7737190277436574
6.353192841625446   5.275403827022191   1.4811360894700418
3.0514354684707916   9.87906546932343   1.4140619791562745
8.382055527556862   7.313141614157723   0.11085995162371187
5.34896580799032   3.87111537501917   1.4960571753409866
5.726379758428402   9.581938843739648   5.615576181502742
6.220962143703023   1.3332925152650605   5.480063747363946
9.807347139811352   8.231571400890225   6.139366489412036
4.396213607024889   7.848294015679144   3.1010083552917465
7.196797749135407   9.331129119694323   0.09753974137790501
4.000958349490139   2.1252401137866537   4.594386646470313
1.5806973429267015   1.029982817317106   6.264657995656585
9.35285630127136   4.050794418372154   6.187794032537573
5.580839097675486   7.128904086199768   4.077614597128064
8.209253337138117   6.199556718035008   4.278498623219773
7.522330453289544   7.951772772662703   4.04166465862756
9.60407380222538   0.9551967081476472   4.156392731012503
1.9062256806596911   3.2647960582218998   5.138026845937242
3.5880579659232126   7.280480310709717   0.04818469096021891
5.039670563718778   6.215648896152453   0.9207357228495903
1.0613369781966238   3.7763645425714807   5.733636765808939
0.9694807071707056   7.001592831459661   5.970684329150109
4.431190480945763   8.662744563242534   2.2299355170765476
7.315497384144052   6.328581529932851   5.676154791446088
5.7213991139679194   8.639521538189033   0.4179973666375091
1.7910706415616302   2.016145831522732   2.7840502892241226
5.151043791589654   2.106603487375579   1.8304658606567028
1.7958559739303341   8.528561351392616   1.3490928765222863
4.076287357153048   6.175595156775776   0.07284868232097796
9.674984059333664   3.185246547854652   0.6424572787899965
0.5158880139653589   5.644576822881563   2.677348657020146
0.9367794211223563   4.809171051002733   6.022258343722178
6.3319798651279235   7.700093683317313   2.133230617085129
8.203511039046287   2.8968659259813805   3.8151922209154003
9.666621173364039   1.925023360137465   0.15723115065380153
1.439461707533816   5.5155159342028925   5.731416416140645
8.905893982229127   8.42265347006176   3.0339930011660643
4.1767183219280755   4.612999826301935   0.5641304799011175
7.51202610650872   3.6021048757726195   1.9428409088415426
4.884004311407349   5.080745292155461   5.015609697741437
8.04620736685397   4.930236742083598   1.358844016184066
