9.964148256043682   7.915094250845386   1.2255869259728893
3.2039766419986484   8.40450140014678   2.091265631869553
5.260152165866186   6.961405975143945   1.9451863211803793
5.376229919818661   8.87390904092555   3.671519652967386
4.243481613564588   9.106323090374008   4.446423091988453
6.55193043711769   4.977072876697571   6.271505738114492
8.416379905400895   7.356072350382156   3.4794087403219804
4.760864036834333   8.059542740055774   1.4098607457409846
8.126390417570114   4.039103813458318   2.4305676340457754
4.115319164295987   5.328954927219451   4.9321567527024675
8.150909762610247   2.266167430332009   3.6300638062801753
2.637244216426112   9.913150728198863   0.818403201691138
3.1181289937522405   4.365661129261263   1.8941570059641744
8.433043425353016   5.66024054391113   4.769693213429503
9.025131958579767   1.7493502676097228   4.563386251307854
1.873047298161914   9.064372384104669   1.097855152895608
0.34911278544298496   0.951117556467804   3.5781424021728303
4.804327231888841   6.183735893925812   3.504276871694848
0.9151736092461007   6.253955647272963   5.518652165320701
3.6413176179507993   3.6537394606980524   1.1844294304102818
6.4466452340446745   7.645939485104156   3.32976057475232
9.795136382984786   6.949614028986781   3.190275631876619
6.260305007751965   9.482055112958173   2.9763403197816034
7.727477408353229   1.2719914080394132   2.6936752355781386
7.121127384384654   7.012930215408577   0.3982145742659623
6.318946890300319   1.2453511001914361   0.9376676859139861
0.5549739884853765   9.075424872431045   4.56842529965334
9.753206871585805   4.971161079764382   2.32827300649007
9.19096550275935   6.266543290311772   4.81014720634952
2.407566337794604   0.9022982417158617   3.9759493002175974
7.651505211773096   7.752805807889776   2.8702702646379827
6.253766306617799   6.556549410643098   3.9570901771205254
0.6841042115757651   5.2103229187571865   5.943388301219013
6.327537589596538   8.574522026863951   4.2347552480476445
8.431537939269205   9.053362677747977   5.332989679376682
0.6109894997762695   3.553085286337611   4.487154894863457
6.778767683840579   3.686895784826608   0.9958362983928882
1.5306370337807642   7.911050791528642   4.133418202059682
7.211919814582158   0.4473344041568601   3.342868835301
3.5131411318011323   1.1345668068968262   6.281895380858042
7.983830306436212   4.86875185738349   0.40138760550241526
5.002341573122967   9.693786888031592   4.469722515635668
7.156639239834795   2.6823586114775444   2.893193649928503
1.4346626462038106   4.58361884859742   1.9071803215862357
1.0025598589973488   2.6186691042787142   5.575149449821926
6.288910911086003   2.075080411557595   4.38761304232143
5.006964453178141   5.227440484404354   2.929277499107131
1.8801950734142787   6.420082580341878   5.18976168811592
2.5684263814092176   5.574945091572587   4.733068030725008
1.5899173883846163   9.81857222464661   5.218302479881708
7.62335559573993   8.904638012245831   5.379089828111787
9.056652295367993   2.740903716439239   5.412661072106891
9.242790944328286   0.32789687332182094   3.648213621824854
1.346956274241132   0.6771734516390674   5.200196282134474
0.12474948357105553   1.7406198168605311   0.4423496692925396
3.5429488740775996   6.725601361823801   5.100128045511055
5.195478561378004   2.0174218926678957   3.958017759257052
7.758985174808971   6.357872732657437   3.866431019043755
2.3643075066176613   2.5105198234508768   0.09581386914228113
3.996252103823058   0.09794832859046743   5.182661834509324
5.008729644398334   2.8674501434276225   2.7678236325241863
2.2404442843803603   4.124435246013737   2.181244562095966
5.680283830365929   4.196357520677175   2.0978010097097934
0.6416229365280788   0.12374537376594086   5.47177732331581
