4.341474754092256   0.7477122629532532   6.191554287205685
0.8391792445530373   1.2899169610522208   2.197050707235355
5.855530794742115   0.9966711429011356   3.138506867694754
9.539692237544319   9.827865085734908   2.9094683419643204
4.208531354724921   9.311208073075928   4.116160858058208
1.4044195969194866   7.81492168795577   0.5663268389081941
0.6041212719748122   9.352247794036439   3.1927838582616697
3.0317939815710027   7.59842444420686   3.1079128596966203
8.190316726168978   0.27788151685594725   2.7620209154446234
7.185897014524059   5.776325504818776   2.337938945009468
6.911857415620265   3.024480599471509   4.931914015041857
9.724138624062688   5.512152884547857   1.1037970845124527
6.951315338238449   1.5740087466537076   5.497283732129348
1.4987172955153834   5.810939974991551   2.0872462045824527
5.348638164664845   1.8757558622971526   5.276012079580354
3.4301499449725124   5.594335776040343   4.721221243911664
1.1006432413637628   0.18190889458999107   2.4177239255699625
2.5989246153646857   6.060841159399999   5.707123189930609
9.547348434804109   4.617337210339264   5.893028707892152
3.3890184664904015   9.012614162796726   0.3722673553653031
1.4612839771285675   9.011733490985364   1.455889598591242
3.1235577959547545   4.070525662625127   1.4606668252378203
6.999533921397221   0.2939262517168366   0.9763632952273871
9.736199516945167   1.1539461690073285   2.4353865508136883
4.08173823267284   2.7889079502186154   1.8388415431520035
0.6893381147076275   8.442925463647434   0.9864262883667598
7.718327924191394   6.852277277762343   5.249456949315523
9.290672372652764   2.6118345051822844   2.4949854572766084
5.527550300836608   9.792903656694195   5.330833446015204
2.9477503825592954   3.2459385109055647   5.847189345855498
0.8424300303468618   7.235073428656767   4.928068741282758
3.4523648643208347   6.627328736126508   2.0319643146320816
8.72104009304171   9.562182775385017   5.974958881008688
3.7757729025722027   0.09266015577957021   4.712731792549639
1.3985293756686359   2.148825568915349   1.014195317152399
8.293608299341118   1.1088881780204676   1.7810184410602738
6.626321265779957   6.700175245661962   4.036226623446277
9.827355351381973   8.07415052889011   4.6649665706383825
7.457193536494426   8.997541829924074   5.335100049100673
5.771845891364993   3.2042465719037097   5.513437781758301
1.6067386647884216   3.5926864795479476   5.952626624024113
3.9631949773782598   7.689076030639444   5.282731719098185
6.482648601083545   3.967609623516872   0.6553656397903733
1.4931376579527074   4.851069583853976   5.774847296737485
8.900194112299552   7.104915570492549   0.06327946588376657
2.0882323119984747   1.279483146424286   3.076057189865445
8.660140752086148   5.294880343505292   5.4740430453802045
6.565132660231249   8.4733269851708   0.8673400181028291
2.2174955487026886   2.303433878809481   2.8535326891138006
3.0749826713140163   2.2542090398682797   2.3374198375420443
9.907463136022706   6.774796031608563   2.6337217053386692
5.446913658242238   5.474974002786309   0.4581216508555805
7.919696984837838   2.575909427201074   0.879405991788136
4.895681709234048   4.501404507483844   0.27116262552976017
0.4656899061272764   4.908223359070647   6.912127026406645e-05
4.837771969435504   7.7040611116632665   0.5776272768441745
9.43861323217542   3.7857874362960535   4.199919051214118
0.5302847675527891   2.113468604454631   5.346529716080849
0.6400682305800207   4.0843818524758495   5.1809495018057365
8.29003801010088   8.845692910646742   2.759051971117318
4.593291580779391   3.6590369323404768   6.015574983935078
7.9923662387350305   4.644287814106115   1.738035838917783
5.680190019518569   4.094544397366936   4.7641339091443085
7.08422054464386   7.585710057271707   2.3432767315017617
