4.277227170954569   3.308375311670308   0.7565587740331456
2.790033126382505   1.2087717475725825   4.845531769632075
5.984062210222055   3.122957393160369   2.5881872072256007
8.509872669113294   8.643615811923732   4.097229048896785
5.8948610072748195   5.132449886196237   3.2371689894906535
2.7378558773389265   9.022287680103542   1.8885415854577459
7.530966450100987   2.990136471039582   1.532194371859701
3.8292006770054026   1.0395625002139945   3.232638131052488
7.096470107848267   3.709986888430713   2.4393990085039574
5.136348754974791   3.1212242940242825   1.4793193477464062
6.780059785919038   2.1302879594015214   2.1454932276958214
0.8803500276283698   5.317689135136644   1.0076198776830667
8.48340671890217   2.0489483343364507   4.366237081687569
9.835377463904381   5.830350586131436   1.7735204138525953
3.5308570871401987   0.0866116780726972   5.110129904526545
2.2178643252175148   7.410640699746794   5.416234982583656
1.0334599891832619   0.4907673856837856   2.7663596049008805
0.28650967412594386   7.627710202814505   3.896239753975281
9.236098369248731   3.6464007160970158   5.180742849583117
6.040555928271573   1.2203627372493495   3.4062523416656387
0.6772337490654724   9.400402726041815   6.271449179589764
1.5445687654800573   6.141441302346816   2.261951201588096
8.641424280716194   4.803097588179893   1.6025491118411819
9.36591729967872   1.3250583056145513   1.1973420777086416
4.824560335768967   6.872433151905116   1.0496498481058651
1.8061805344781148   2.836571045177658   0.8659180799975176
8.950871778280128   5.712742618360627   5.991952957788816
3.6729769699537242   4.014226652221179   1.8283948809654809
4.568149704186197   9.849306830036587   4.910118149818968
7.603102494433864   9.836917504269348   5.972140840578303
2.508390796573919   6.390402590234739   5.792975200993073
5.056092711196024   4.122193872885839   0.31138823535762983
6.872843963000899   8.855994194129337   1.2761635112258896
5.202430465556232   1.3675051184298057   4.129998284543412
8.465679179045104   0.15585233047666297   5.776729690531456
0.8491527842470153   2.7178639217530334   1.5860394937100752
4.33257080594173   7.620813797610304   4.425290134140026
4.9394246328615345   5.006141022076257   3.1771328510712165
9.130758571327805   8.067806741181926   3.220682612887275
7.820038103939941   1.3666525617945657   4.035937126298287
2.073506408792883   5.285088998842713   4.468546639450344
3.2927401577898796   8.142010620120042   0.6631145349689395
5.182845367045793   7.734765604810187   6.081775320836616
0.5761529931412368   1.9094886225036258   5.9134275194747214
1.3741100793390373   7.415927276891364   5.776965958347516
3.6046533702802486   6.482516675368011   2.0171585249787922
4.689391316730088   8.741052410342041   0.3503270272314575
7.120904337905357   7.624491534358949   5.949204275689124
9.560951975682396   0.1355125240731569   1.7908224043320018
6.007932067147153   9.511829572058256   2.365464052664419
2.5251096459723272   0.08222209289646637   6.242467851249031
4.386808621123424   1.9282934521149475   5.129345734713453
3.1176990507892954   2.972976952635428   1.4307968325542582
0.23935900017179473   4.044673326531616   3.249299594334469
2.559428359355068   3.8202372044419772   0.1196513390184118
1.4144150529517214   8.503735068874047   3.473265677914199
9.568563101259544   5.0327476022754745   3.927544259821688
9.692480776033294   2.457205789308526   4.159359795928221
9.186432901241744   7.0248570347015775   5.297868362449738
4.4248297307159525   5.712517971554603   2.5174133575831488
1.6496604669334927   4.439524873885782   0.3871205717063232
6.2367834473106445   7.9352730362517985   1.2870997469258847
6.657487355699644   6.416957916681732   4.7313586383252595
7.473555232802676   5.388408149000961   6.19834917627072
