1.7636912498454715   8.042642060501437   2.498460024429483
4.1852185113645195   8.010118511467615   3.822707759222076
5.022104526627751   7.232972478163992   2.906727627243053
5.183809036333477   8.123561685885143   4.237538825494809
3.2327750633245325   7.522283085806873   0.25378134557311227
7.464979368861938   1.3238047532261619   4.704412418331982
7.240150207046853   8.02175797788127   3.709041472752522
3.121841341659819   9.210108731162324   1.5540781503176517
8.051985608545587   3.6125137682273722   5.908963946584886
4.47869945298463   4.633729437532747   5.6938916703875835
5.160876351765216   1.3570525418912398   3.891103219342248
2.025685469686037   9.54793422727867   1.4642927894729902
2.8028851191355257   0.43373675666064265   2.83987907497985
8.710921203384205   7.003150224329677   3.7936201465542565
6.381944727432305   1.6165828429503328   2.5681501354840854
4.357416376361505   6.603842315834547   1.891660621476968
8.258253826018287   7.7210757816381825   3.7219764193170497
0.8332548960373839   6.489703887484548   4.603016569893167
0.104433038820231   5.725762355390061   5.780508247334851
0.20300881657831765   2.3606243687264254   5.856932650323296
6.844513013831013   9.380279923855333   2.466997177418123
0.3865471485935548   7.2152903466154745   4.659654061073201
3.574314156811552   1.4559681257480195   3.6759522288239923
7.713330145095413   9.484188890934988   1.1891374023983092
7.314044665065746   7.034419069415729   6.122420473071495
4.1446476350093535   9.103352342829055   4.424159859664058
0.4063250294534405   8.754687189121842   5.050538958764428
7.655327516685821   6.271914273994115   2.4891975253615604
9.50647392235992   8.037092650845736   3.49735860843084
1.236567713589401   9.8780428728152   3.2617215126262207
5.834592947764145   6.929293165050778   2.71391458182662
6.882189421447814   5.573488369553527   5.526528042481905
2.400059685580687   4.019980687486459   0.13120698019081167
6.0426680162937405   7.885276363998244   5.205801621266463
8.79894694490272   0.6495281667416347   3.867432730802582
0.6386124704666387   0.8660712745930417   5.094490691812404
2.6168926562934995   2.2320738458614393   5.896842880712825
1.333800573155251   7.177465897188724   2.615099413450174
8.51208130720087   9.293322709825176   1.6681640659237404
3.7736489897188745   0.36578069196658947   6.003966641304499
9.235253155270401   5.840650463858923   5.680784602863403
2.9640760993441946   8.37531830842309   2.0283318704971007
7.618848918935492   4.424768867721114   4.22623083051109
3.0612846279628365   6.177730376958681   0.3571197521273848
9.390047969091297   3.550148428009615   4.19926549410106
7.258472933522596   2.1859949297462964   5.4684298741944755
4.85636757931046   5.902037926783871   4.786145924146804
9.703307395015905   4.669381485711376   6.1016635556378915
0.9673870157550721   2.8454750775873827   4.892228725743161
9.441537562349858   0.08616759800312893   4.409532735093548
4.593387975201154   0.03809404681960338   5.163618271826536
1.528778102217342   4.770005572434313   3.7044380633791683
7.61108660790472   0.39319425099223093   3.605111960224445
1.235059849167545   8.777976011598888   5.863223571824326
1.8061504176995735   1.3156191038093534   0.6983683024958609
2.3621352731717327   7.381584713219187   4.920348159859429
3.4630879765977696   3.8942624038017444   1.849768575208121
5.828436140849465   3.920972069318354   2.6481050949467315
9.853539261452193   1.3895109607639258   5.83511711261102
4.179068594267153   2.2183339795436643   4.518856101154968
7.2456150599663465   3.036953626134965   1.8163104632789469
2.0282476209846396   6.453734555522694   3.9745093959235027
6.026591465230312   2.976799834378985   0.9732812902895921
9.549818229524725   9.144823468249342   0.5512299379528693
