9.448891435448841   7.847534553678557   0.2245966823853643
3.919971162909295   1.089035570250307   1.4518542367907499
5.792800326431342   8.658832533524686   2.541549420027685
3.7185956064104264   0.08208058519017492   2.5547148647148754
5.014705942952775   8.170211190161957   3.5249356391169857
8.620039361436785   5.183970776925243   0.014370587377734445
7.121762569624617   7.656840007416713   3.2755023387186606
3.7652405289735933   5.556818821685056   2.00322292605211
0.3986142363126861   3.3151053459642514   1.3748914868144184
4.348589080196773   3.677017280933314   5.144167906575224
8.204782300494196   0.5468357745230208   3.8042453873655595
3.4200013324555765   9.04246650088316   1.0908404585377498
3.2534337036574192   3.9439178501554135   0.44807815854368904
0.9342112672325851   6.425119572137797   5.76514752642781
6.991691845359942   8.934113997915162   3.737416331144247
4.135181895546427   8.647333395396291   0.3990115515363264
2.142610502714869   1.3152636750863227   2.020241090239243
4.5521891298575055   7.252984135888732   3.879570971344088
1.2580895726204553   9.010848879744762   0.533980164686727
2.8718495826645274   6.0410836775899535   6.241581386193089
6.43165725943879   6.491045443460614   1.6660116990419096
8.14354387074744   5.960039284100795   2.258249058597034
5.455358194659622   1.6455585085786881   0.8762266971132188
7.987181059716985   1.6306882770999818   4.18896755578693
5.806600327360556   9.58420319617083   5.59802897521017
6.814285902987207   9.924760683484488   1.3823354846712748
1.588362849433543   7.237921137332231   5.140967367893896
2.034967333396355   5.646876169257553   2.364562587578026
7.91063914608369   8.194382295109287   4.997418173468723
1.9257012373920692   4.302870022475089   4.943070066024969
6.292898334672985   7.8523107385893685   2.993446858670408
5.9828593875028755   4.3384891785706206   3.6421271812899123
1.3153550361053312   4.887708784475933   5.791390092238747
8.671378092979035   7.242666837960071   4.07325076649245
1.1206196437450486   0.18857962728618227   6.218831033689191
0.23644894930969446   4.938744736949463   5.6984514201591505
5.3523868073275   3.3224968432571456   0.5400262873521748
2.7516774409950324   9.811612191369097   4.070080690030993
4.841772323065122   0.6249951379237624   4.073569876458444
6.131581368661679   2.8486454411176836   4.148405975538235
9.532532453847347   3.080222267425717   2.1123868369034104
7.732052248014758   9.647284291267514   2.9437349667409776
4.9220144085277   2.5139570236191076   3.008910305894222
0.7738759179710638   7.517804504248355   3.56899862244823
9.497224350436479   6.196973660002338   5.459743473689358
6.673447874834553   1.1427231961753874   6.092426196164743
6.8208276396509095   3.9705455379913124   2.7916119700102
2.8917538187052965   6.916476062266086   2.9560005964098566
2.5258033904926456   4.858120571909035   0.020327368450924893
3.055098087074609   0.8918725730982517   5.491745394129914
8.888537981744328   9.314423152571651   4.982614291902983
8.237538305797363   3.951049168121969   4.850572145411191
9.082064883141395   1.7629856811364117   3.072650869259308
0.12197056966103176   8.967728678623427   6.042924951692689
2.088876845165878   3.4377305551861657   0.6584948412790048
4.478551527062112   9.66336875466202   6.272352007558342
7.1445765322640815   3.00492416442423   4.650314825442139
7.386705578082395   4.642342815468397   3.585647468719766
0.23739889443615309   2.0855779653306215   0.1591991124835276
3.3424126696816536   2.6405814562994805   4.9992156952110625
2.3843661198404384   2.429873685185722   4.343781750602034
1.1513114894876184   2.2258936507141334   2.151475056934013
4.61127509815808   4.6730621250085065   3.3660906635079173
2.2987733100115566   8.005045895699697   4.051717807358266
