7.369220935957936   1.0488411749607054   1.5993283789361488
5.28122256800593   3.6710148533729474   3.414659034522936
3.3308598382103822   9.378389285473572   3.2721679898805216
5.232227435716977   0.10671706069446252   2.2695755044815944
13.135955050939767   0.887909510074933   3.411297396015765
11.773229746539338   7.732641774036087   3.859656814252004
11.287637166058783   4.885186375884817   2.412374358447206
5.961857772908218   9.614279269252478   4.833804107530509
10.567821284181496   9.540430171456313   4.359161794213565
5.296150339310404   11.085991940731283   4.658978800399808
6.287796718433565   6.266463982032026   4.713056475266627
0.953112139781874   3.9746157395171924   1.026897525006864
8.17279386021749   5.7504460332239224   1.3423049723547826
11.487426585163947   8.972463332846916   2.3956413677400903
4.401204297663235   2.735478868436384   6.2259620854532285
3.100272904032301   6.117805144119394   4.980382202659316
9.977124766082218   12.182474165339709   1.2429428151223791
3.5748889905884145   0.3544826229485498   2.431080923574536
11.633981729126731   6.490214266449491   3.273314376499378
1.975358615259102   7.176732688062006   3.669337962833744
6.736712812736834   5.132272478806563   3.49795202341688
12.496956878591217   1.9750436468090893   2.0567359443105477
0.9802411144436576   8.313019451616658   2.920025851487235
0.4703910797374966   13.125871377501413   3.6934846033825295
4.690907944096251   7.685301916984102   5.404233891340777
10.735455908883532   0.21804691920749342   3.4669206129583747
8.150339485220368   2.6037048222950303   0.12081379185728094
14.36638931009234   2.2646451411330046   5.088954549817828
5.5288689623748635   12.4749533626939   5.760014995078498
10.084136039839809   8.540025465596116   6.263973624602415
5.0038592756757225   5.183376514915274   2.3802349376096203
6.186748133230696   8.368341148789474   0.9704682505862335
9.010510779395903   4.6638013060070085   1.480113921217497
9.409842587039554   11.272735954401   1.4546277566791626
12.83660307519223   3.5633573205711704   5.7320167199853636
4.457644983112926   10.04471372097249   2.970834806435191
13.87255553851785   13.913762882480805   6.227331548560149
9.639454430811497   1.4308036399402215   2.5446875440503716
14.193987677941342   11.131506191223176   5.159915340659596
4.606992368744014   6.652912547697207   2.5558022297903293
3.1394743997998593   3.2651779571107884   2.596049108447276
2.4881181486527413   4.40347019015313   1.4507715235328509
0.9620164006252795   11.905410194896195   0.5828317470668007
3.058150093179409   13.360667673537465   0.07266527587591129
6.277739383817292   2.3384412934043115   1.0262795445287398
5.35828318440434   1.3137491031457098   2.340265625257965
3.5033502031309984   7.513063391448194   1.9053948038150295
9.983442355211624   13.753253893273818   4.523292606317985
5.916503133963866   13.470683237764662   0.1529234096850775
6.821796090053272   10.429046576397031   5.203220001325609
8.743715202859017   8.999589942712444   6.107291037024299
10.013021034776887   6.69032433507705   5.5475693324503395
8.369044922948985   10.77762930638601   0.7164172958637982
3.4083206654731746   10.805085927094247   0.9372518853726561
12.992360041616482   7.6124877061991985   3.6912631383980226
9.311986349915877   3.3013018849197535   2.8712347678325165
14.26881810963376   8.327794184079218   4.861032697079423
0.2779116545494402   9.412620684351987   2.4916081515728954
9.6154169458269   5.605383701753848   0.9159245990916413
0.9180080669007263   5.017002504036746   4.469048373378275
2.238770138529738   10.044430749809537   4.694094801900814
12.959699084746262   9.579604691013758   4.542840150498489
7.092252580192364   12.042413222164953   2.79820043376176
13.94098959601317   7.106968830810205   4.157819947934224
