6.79182641166706   5.8562231028423   1.3251714487735589
6.585760068094031   6.899417850303597   5.2792309383434946
12.620109715319504   5.963328791684028   6.114654660381031
11.312798120285237   0.9433073346088109   2.6943166022411775
5.020594212308359   5.625633031305311   6.108669190688482
0.11324274701742354   12.86352857037911   3.344070901356011
0.8813415128424419   6.359069793719097   3.781835076556314
13.931679811589236   0.914108682018587   1.558547187974088
2.8186238376249935   13.254373245021915   2.351678567167232
6.176636287714468   12.873594865975777   2.3690555578728336
8.700902425719388   8.30852920736429   5.504075586550301
3.53732461105454   1.9471735130029995   1.6475095948231804
3.076205952298658   9.095638515021728   4.036754055804407
7.718679613284477   4.766590130730441   0.4443322788523347
9.573415594384022   9.838393920453717   2.300166693812317
5.507136241050167   9.196534752207704   2.058060689996391
10.50208527419894   12.934315452414992   1.4348889846956567
5.14742771941758   1.850114366240763   4.433688601287675
3.576914332660633   0.3349431317750072   0.6120452929131824
13.193704997848839   5.001636176169844   6.010166224974083
12.839345521234044   11.31782919286278   6.253611404351046
9.137803565293385   1.790325642585752   2.1373781465549255
11.432194056434504   6.943562910953474   5.9950176624004365
5.781156586047767   0.39659019905868004   2.8023267017868982
11.32888469398916   8.9942908460846   4.717095539640974
7.424627929863397   0.2153816669605163   1.143389187260458
9.657678809233715   0.5415281072577843   5.545856666777254
1.8155829978666287   1.7812030876019942   0.7120000625804117
4.682541008271503   0.3898456099768437   4.87123183335775
10.076870275978129   7.139794108954325   4.421923751877958
13.6573997466214   7.651820750432268   0.5379733640669282
3.3094648580882287   3.9112100852177   5.521228207954274
8.477639271297255   6.7792094485391825   0.2385598636425087
12.266946853704104   0.43400551879194843   4.071732594677986
8.272058574549233   5.71650126787944   5.985052552352392
1.1214218494265773   5.087131022716746   1.7279213726260625
0.9459574128906542   1.1781978040713275   0.0647054699038371
5.259075140536894   11.11614112387525   1.9770744622239207
1.768716572044531   7.172558685939527   3.7315067530663035
9.762884834571304   4.625674853627949   2.850315354944598
7.248982022646577   3.525230716154539   3.1321744260467352
7.215369540179353   1.4017728826904015   1.9261775828612184
4.43122845650079   3.6973328276964126   0.17014193237579692
12.217433470898506   9.82233076788056   5.727720425662752
10.272244543055134   10.927002369859034   0.21234653853436794
0.20742274000733257   10.952408133891222   4.701960647206215
9.645795707560744   8.810246184939578   1.9029414541123515
6.821147282784903   11.472671443183295   2.632911678878733
2.5327731828069786   10.174869221993605   3.270325740818009
2.059013381560031   11.934272970971941   4.787038639671519
13.865731168379327   4.061869037852501   1.046357231737309
10.985011241368351   4.19819308447839   4.530517948820215
10.39942974276887   5.693002355677245   1.6177884684258907
8.31100538644341   9.343225650414723   5.023180458599671
4.0761972629761924   6.085252563145055   1.6148347335130968
8.817600846874491   3.809497771212489   3.967629412243988
3.732094395255056   10.026673340241386   1.2349434267401294
9.463373305276832   11.86677884725399   3.0700122686961326
1.2740341976602416   14.317906374648203   2.864263812835141
2.4412635245769705   5.516241351496149   5.265732846388432
14.175390394720736   8.776717340710318   3.8095217759922746
14.376802657049419   1.925711431408315   1.0098477786398137
7.798764747938932   12.389026778455966   0.17522915168363412
5.23806432511046   12.338082976157684   3.6843960559544167
