7.389387634877636   5.271820543608184   1.5418968074819943
12.51829324382863   8.545992940912702   5.15188976755542
1.1276517326918079   10.457046195796963   2.321071913516842
9.0038789580676   3.8858953691937597   0.8964043945269099
6.926570832017219   2.005836638266832   0.2417924941500613
9.632461925202152   9.657880570203547   3.239002659863415
11.675632399312354   0.3632672595106924   2.6850314742893002
9.632539882993935   1.263306878584829   6.272370005964618
10.503443485302862   0.38847929407169934   1.1087900560380668
7.048515852418626   12.137170609095122   1.7794915269420986
8.511544762383775   9.383980382285895   3.0656642072854052
1.0061913268409315   0.48436638886607347   1.0909003309915848
3.835702044647921   7.230380558411287   4.5382113476512815
9.379455087060725   8.332307655548487   2.696585113012389
13.542599290825883   6.7312577552957755   0.31152335667826303
4.299940338753584   8.613987464040438   1.1893360643196451
10.353345772305213   10.477968094446963   0.623101308313947
5.814187075075538   0.41295140462521934   0.6669011631045927
9.536350025569504   2.729624644205786   5.382387170126011
3.498579784384667   13.215762281405652   0.11377984407511457
2.0985544213422727   6.219903107121682   2.049522976917079
5.750707105307215   6.762601485167192   1.172428792123611
13.180135463416523   14.405315182757496   0.5480177738276298
0.12002580717513928   1.9906669712137002   4.598711680546544
6.188914163138628   9.17793737885703   3.682669475039376
11.756474523703002   1.5853429126418015   4.395567235971509
6.994453477036602   0.016506114773392255   4.954991314767963
3.4034784565813214   2.4753731054615358   0.704893648621804
2.813442509276341   0.08352027393730743   0.4321637994105376
0.29607289806715814   7.375191242818293   5.396505197670279
11.045286330161392   6.018986156433431   5.2214935940498055
1.4599175373283217   1.8518941608434325   0.7803434385116333
8.044493336966497   2.7952062584393684   5.136802468613645
8.658572603226183   11.557969090682167   2.685993242613445
10.015824758940722   5.618805774636769   0.25962917726514223
0.08429998229503355   9.937463479723197   1.6280351175640895
13.835362272339779   3.4993321696909074   4.321715071647808
13.480942504727183   2.4866765366158923   1.2529792840792904
2.650523674744744   9.022331499279042   3.420273369415799
8.280209892271442   6.095787528817089   1.3617237798730264
4.349328534009329   5.183943384714658   5.752392231851224
10.795421092930084   4.847813934688855   0.8158082127660301
5.591182447358702   2.508222982981861   5.197471505971419
7.223199164442948   9.345544691520127   6.019991870448888
9.904156633503238   13.154903668289064   2.101639460543345
3.5395569119331505   11.044141802861684   6.118584716293111
8.837508296379772   10.451593417123743   2.3459674599934024
5.063773910301047   9.78284201641926   3.0174045501210136
5.700164112550322   13.01037868645456   1.61183288573861
0.19603828306072313   13.91321711332563   5.777715846757533
4.562773490585659   3.4234858714058762   5.257970297158381
14.122544681616803   4.750698931596035   4.3211468769177
11.877294919157515   7.0182250292948565   0.3598479823848415
4.34204660089813   0.8826860712415883   0.3325626772276391
7.414749802797336   7.712966042673245   2.0237306269979367
2.4934110968259913   1.8563862435229415   6.273041836979887
3.755578057468423   12.12329477323265   4.286268146527108
12.983204947506046   10.72946734182154   3.56514135645597
11.25332789283094   2.755708370220067   2.8994663399535234
2.8633945317168754   3.671935222139027   3.9410002364398156
0.8861923353633504   4.299282945809322   4.543232882909698
0.07131834592356384   11.88910434068335   3.02269354640386
6.618943337839683   10.40030719934757   3.9081798128212255
2.3560206968027715   11.836484324971586   5.15898475003923
