3.7582188370715914   0.06821965186849088   2.411456678049487
0.354424538453994   4.6134389286217905   4.0583347289897445
0.15111521989832133   4.1542213840917706   3.462897571729143
5.002694474307564   2.426981966556642   0.8651725882921653
4.7461463881950365   0.9974866115518168   1.6214811697322729
0.05363624226624042   2.508516807835442   0.7453768249593935
5.204007128069373   3.1989483349014614   5.224875154834692
0.6880242116948501   1.002809728550755   5.834650656758829
2.8295303880258666   5.16146765150024   1.6804803695995336
2.3012581148683178   3.3122980095214274   1.4387465940829836
1.4278512598718738   2.8348717141141084   1.3657147193713646
2.638746808508587   3.863237618080801   4.816745803446507
2.4204627769767257   1.0622564828426233   5.6758489697675785
1.9423794003734636   1.6649460179402045   3.609857201003014
3.481648245023121   3.0595142481818334   2.025003757197859
2.4846167341231307   4.388782138960883   2.597091268185701
1.5961472146848719   1.3723302543022795   3.737203164519576
3.45657076605952   1.3299802192935088   1.3483728397669945
1.8417926466638466   4.536374838496606   3.998367430778445
4.589160448376769   3.4302598079806117   2.3796866774534213
0.16820874125457141   2.0469900489810593   1.6423348429751952
0.9636454554510164   1.8675193208676983   5.824737995660973
1.2824225691421356   4.045047723362768   1.748763350240744
0.20378241558292354   1.4173235448482315   1.3862580608661301
2.871926955102123   2.3281394477473936   4.461743266689148
2.0534879899213316   0.2765539595152384   1.6879729995923258
4.129831991281342   4.746707309547812   4.705574236804157
1.0057737675817806   3.760885508506536   4.806034679771666
3.566656436647125   2.1186264154152488   3.7691664807339564
3.543148481168791   4.4834512112777185   3.623711243823582
1.254514173737603   1.0966502682180823   6.067711525306747
0.8041759015776366   4.921102143192585   4.063720313986576
1.4471620491050605   2.158673532680713   0.23239841794744187
3.3970346062943997   4.110503758788426   4.088047393269915
3.551821940127165   3.5511169738689325   2.0291395816971582
4.944512241617153   1.8521983513864355   4.557384661571818
4.09370075923086   2.384947059775481   5.1093210638378315
0.781311902910125   2.944403839957019   6.0092282432069615
3.7152642126967037   0.9217839145940657   4.550870325052795
3.5324960639790097   0.16418387197310247   5.739795277182984
4.780267819931367   4.054889603691271   0.8103416822066077
1.6700439923224426   3.561575215484492   4.7081952952451935
4.625911536225869   2.8787465456002423   4.427582406335721
0.9208249312655317   0.11953653510669193   4.0615634798981395
0.7806413397021923   4.527445583308605   4.259991885889895
5.00437980340187   0.6213271197240523   2.0223946982469863
1.4344626683889603   0.681011151046792   2.737044724793676
2.2695551281908086   2.30210497104932   1.336986533115947
4.01345649795736   0.5377311458876718   2.3835572111067473
2.365622069236437   3.1557879672269307   4.564548783439729
1.6931590652454327   3.1683273008991293   1.0368361994640074
5.105104388175268   3.576825047306779   5.314533775919995
4.011425963396298   3.575767337814781   2.182930113088488
2.136263923718211   0.052755229025524014   1.5530405027538117
1.508429212081623   5.0861658274714046   4.630134654075586
4.555958775236208   1.4541756682614637   4.387651504342033
2.7685342270159654   0.9357656862911418   2.1828580079803803
4.961536444374563   4.8601619491658745   3.9587737445131457
3.93365884700077   2.8718304788816695   5.859994145220204
4.811461075683539   0.19604597174088878   1.623680224698403
2.412041510758268   2.57551762801868   1.4569622223251764
0.3496108484185941   0.5759411241622718   6.166744135831511
3.1008107053524956   2.737012627190718   1.6813200032874014
1.960982362453146   0.7089055142336087   2.432427371430568
