5.052355228537605   1.07417973563255   1.6984718726680845
4.703808772187825   5.081761028391678   3.5505916252590706
0.1328669916528605   0.12985998638895574   3.936875471669641
0.03348110635133289   3.2348578843553075   1.1262064108379262
2.250952541867723   0.25302952601091827   2.6234676754019057
4.3392799621368   3.733270364447495   1.0946114332923078
0.5458705831724845   3.6077248585334605   5.30788981824137
4.548857087409656   0.18785497460949035   0.3593501231466649
1.1417137893457205   2.8079148104056317   2.253083634913059
2.1661402853045546   3.045610827715056   0.9981474128684339
2.0685833732938597   2.137239422523397   0.5158567335998484
3.458238318607545   5.221723628993474   3.699740471474173
3.19294911849043   2.4809888147355235   0.2616980081508171
2.7762884444070255   2.391295794448892   4.001707084914994
4.3766337566503655   3.9577994715662346   1.0403722484518403
3.579342873421483   3.57062119650939   1.7968188857887533
2.000314929681426   0.5741935270186758   3.208678989229651
3.172947811084649   1.6950269975740526   1.5173004537976604
4.411209555535718   4.834533002600428   3.588175529996728
1.9989334508969336   5.1168036779368276   1.9882537874644486
4.887422907105484   1.8902864681460976   1.5551426793528564
5.253020467332154   2.544715858237212   5.631973533742457
1.5401709264892203   3.6705956876599535   1.5267059503033424
0.6342570553319347   1.5302664286872323   1.7272983603025875
2.6004283920184665   1.977612975877367   4.320357283141998
3.3267096127606077   0.7999986180580425   2.1148624782635785
3.8156154389146595   5.123206846031253   3.9279861523227786
3.7479524529047468   0.5405519509593109   5.013187437288582
3.550650886983875   2.423694726198624   3.716940533186288
5.095230978989476   4.755652676520618   3.4281714991096783
0.9619240804112454   2.0357312157001237   5.396544915905774
1.448084280424224   4.052212031898   4.885494198313455
1.7781960923594138   1.193157184801907   6.2357771068138454
4.845516900499614   3.8250515413948385   3.446273743896914
3.8574511875794912   4.692922837910666   1.5484505932251365
5.088472172548152   2.044788540765828   4.554173868640788
4.783419779454717   2.486366576048075   5.409536825428049
0.14049090659431585   3.833772680734158   5.984178119638416
3.1268538867796676   1.5528253300048127   4.588326036261543
2.524190575613734   3.7369000828982175   4.711133173407921
0.7988053572404374   0.34926239790571806   0.4300943952714682
0.9177863780162289   4.636880427220531   4.290638639203827
4.590745661886951   2.820307541219311   4.9988559847807785
2.1200914088142073   4.771009300949609   4.513710818126584
0.7544104326380722   4.9976987662731   4.4099784206896215
1.1613656120927778   1.5185385627197971   1.9751733912656046
2.3463365809285204   1.2376541517913258   2.970822032998042
2.2099798270805158   2.564157744299658   1.1233706729504098
2.985837680017267   1.026162354118744   2.3701413433607716
2.21817411750657   4.420229122364921   5.082090124686514
2.516534854519807   3.4126444389495805   1.9761647016228594
4.291354801926322   3.0661044074297554   5.143217242931576
3.43319874901787   4.275498427713205   0.37512123839232464
0.9575890574419383   5.183751275368259   1.2949117835777233
0.6074974739408802   0.3492118351128036   3.5538461986072307
0.6987905978371044   2.958167206009751   5.039502417240571
4.052389903526726   1.6402723341102   2.970936071999635
5.002608892638883   0.19291870585303883   3.3708479261775977
3.76671170025243   3.0226563656060352   6.094862614636977
4.703195976775597   1.5427363744757838   1.5249799113765912
0.8264882679067816   2.2347226701603455   2.1440959030218627
0.31861710410480243   0.19404131950228534   0.7551875369577145
3.150733188652389   3.040733984164145   1.4811036956254964
1.1915144981300447   0.9208245724358671   3.579649737205663
