2.2420597141197214   4.001197309594848   2.03832893220851
2.83677712702217   3.6116859761129336   4.0415827149723675
1.580727769219586   0.8508858326700183   3.3804408043380523
4.259702948835951   3.1409135585746335   0.5048516974102307
2.0239427092444116   4.864249891448525   2.898462783512307
4.293899369536426   3.6394979563876237   1.1377912301382829
1.2906906076491442   2.6705047749336157   5.458261859359519
4.802806120428322   0.9074247753118608   1.8533141361320769
1.0297816545929757   1.7409971371983848   1.51878379143231
3.9136117306202722   1.0210165287980355   2.302528516791436
4.863761264952132   2.4397682161424568   1.978158300212582
2.10544846324821   1.4481124812184811   2.8560803670063453
4.135878094012683   2.5580742784080233   0.36429340855366266
0.9646025250434989   0.9494210708128141   4.624704261387136
3.454133778011561   1.8160746344985654   0.24586765528876767
3.4258980864142856   4.587060726472265   1.0267996037955363
4.016235049032258   4.145428496035258   4.374154674666967
1.3559463409363732   0.32310632175554677   2.9299754543222476
2.843421653100931   0.8078331535216292   4.079151445987183
3.3898030182654306   0.32664853186495707   1.4249342194702992
3.2360063663651983   0.14282864837083425   1.433601904669628
1.9770391446000686   3.2256489123200462   5.928048186593891
1.8801360166269   0.19190902941953408   2.319078469852416
0.37859241075837907   0.09139389357199423   2.378082525733057
0.30356738809160966   4.075602481679634   5.630449676359416
5.278099212340196   2.243434764484104   1.7694643982138434
0.2503676460258105   1.2247925432593356   4.688574119702675
5.188095363290114   1.5142606831901042   4.448695284060576
2.8148360757500175   4.2451179569121615   6.17578191670109
2.55847847782152   4.649531177444716   5.337820879999286
3.379348268801074   3.0869298580984887   2.019616008225685
4.3214197075023755   5.035193302210149   4.097231063099442
1.658507155509044   1.23960513892828   0.6193649626115925
3.682440909211675   2.633188259516672   2.840462339133241
3.6451116899713245   4.944844733848922   1.5546779654544505
1.5085770919508765   1.8892443834216262   3.9858705035441617
4.28104260196816   1.831676820255605   5.051331857743479
1.948358511337526   3.7333954578351585   5.182154111366331
0.5617572569715992   2.7082638247960373   2.7350560043254935
3.153383334267102   2.608623687967559   4.975819941778994
2.6594971303914767   3.542175733748997   1.009801244467229
3.144052447204493   1.5990082196409316   2.882641639955903
0.06945277468776778   5.281980867726605   5.382233567676559
2.2109290336985454   2.9584189513410593   5.961244544947044
2.5151449912853967   1.644816797721477   0.35858930712792114
2.6936287363102625   5.106268923785733   5.072671336834307
0.8200204392820477   1.9873590635285872   4.630508151398061
3.400949663345222   3.72450518516667   0.9479695269789169
2.6487576748551116   2.8722590371430474   2.7359503219760253
4.631431772798271   0.4576936786505512   4.223705094312103
5.192500694324415   0.3353553565662555   2.766351497800135
0.6760916479527477   0.05589475932311391   5.8876894187658655
1.6455651994274136   3.8640470294436464   5.345160832789193
5.27863626811704   3.8130801149296754   5.522916953534913
4.7603905514493485   1.8179130462666204   4.981965929386015
1.1214225226231778   3.3862952035682796   4.792000932589088
1.1837220978995662   4.242118777494918   3.596793277065033
0.04017307120134922   3.3056802264738367   2.1112801661274037
3.3223872142154427   1.1021141792133595   6.222947807566204
0.2153441030840355   4.495039357692568   1.912572042459065
1.7293988930656345   1.9818861842760778   0.6942359024826172
1.7052942054215854   4.656085423492849   6.182264527967969
2.1431765512670053   2.3112889070217446   2.746883682839714
4.0590816479444465   0.3063196699338894   3.245149077963587
