2.333404374305433   4.802708438939362   2.707291621954087
2.7593933744248034   3.3713289922778347   4.110379804582735
1.771688961099701   0.20634283314677726   2.881267284004354
3.049804999506679   3.5185329866274215   1.161342174630817
2.112121741561316   0.34616363267812844   3.3387153048333356
3.45436263264871   4.488710622019085   1.658601776338761
0.6578222016081955   2.4595286114252226   5.192744734238493
5.2646262696957615   0.9858118556308375   1.9742698261659006
4.60719729549329   2.578590174408678   2.089602228035495
3.7997671712516787   1.0304971812383104   2.493488935564372
0.3379484498894758   2.9222664650478785   1.973057457510932
2.609878977939044   1.9467105960728261   2.397166259252812
3.960216661921468   3.0494339079775146   0.1116470734165605
0.6578110960404289   1.1646039475051133   4.978744456261161
3.1243289498407414   1.2125237947614858   0.41033396048010184
3.7759564976794664   5.0011846476552915   1.4750994567094933
4.118765867401968   4.213415447754625   3.1317270408990554
1.4186529579432425   5.182231129614435   2.5056642474768274
2.2969225426954716   0.9105581437626991   4.062218907465496
2.7112497603310017   0.16880823268120473   1.4981128597041091
3.192404844846707   0.014618793196973345   1.7374111659698679
1.4878431555910876   3.2134792292809364   6.169236033167257
1.5644881686076084   4.946065375686291   2.513908858209198
4.776508053098823   4.31798552624836   2.7195526035990283
0.2951258430390277   4.46371929986405   4.76384438443724
4.88435517158513   1.8338640431521185   1.8627036578020972
0.3792712407305296   0.5856775867587793   5.155508798032287
4.565779133731259   1.1228841884380205   4.916294901461843
2.865137464053351   4.349708799652976   6.072612042586522
1.6207651827012557   4.589923646667491   5.610552635917565
4.521992571882444   3.40088378754709   2.0856759791361386
4.779812261663734   5.106940288040572   4.226799905441961
1.4484900335129312   1.5914267084910763   1.2347525887115953
4.13561975667115   1.9062014438249717   1.6255688601360785
4.744055560500285   0.29462397092874343   0.736783576641905
1.486527198063298   1.782695576565371   4.356244878061997
4.729050407423464   1.3977379349804209   5.165085309784442
2.0316876160601565   3.696999288835466   5.538769385059257
1.115408769139405   2.467093458655172   2.787450206793984
3.3526340540682424   2.477912259899122   4.5405217721756745
3.3434626190307464   2.8251134795412334   1.0682855679772716
2.707635185356196   1.2247819386484968   3.24148565669119
0.9032529190406858   0.39227494343528047   5.61781078991378
2.1555305844238775   2.8529333900783818   6.1020761493215145
3.3185637326447   1.6577192313566016   0.694860266092692
2.929071646704578   4.9692961861816585   5.302973544003743
4.980300873476831   1.6693965353763367   4.983289166043583
3.2271342101866463   3.20864156542731   0.937733615591676
2.295442403005986   2.233705090507055   2.462803331471752
4.8388846331261295   0.6151603712441598   3.9642840110670465
0.43096163300226215   5.051400599492258   2.841619921704832
1.6724083450637852   0.3800296113053285   6.027015748444345
0.6587913442418004   3.530783315061278   5.267582923575686
0.6529516389201211   3.846074848397173   5.031778038398032
0.4004574845245624   1.4904225593875449   5.631892651138947
0.562960466120403   3.210401203714767   5.131441888200756
1.0391123432122   4.5927143920694755   3.5828108049568645
5.140505849315496   3.3377193715364903   1.887245332027121
3.05697160653565   0.9908695047829102   0.44772401025730424
0.5360444432310085   2.6559319834079274   2.2192822406954567
1.5502885783230296   2.094309870993216   0.9075980306672183
2.0098401122119487   4.370045142594569   5.93299584710837
2.75819004733291   2.524097512606162   2.6811457801808567
3.9752579882577876   0.5295561731510341   3.16500061772003
