4.739444768168326   0.37326319220102916   1.5739138983782182
3.7448818556923706   3.968779389232795   4.727052080023035
0.6440450124961205   0.6913157793106979   3.6918508535949255
4.334351348295391   3.936144039990524   0.4073300060005669
1.881948070682587   0.13228563681600763   2.2055241946428854
0.18578075220193746   3.999151196857536   0.7362672239400927
0.8611101549933129   2.3807689651923614   4.885765788905234
2.9609230557072714   5.191887792234357   1.220078242978004
0.6366410408100085   1.8926966804552152   1.967997525774214
2.6778308087279052   2.6919439788235398   0.22332598073563262
2.4119620935661863   1.6536959325109095   1.119107947937431
2.4931174667764955   2.4670932844799727   3.5647876121909627
3.064596540379599   2.306439514826768   0.26393743272026565
2.086676836064012   2.141100323040301   4.5281371788538465
3.3832140523991887   3.4498609428707705   0.7922920882022634
2.393819865512321   3.8114323917254156   1.9519076584211679
1.702355558050563   1.3103497590807682   3.404870422857394
3.341702041627422   0.6654808445755466   2.372126415174611
2.869864897420954   0.22058092507620825   3.9441915722616776
2.170217170547143   4.805564899107177   2.1735075389104845
4.076326743650422   5.155547208685579   1.1928642186544167
0.6092999949121098   3.331875314482658   5.312024704717325
1.732201448941197   4.425115392541219   1.7826001458517944
3.875923955682624   0.4922569840687407   1.8158644106228743
4.1971060967366425   1.8584377913594636   4.636161030612664
0.1648548498846915   1.844587316170459   2.3230178226158356
2.956059092296204   1.1726070253129424   4.177444401508721
4.157749526360589   0.9115792046228637   4.917188392013559
3.8271830945457226   1.2272167028736076   4.702884381248164
4.915227099367097   2.8299581426057054   3.734190062430034
1.5353978082118598   0.9357237811903278   0.025858253934321507
1.0236490625091947   4.050436206247968   4.9962907662832405
1.0685464354360754   0.6128149096313154   0.3475741551722561
4.566094887819982   4.313614622134505   3.8290945006937127
1.8753736851736322   4.24228370762659   2.0042525065720826
0.2913684358220289   4.955985736474771   4.3985502676588215
3.6203381535801795   2.2515147734425556   4.653884561597441
0.20744359055748385   0.374316421980807   5.8814260987387295
3.494855852417401   1.4204657663176568   4.701137510728883
3.1944245641335094   4.448179081827143   4.948333449646407
1.0508613596081906   1.1393156951649526   0.43331502587710974
3.5840141628690727   0.09398943528375092   3.9695048607240144
0.25795124813631254   2.6808100150718426   5.7141952335096775
1.3518208487239884   3.6473102635927406   5.224671389075606
1.8085304285096477   5.123814962956125   5.355117162113257
1.9852733291001328   3.2280227586664085   1.6218162451645295
1.896346626994658   1.4883113788554991   3.6136229402613487
3.029888701763584   1.976732118489749   0.31279203406298495
1.8983760897987618   4.813266109346911   2.232423793507336
1.0529288171160673   2.9606547402549435   5.405638972621967
2.0171949563239933   3.8859676294791723   2.212048298395232
4.752339306090203   1.8389369375042268   5.993106475666661
3.2757438018981477   2.7452897750389953   0.8270851985434104
0.16873325809475048   4.547420755809589   0.9464722084838507
5.247945571751452   1.2475955420280957   3.869823047940038
1.5062733421935746   2.7709778510788334   5.064682348315628
0.7035960019124452   0.10838549795188807   4.124448789010182
4.706447069230277   5.240158769351295   4.760901175565159
4.362890413358196   2.652805506304886   5.914177164247206
4.107401398076615   2.0739247436767494   1.4884128296871315
0.920857952115426   1.814710174883287   2.1672421578783685
1.0610359773521183   5.093001264972302   0.44901743133773947
2.7811061672799613   3.4426074345833864   1.0564514972992547
2.1279816294446636   0.6365920285049909   2.422103409502198
