2.4237263816728767   4.736791737234491   2.5498706317878654
2.4706040454986913   3.8958206535031765   4.18179865973292
1.759796369587865   0.2672972452556299   2.7715054592338695
4.095747383969885   3.7691922786030654   1.0709860844294155
2.1579783986310663   0.4388680010124275   3.3692781493421755
4.11101574693596   4.493413613390925   1.9734351795403824
1.122691727463551   2.3740388672581134   5.434779796077288
0.06343744397874307   1.0189682003874978   1.7894368099424054
0.2179719244915077   2.0299141181885973   1.9365264887865494
3.647935802622618   1.5282138896306456   2.6864362802615296
0.504088435209888   3.8188154415135793   1.857572369770001
2.239669956018495   1.6556459849116418   2.3190561514317203
3.8731580614046024   2.975021894810057   0.3677151642578943
0.6478120498794259   1.00000131830062   4.890008491483955
3.1361198304996667   0.7743660477198936   0.46348650426879107
3.905410685438264   5.0325227071837455   1.6655680650460178
4.71733644505816   4.287185862111453   2.6952415520876407
1.5439754616842647   0.24301460117602303   2.626145621716986
2.757603838926312   0.704582748012083   4.190777069711828
2.8180767739795374   0.04589685916023012   1.5087002560975398
4.1432681003870515   0.138202747097939   1.2181381584072113
2.2235186146872024   3.099860396082208   6.175020962944175
1.576260689218501   4.392105013136126   2.968087849447093
4.751359694430514   4.077317090182385   2.719400591324796
0.10741222323260838   4.4248731256052425   5.426037076043295
4.79649575097311   2.65546576362786   1.7696175856608403
0.6767071192694776   0.5487518645978242   5.273499585117217
5.125809579315691   1.4062638767956877   5.007438620588888
3.1074061859020263   4.369479202098572   5.786388107360876
1.8459934598290055   4.491003123560444   5.772046692483998
5.024038452914347   3.949780197341551   2.3958640258951522
0.3116707336405483   0.05038789193768095   3.99465746580562
1.2281581879736205   1.7151131358574943   1.355324984381207
4.384388739522349   1.989120393962776   1.8792640528750937
4.810917404659992   0.17649743679516927   0.922045531694762
1.0688939494215874   1.384039944038748   4.27011069561535
4.72796176209801   1.489285561063591   4.971691913898238
2.6752080657303248   4.444655365043071   5.4063478592684335
1.941405871066782   3.270829423351785   3.2675467178251583
3.3526340540682424   2.477912259899122   4.5405217721756745
3.277880399223713   2.883727060122198   0.9717404294067307
2.71604258463823   1.3839741896475297   3.3346300731331113
1.1876124144966957   0.02755277833429942   5.752069251284966
1.3238285108007315   3.463684265094369   6.155639663080883
3.5356690301776235   1.7953727776919215   5.940514537131763
2.9906727506998556   4.907234353099035   5.149604097479747
4.664851436635751   1.8269731426391325   4.882488779034765
3.3216413506572775   3.426625157173498   0.35030606486195925
2.396715363832327   2.619531245747694   2.22213256212794
5.055967532366979   0.5941253989954318   4.0499380210817435
1.0147635262647676   0.09961907641004791   2.688113510201628
1.6257490917497095   1.1598955555564587   5.9121607951601804
0.12332350777847995   4.053806086157526   5.19426932079224
4.828300158670517   3.4615352371981443   4.798539073651707
0.26889230190734725   1.474042720294633   5.603186082948389
0.15517052998414438   2.7167733625165744   5.080441066471386
0.3719465832479193   5.000043330611226   3.91253302673265
4.484565383794168   3.111772715119051   2.097145978307343
3.4464093164807488   0.8572486728455092   0.3905666605177497
0.8759860261722698   2.6600714092668927   2.473714904254443
1.610968671334275   1.8746708279194575   1.2086548462860909
2.12670031393482   4.579592713035188   5.7989177918635235
2.4589392166980697   2.2502207169119894   2.5659184837712474
3.9973930831537965   0.9834252564353548   3.636913287790784
