4.884460971529884   0.48209836617221824   1.8235750382462868
4.2800831923567495   4.642762981549287   3.9374046123117616
0.22716774956281238   0.18385869885260497   3.900193554223752
4.851686207972894   3.6031959019453845   0.5087706010121396
1.4713820113618405   0.06112844113646698   2.212373307977069
4.222354976327594   3.9531262992122396   1.0995347230075567
0.9958347291674342   3.128807931172629   5.14489525108291
3.1159259217564856   0.06515980094471807   0.701104660785262
0.7832035786824344   2.2951937075628144   2.048530308059116
2.373228462959009   2.6892613517817052   0.666562357823837
2.4484482345820577   1.6352263084080667   0.5613326241807272
3.0259322817921497   0.7646115888068772   3.993333059479738
2.717824496760103   3.0433166760219263   0.16872812001932727
2.476578557496278   2.013507817001667   3.6153906236181492
3.7718293443743303   4.455246295328786   1.3406470263050767
2.2646512443039697   3.964832067133189   1.960044909299395
1.9885326168207211   1.798587286175021   3.3211974733315808
4.137787064016232   0.9850590172311741   2.6755537742254476
2.6910367072526133   0.7202710567108723   3.957038528389096
1.0481260707748628   4.238153876973617   1.8045900210376327
4.610334399515846   2.970700433932555   1.1401064471044078
0.4222199471045107   3.4761904734197375   5.291538144682886
0.49293358610144017   4.4203906426241915   1.3819135884177427
0.35078306932014036   1.2088016158279502   1.742191519427639
3.6817680882104002   1.4719556603159165   4.2586689957872625
4.829165643621252   1.301285191600445   2.6784136600336423
2.726581395341928   5.126394416663363   3.8975104942907985
4.804870657947474   0.6684928004637708   4.766601521469371
3.9849333898896386   1.7678283569529458   4.096566311224149
4.492640254256197   5.183323961088744   3.2777840932563795
1.678847269431774   1.9542329667642662   5.933139330545413
0.36045007484459896   4.649257917636972   4.589932434731682
1.0101029311302498   1.191490345870272   0.1296127363032943
5.09545435011925   3.7129364272968184   3.7210469765962295
3.2098063268561163   4.622058014323178   2.5599084226389603
0.19720349839280166   2.5379552460829733   4.36220096023827
3.41037944994571   2.8703939571287727   5.196005493070291
4.740382984721778   4.788510488833864   6.216585777213698
3.4590042921400506   1.08911560626622   5.048742379530089
2.4419357852063377   4.675352064124951   4.631603662445104
1.2890625430616827   1.3821644697213047   0.48820049393589793
3.779691576547729   4.8990535144433505   4.009739275132069
5.019440844901681   2.185655067398095   5.182410701287955
2.009936887790433   4.442930861191277   4.556586594655303
1.3940928845608467   4.756091959640415   4.904189258830993
1.6294432547776743   3.21507726845878   2.506059571934181
1.6995963456033476   0.9329890484274486   3.401251004539683
2.9598222686384372   1.8082655344060823   0.4712475281112044
2.115297643644854   0.003199288160340541   1.8540781028864635
0.7986835304613549   3.4858699147456047   5.3746372753286815
0.44490697982190347   2.7199419074920024   1.4644447304035513
4.75628147033235   2.4055160246149083   5.360052081572124
4.147579355790377   3.5009106711349265   1.4829854085396497
0.6032622110340568   4.990820161955047   1.2360751358073832
0.5694862413123586   0.6677422968983626   3.7950215823730904
0.8260508474848827   2.1196838229787534   5.114253293439057
0.30403433705522254   1.764583670879687   4.026796318095017
3.910616325819105   5.17244189198158   4.284502774109309
3.530124246947585   2.365890677027972   5.878692063765431
4.0036715312391555   2.04183105488038   1.099770063217979
1.125969472626649   1.9358170591317323   1.7370472707983056
0.026264823094236223   0.09986859327591685   0.8259523685222387
2.949788528068417   3.448172085824601   0.9250396205017548
1.2047172487579925   0.4880407608270545   2.7334020732182758
