9.21469481568047   6.297974524199946   0.7008301040412895
6.862897307662102   0.21244824076068092   2.5360911647981657
5.444665943707603   1.8012064511196058   4.1439116555926585
3.5152210659003265   5.271677718902864   1.233344247371731
2.1183437380720482   8.305965828824839   1.5424706189323452
9.041616414549829   1.2797669020702247   0.6575648094986203
3.194207960743988   2.580694794646659   4.1442400446791385
7.894435909085299   8.709741563435548   4.605166755469453
3.0542047132373566   7.714121278412249   1.9050108469391982
3.197173175350873   1.396111074517922   3.0964569313268697
1.753712021596164   1.9766646762842761   4.155916244946493
7.428934001684304   2.9017878644774835   3.19572592254091
5.928028155829998   7.5106454728417695   0.7161547245752238
7.526599375088004   4.923233725806366   2.515859641796324
8.781973326572771   4.107710919960763   1.462141093255869
8.446403467158195   5.908437462778228   4.79005198287156
0.6962967552237702   1.5622548701349217   4.752404926294123
6.14396546199858   0.6435560523257087   0.9991147829424489
7.170140246066193   7.6715344798561   5.790954499400079
3.273786952076755   9.680689902089034   4.680309829343288
2.3495094249135415   9.564348405213403   4.525459674920247
9.46556262137996   8.78310046991097   6.238894450951606
4.1629821879163496   8.419457109220918   3.0201206636445934
8.479038226768111   9.46593998956418   4.423988241219602
2.5768438758838337   3.7190876185905872   3.14589465693267
1.0717772662430753   7.914176414370328   4.062457834954373
4.3874012935629105   3.3956351826895577   5.115046759927997
1.9249724889723943   7.427875148102598   2.204923720100619
0.3696855756713657   5.132892370006328   5.888579093280102
9.606361605344448   9.719166881412214   1.9880614692675398
3.8644493003656626   4.301686179932358   1.868293000413396
4.657556520406035   4.261969155700256   3.654680890320775
4.242866697918325   9.452665797675886   0.4286256884053449
2.7983858540342004   6.0080102033420095   1.4163171047847813
6.114216900361318   9.559016449418953   5.592266984903547
6.020783342940349   3.115601433755399   0.763193809086178
5.158549246623064   3.6151683360128075   2.503523984287145
4.656421483295339   0.8667160539100507   0.4054431359470665
0.6444756888168851   2.599768638637789   5.996896947812336
1.9762527666132648   0.5326286779233524   3.6283292644620126
5.530925705787862   5.449157283497701   5.248556293530187
1.3638750499088759   5.091507945505996   4.143905537133941
7.118116078193054   8.512939465345227   4.1085462019660675
9.583496259437705   3.244850717478334   5.829156761298052
1.354681196318168   1.1297251978009697   2.040803863093585
7.135145624471195   6.098115092754248   5.387827329939423
1.5879603431867806   3.6224372315278943   5.615041022134728
5.483177780105474   6.617960955386508   0.35216658023518477
8.720488872196492   2.977075633210017   3.1258291278941486
2.930203981619462   8.951417499096413   0.5153929667010279
7.419404771061494   1.31071721977864   3.2152690217341338
4.7496751660273615   2.5551299321978225   0.6665825091446828
0.0772073174624488   7.675486359465582   3.4254113323133004
2.8877650744832684   4.5670870300098985   1.1769984143348646
1.338500777561062   4.335814940391368   4.8552110850767525
9.257981692642629   2.1854127292669787   2.2593651423862435
4.2052786834679985   6.772180713819434   3.49312088153667
6.401626923807534   1.619578259245236   6.239524105399008
9.329669512417476   4.942860222010712   3.778925825863898
7.631952375212577   0.3655065005134439   3.228936364765584
0.6520067905609243   9.352202627347832   5.933374332981616
4.111093866750331   1.406921294953634   3.773821017438395
8.18386516786201   1.860845427959994   0.42099088353045655
1.3659862704989483   6.161709915396948   1.5873847958653409
