7.004495187833665   6.401207472911469   3.1390754180478067
4.1427341164035205   0.5973264400735832   4.056012871391072
4.458345947835456   7.886497110937484   4.785477250547564
3.747502543283954   3.2605045850676144   0.8380584514388119
1.7742860775604459   4.953112015528444   5.964434759134674
9.327666273541016   7.804507747741773   0.38144761204875216
0.9053986672649449   5.4501018697492905   4.14224737017648
8.940394315707671   3.4776040525374308   4.250903771121856
0.7828641036410452   4.256647565146732   3.069436152250206
3.1939778052758405   7.643416298513727   1.5856737753475838
3.2859854696457718   0.7184614413231055   2.297045633920299
8.221362494569185   2.769405260323617   2.8728396457620717
5.562192623011386   1.9530744451830484   1.7377868750599532
7.318566897815799   5.175719898317144   2.241655515441799
6.1572438520641235   3.7718779116936405   2.267129733155398
5.4128414250696855   8.895907511355004   5.277623015988596
0.38607155117017505   0.6334445317572674   5.995857273085294
2.755276230834731   9.35588324181183   3.3322884239301147
8.100691691669645   7.809518067277896   1.2684270714657069
6.975269599909286   9.384479286813939   0.07474568070739868
2.4155992132104607   5.726846146631311   2.6830345110773934
9.1283336909218   6.512152760256987   5.397321496115926
3.3234270347551673   6.7066606173100025   0.8403266379089231
0.365666186921557   9.256985832735554   4.5145112271020045
0.41702879149295724   6.101490141387487   1.06548336768541
8.30060753974264   9.259340348472575   1.4979166923447098
2.7259156346957587   2.9806386052925196   5.659851530167417
5.998690199672291   6.818651433602889   0.5791006691401094
8.271178713227561   4.660145837230217   5.541382103195837
0.780508512295225   2.0263108379545907   1.7237339094104815
4.176987727104206   6.531872039445255   1.665794142147083
8.243798060624371   5.921233851997614   3.7855368747489986
1.1394002380448425   9.746420944486124   5.904527718882031
5.527392544772298   6.179035693071676   1.9472779101343147
4.93944050430544   6.942459052270485   3.3283773182296343
0.6619315010241733   7.404235515225489   1.7892003790582927
6.513361591416253   2.28076475416553   3.2132403324102015
5.405541001948169   1.1565380176273012   4.040765340073098
9.730102639258277   1.683026768949497   0.033824312691280056
2.3527880523962   1.9196131830221608   3.536565509742469
6.346516244423158   0.3447754900461   4.4071347720357155
8.959009096518065   2.4121878853047103   3.505692520748
5.24457782419663   8.017085669976513   3.477743175973339
9.74270862760362   3.1528762713213383   0.9287785757061774
4.181988557341009   8.99611369586845   3.73175291808456
9.044025383826721   5.1313104102765115   3.690077545269443
1.768926693117617   3.2643930990306873   0.2018681806575675
6.597230975674021   4.609339960706081   0.4365863162579666
7.429424025814355   4.192537610914276   1.965753509361925
5.019598379987674   0.25528083472782936   3.7061040325730774
8.199188323242906   1.2606515737883992   3.6963347352947244
3.554718823734994   2.0415969401926386   6.1634045219215965
6.242236589560353   5.724756485863514   2.541557488351997
2.5276648470440346   0.7018958014548425   0.6440920609755574
3.748447677323823   5.575542095730828   5.731333093825103
1.9256770667767418   7.43538012299937   2.584735812512727
4.008581123663084   4.363581667866798   4.596303426631848
4.846163549063845   2.759817032436667   0.28901420759529195
1.323360365576859   2.645193476205569   5.181071963142016
7.781594583821013   0.33044400717530525   4.826199901477874
0.9084161499214218   8.236061538148213   6.154874216973548
9.300630620560108   0.5546711723444707   4.794901139682222
7.421805658720159   1.65883934310615   2.0949389794685676
2.8263831712928438   4.164632655791182   1.9235946122023375
