9.114291454296072   6.246195854891142   1.0148736802961167
5.826778775607492   1.2019783353642388   2.868773347618928
3.7549782976551196   0.24496836774121433   3.4353194144540393
3.897795956654761   2.258479813434519   1.6685373819025324
3.2254302969539106   5.691774357266423   0.1402733417489513
0.7290310814051146   7.75732910887732   1.309577972808567
2.0967631891696055   3.1686610345493436   5.248765571999207
9.751803668337827   2.5490945924096318   3.9090536445025705
2.379693242651569   6.403133345400355   4.348234379634334
2.9001486295582497   1.5891422433607125   2.2407069189027817
1.888037619314142   0.5104464250292473   3.069477091473074
7.244304244766784   4.855284406962095   4.463058105554467
7.504983578222389   9.224579605867   1.4766370258111132
6.054475850941969   5.054288875926151   2.5949466630604103
6.709179505022797   3.969502616226833   2.2305618638550184
7.024708188258529   7.6279727663880825   4.482257702752293
0.884689285980364   0.6964061369924123   5.237990574417285
4.075278872379526   8.530530886599557   2.4431468259368603
9.202710799047274   7.993503936861775   0.7093614840495768
4.870719391596225   8.587463665710686   5.719823858698046
1.7184528468422435   7.458125106997388   3.0798696443663642
8.354688249088916   0.3380240525042753   4.922644641645258
3.602747443995354   6.651522876611293   2.173299806221894
9.185130074447814   8.951009115358357   3.9980431817505475
0.7353814907674678   4.136118379945679   2.2429720001468576
1.670978181775052   8.598158788085993   2.5559989954170295
4.7189486971281145   2.6685363082811975   5.685748900620188
8.601954174234175   7.194508278159906   0.9938391270253676
9.137988167909619   5.1453292927899685   5.633450512110366
0.24879784761708107   9.51319152000346   1.5675343666778674
4.440317480809579   6.929214394558394   1.8457769439301135
6.70071823194531   6.162153159985032   4.212208240772089
3.155843591565084   8.96744230257177   5.87548263185412
4.749039584407942   4.814234957404431   1.8723971820642487
5.584106257886322   6.835135693751846   3.5671906369288013
0.24615572330880836   5.39336099326169   0.4213713316477866
5.424887186265833   2.8906124930587804   1.686017966493273
4.72290132424683   1.6533808958234837   4.754734292498852
9.800048439900515   0.915733913816412   5.001018591803095
2.13656838641363   1.787713214562415   2.869576833993298
2.8070673736879392   9.706096412090323   5.109747845253668
8.596880556741771   3.1520405566830645   4.522569342636924
5.626476141353778   8.021264329662479   3.8629118971552083
0.857867157943404   1.8003966122944304   6.076667087932898
4.940905349737889   9.518128407710035   3.5125892074511125
7.780134243859095   5.545874935090891   4.632116293518335
0.5833122624130584   3.0141399953154986   0.41341340811301125
5.38522572256263   5.9063520484419   0.5774778429134106
8.221345115840121   3.7885676932206924   2.818489659928617
1.378567160089263   9.395073120834276   5.851380867443861
7.704527627433974   2.8725199504740924   4.0068636783125475
6.720985143963221   1.349606087073321   0.9095171586521432
7.899035844466055   7.540674031703765   3.659545407458708
3.794770041120497   3.2757047908513157   1.7782594308257966
1.8487592327108944   5.501081095888363   4.329535122025982
0.7785778063879754   6.075318459310768   2.0030035933407357
3.781675148393728   5.001030020188119   4.854041378429124
4.763079578756604   3.840333879925264   5.87071561776816
9.647717018771386   4.122929495145922   4.650472944936643
8.366996209475605   8.66605570714224   4.478928131729387
9.770670239940856   7.037770641887344   5.986004843424968
6.371200057515985   2.303368228517336   4.01448821650074
7.633780317931552   1.6684603841348342   1.3718827714613986
3.066983837931142   3.603909598818963   2.04351993806653
