9.491516730380896   6.355929677525022   0.7900519511889703
7.083205659978417   0.39844750949075836   2.3931272065502047
5.9957670682557405   1.7611010133510274   3.6427892664630037
4.1605881584834865   5.4489627858775584   1.5248684281712646
2.5276941844283316   8.658221265058692   1.3393790381568405
8.284198290496304   1.4407047839758094   0.7504106223178426
4.110979718924952   3.2100210651439043   4.235203203314714
8.311291721445468   8.881311814615584   4.4354906877429325
2.6560106434277486   7.540955021109061   1.3608361723811189
4.462937798674018   1.5214410948807697   2.985049793000058
0.9834999860256777   3.29168347471361   4.116198618519675
5.933687066824075   3.7859149211458383   3.192884974208808
6.498775835745163   7.439930498121878   0.5325090083213203
5.782450272828797   4.567409066986285   1.9600356940921544
7.736730771126878   5.1279277080556325   1.6223610789897522
8.2044360091026   6.066274228986224   4.74536297552473
1.270205607157144   2.3939372026082375   5.408850237342856
6.1958137780572295   0.3846219879519165   0.6615518742408518
7.78289645823582   7.837905874642776   5.958057445094684
3.3162257898186245   0.10433972160850916   4.720307907506943
1.9370659796515395   0.0421624476015392   5.223548073191621
0.28999949525136426   8.976150387074975   6.232294764880379
4.237626554812126   8.758312349718686   3.2561911347584056
9.081492658164983   0.3826564738415459   4.565611146235943
3.2425424364633186   3.2322073231673714   2.5130388835333752
0.7276493048751342   7.7351740935106275   3.9675470523579905
3.9446124083746814   3.9943797187086894   4.72507989639607
1.6259303629732433   8.062139839084683   1.450328022529119
9.497317358780732   5.149851810878104   6.0598801850379935
0.23182980769297357   0.5754872208577104   1.9974360273808656
3.429018156197068   4.77819649174009   2.3832761526756503
4.610752710150453   4.768514552623706   3.487858786036748
4.609596845806327   9.585885424821322   0.2971383340356236
3.3226583397836036   5.817149523161524   1.093126484622017
5.499222035872812   9.069664602741177   5.661629039868045
6.769987995819963   2.9232877163841637   0.33417452112464036
4.866462021543331   3.9290630316012107   2.821670828584282
4.842766867670454   0.8585322256851569   0.572048309973032
9.416411270411645   3.632730949815561   5.556400174273262
2.398284017837457   0.9885788737903765   4.250408420342925
5.328921653725112   5.216959194438645   5.6503998162673374
0.6698652122524655   5.013434624486484   3.3191339260804753
6.751001544994482   8.363387398263068   3.802501135949202
9.32498942693238   2.8996469029601157   5.433001668702323
1.9332339256762499   1.7024720274137355   1.725693718975701
8.198892077086306   6.984795605636125   5.536112864877993
2.6577166027655523   2.296745731331709   5.51250397765054
5.638927699178429   6.957444494056266   6.178949560690849
7.231772186420437   4.172007129959323   2.3569534624214032
3.2954419973826363   9.130797187523097   0.6754608266527076
7.47695117574201   1.3071098461038633   2.8327494144058356
5.0046932300115134   2.262715281414769   0.866672735996827
9.719927906899922   7.974849677706796   2.5364816636530723
1.744364175607183   5.195507844668774   0.8159316819852289
1.747223201846951   3.9469919130839886   5.553466140473639
0.26188578451133737   1.4983708581521722   2.115435115068259
3.84793209728147   6.617027646150249   2.9702395914424415
7.252048672522294   2.1594191133524223   6.105878850370758
9.795768437094306   4.345311249946281   3.7526934617831205
7.875024282093416   0.01928269283672357   3.388662627397142
1.1448298069705065   1.1110931614918371   5.608824353116524
3.646199541661707   1.46506945630595   4.01992375295059
8.12716442511582   2.4731397326393947   0.6369286109097053
0.5309778813852597   5.912286857385313   2.027430421309619
