8.37858651876306   6.149912008801986   1.3324743593191428
6.272411580243948   9.488362092625502   3.6354228696029276
4.692088247317278   1.787345631622961   3.230556814269849
2.882440321545895   2.436467035488528   2.7074738759665666
1.7816348362693537   5.2602830490155155   0.0903108588643049
1.1477248865185752   7.134649917070615   1.6515553109611045
3.0182158078236734   3.1563088643608883   5.6863272662869075
8.802807058485536   2.1503868680160325   5.0941860346470795
1.7948673512147209   6.051691298109819   3.400001625076885
2.7905056529569063   1.383575909276195   2.7401304693957753
2.664647791707367   0.4582428036010905   3.0612506672655218
8.066871378112937   3.962944247679561   4.172927355426109
7.547338100105364   9.423921478077212   1.94574158917541
7.20193494761369   5.279388029882918   2.469164498838217
6.4775157052456676   3.2525104937195364   1.5698099366436595
7.472268798148652   7.994454625173051   4.829259345651328
0.8668061511994679   0.8550648375028111   5.268457839113597
4.172969312131175   9.26589625135673   1.4468215812425855
8.416039119808936   8.133172708137646   0.331197870275718
5.57315657139695   9.015674530708868   5.536412541988556
2.059961686289786   7.321446197305837   3.2194979666933636
7.923279124912346   0.7241981057130217   5.490358743190389
3.0744375442330956   6.948177545787892   2.204307958366717
9.314900495503785   9.628423371537425   4.004943207922028
2.0126090627760336   3.1948482952522457   2.5907994100866
0.624763346209297   8.407017088861432   2.5459988995346157
3.95369248860333   3.3044790591826603   5.167333074781363
9.129652381008661   6.473231074078539   1.7771945279652461
9.27415546725941   4.766154650338966   5.7491471656486395
0.9869526185431526   9.350850216761977   1.6273840380512903
4.1811776393013815   6.554088682328989   1.8488065292946054
6.303902196271263   5.58739453625017   4.5080116344162935
3.0611375968652   9.395677347286904   5.0106582940031625
4.557707806655317   4.661723201662949   2.4266648302994516
5.68673023758994   6.437593581024399   3.5318086712734695
8.383749258274198   5.267168171723173   0.06772382067236027
5.81861337875909   4.14542964206993   1.9828602781769522
4.6457332479113695   0.9208669711423805   6.16994476777018
0.5062562651427378   2.21032215128879   5.671065050791276
1.8096206267789345   1.0396187043317404   3.006965596675872
3.5174979407741622   7.838058376016229   4.338654397323444
9.476529684063317   3.564086247951734   4.9438030001541895
5.6187100128763685   7.395739246198882   3.8730626376440065
1.4693954875372435   2.5026263544617064   6.149614375401766
3.647222160946851   0.41585533565518706   2.8090980205042526
6.8066536836065685   6.632129406312883   4.682322177428878
0.3826374680852171   3.110097965902376   0.585873789307916
5.485304073791815   5.388042092997824   0.05320492808296168
8.154692589734882   2.9454162577627843   3.4682419048571003
1.8428193053745854   8.738606374341106   6.070350056593083
7.936855808274121   1.7696705416560392   3.691411647164577
6.876177719033921   1.7585210510517797   0.034868635945273674
8.33815768458811   6.998961359985393   3.3281237702891717
3.4325987189768856   4.239065374128678   0.9810700919856152
0.6325018075943633   5.669030038671648   5.071128505995709
9.214675336894652   5.605130044365715   1.877459927049506
3.8253744831522765   5.608972674943938   3.773444299263714
7.39612330030142   3.5139410365819073   0.010905020815175637
1.0183801538311053   3.937088521206195   4.362021186037576
8.79351119542674   0.662784293328143   3.9144857989030113
0.22037255541640446   7.355294164241403   6.207916992533362
5.722160091868246   2.6012478207789322   3.939812902108511
6.855378159876613   0.2942554004663177   0.288723336286435
2.9255060675515008   5.288624346666324   2.235540550608188
