7.8427518775842975   8.876662798806363   0.9519656071389889
5.145657447054082   9.367507738121361   3.3485974857650977
7.462326995264562   1.5289356079933727   4.234679490945015
4.418047719875863   6.101372310662174   0.28333855575482597
4.822530963233693   8.264770619535948   2.5178005425730947
9.126030597667363   2.100502979392064   1.3132665610064738
5.9489340087699345   3.587851758321251   5.340439477931278
3.292730995988808   0.4636873080953093   4.56861267202824
1.8146956029245827   0.6684443964432175   1.3276673719066072
5.341927059554731   1.2596006424804123   0.24448470142336212
1.0927052391863534   1.851665900812474   5.004369386199977
7.015686169877616   2.8052716002236533   3.1469355231090095
1.4071771584696666   3.8403223737408405   1.6131003624300364
8.180789893234026   2.943951132722536   3.502354647934476
6.533103805669445   4.080039843180275   1.7372447316725237
1.2790178957819152   6.238834186927365   1.6948376856966039
9.022228113205982   8.93024480640483   3.892999881399946
5.317920665207221   2.628794020771272   0.7086064713169029
0.43187791431118044   0.23783033910389761   5.517448876675545
2.030863651382759   9.528067735026326   6.17030039000945
4.600653211109488   0.1570006620702581   1.2862771236487434
2.602783944288898   3.8233218621135983   2.7368805171402757
5.349321925424155   5.837391297114131   1.8044473980474922
7.480755404226344   0.33914196667246466   3.2985528852311794
3.6026927856774686   1.4704431535988678   2.8762062026468764
8.298242733268955   6.601556167483929   5.140940711444907
1.8593915234901361   3.2620363433088615   3.4212608437610936
2.1519417803384666   6.697213342413679   2.9350103615108605
1.7149629736620833   8.789853853166905   5.342980143158472
9.36825163854313   0.45418841109870584   0.25052378614842213
3.6924867439239595   3.591624243085945   4.130781891998631
3.6295334068444127   6.418766961906954   1.9118776359763827
4.392207384493997   4.634656021540465   5.6948657269074765
8.57890920936206   5.501940959671157   0.49971659356360026
7.095888133172713   7.714446783285354   4.524987859878224
6.140568906966109   2.120019773933102   1.5241843618937854
5.161393116427422   3.726894161704218   3.736031725746985
5.204433592154926   4.9547766009603915   5.744006953433293
3.5514364506825022   9.372481602029374   4.87164308499278
3.1731015164614775   7.303647757830841   4.919972015166169
6.174071722455009   5.15232451091709   4.530757985394649
7.116527843865322   5.871514244310118   3.3811080755793004
6.069570994245334   0.22507825342382048   5.243187016867171
0.6525102467780395   7.3713898763384185   3.9708056561801297
9.152815226443566   3.621208361308866   0.9527571385542675
4.671744987025602   7.118848545520333   4.706035182318907
2.4460844147598113   2.1603859895910906   2.3502004093407924
0.859847001137851   3.0437528683598867   2.974399536930612
6.024604162619204   6.6016060631852   2.714316971201538
3.8017025128440296   5.554017035677894   5.772338283319836
6.8549122298500915   6.728834400772589   2.0439224885879628
7.1079232473490634   5.024918477745527   1.4707618295630167
7.11366851797669   9.410695565233388   2.4561289801537027
4.409425703046122   2.5374756423338765   1.69252451625762
0.6413665981916333   5.229191637355762   0.956580735870567
0.8336085786053768   4.324832418519689   1.244306526767572
8.750850700748677   7.611843977818365   2.693799984806814
8.11127940929352   2.0829304744535664   0.8931115003494727
0.5957632535247841   1.3327331847032498   4.51062803653838
5.621893081306238   8.297604314601069   3.406513542079854
8.707482032451352   1.1546877946587162   4.481460050565062
8.670533613394282   4.314411753803238   3.0894704662515733
9.655693061633531   7.098677156393164   1.2898959136753072
2.913609224695767   5.298471060991826   0.83996009339293
