2.514634245073989   5.545523022797602   4.127727304235502
0.20321862559921988   2.099034231816285   4.203774681067406
5.977767897087998   5.142353399534461   4.383729910607799
4.565101211289812   2.5401957236852843   3.9557229758649752
12.687914848708589   2.0760775818101695   0.13796010962581626
0.8809134210486744   3.765523517385414   1.7337188552963785
13.24137664212412   11.650962813873003   5.599355670781855
5.07796890672537   7.3471752084589   3.458165626338743
4.652971924789036   6.149405021577776   4.6840328219449345
11.127492151365026   4.748998168419019   0.9392419930129647
0.5325731474822089   6.899502679903413   3.6104827499999286
12.659752932703054   13.271772820259269   2.98785571141888
4.885244158630312   5.087343613612533   3.6200398751153395
11.822667576890131   8.945344752568365   5.125722486873772
2.760091721792874   10.746997873807675   0.20118439213932368
8.421715263540305   1.1064995622567873   5.500692535744489
0.380154074726734   10.868522394269224   1.845888412024709
10.05905905071436   1.2081000427747592   0.031123206511129375
6.262142313695428   13.119071576975333   0.8324107346138618
7.053683787022059   5.003221376239702   4.522765150601959
12.654947344530093   8.096060982476693   3.5325326548020737
7.434797125723928   3.234532694578237   0.7500616231018387
3.2794733574913297   9.405569139046367   2.471974605136646
10.91744220464985   8.316696782982008   0.2041816236892944
12.174667673379618   4.395329500214457   4.8483323604150925
13.757014128890255   6.885865151444849   4.306017846326442
13.899020314313937   3.9444611186214944   5.557838903154235
7.51181995843003   10.342575191121039   0.6585731319841646
12.750061590410452   0.22364714488897647   5.136422967497479
14.090157254665092   14.351036016161288   6.205909896296397
14.390576705914876   12.090329455175965   1.6476348208466391
7.658724077151423   13.382915537611765   1.1061497430036225
5.885999613444454   1.7684082621376072   3.030771683039533
13.610030422898198   4.9881219430631845   1.9969543995684724
11.144779976487193   11.986968792974888   1.8937725012850266
8.652422267463386   11.90862465121135   4.591642323966294
8.425273437030826   9.30653271970359   4.799890788193438
8.283082183956035   8.258778725673347   3.963552295746752
2.6928228927299522   1.6387499483550712   2.7303575182215893
4.564522040405176   13.563221624056883   2.7822049877258306
9.390243190727102   4.449872645241328   5.480329183346296
3.1008829692208546   6.761005089189398   3.9799825916652445
10.310807344951261   12.9899974974156   0.9860868479728775
5.953231786512705   3.801021085111253   4.234389761981284
6.862861982962588   8.35100064159789   3.6548400258484475
13.463956550147145   9.801047548314326   3.745930617399287
5.729903302234821   10.953624493370794   4.1642478556984095
10.373256727255294   5.951323948599305   4.6945686858820395
14.110595868711393   8.172877769412159   2.153858328279368
9.565519105115742   8.887771454293242   6.100910417282767
3.471715646111447   0.7214201468841133   2.155307118804427
8.958793578353754   13.020424397678266   1.8354395955998848
4.603876867508533   12.36085647596031   5.298926934453686
11.529703203949879   10.805516556197196   3.1458585052898718
1.721181925931129   13.48949473568229   2.088560174561818
9.678254170053677   6.9532335909939595   4.328962851305765
3.3209989751828215   12.256051011461853   5.23267342629084
1.841172419488308   0.310488454667561   4.600990803878615
6.968760948666987   0.2906233608739982   5.302681662862702
11.27886222192279   7.011343789738138   2.5998889502911693
2.961570887373569   7.798900911980854   3.4412161698909665
10.287279672791941   10.026190812807783   2.0611453974066634
10.594353347185463   2.5968324242658554   1.2331864829099013
3.2072633291214805   14.039780046710579   5.653280637588539
