0.9181713586888984   8.648709018222668   4.200355403740411
14.048896540253839   9.407363201499017   5.486702669520407
4.5824989438620705   10.562078509716798   5.3418855882552005
3.0548806266830333   3.088011034769255   4.0651846843445725
0.4608735661500203   1.6268816764589138   1.355922296406333
8.216160775344395   0.873471149744895   2.9135039798928726
10.388190258611111   4.425559157545401   0.15400476411615455
9.715157665965274   6.550205136857781   0.06419712360218202
1.5729586378043268   7.050337788150805   3.649495049220792
0.8294057779828188   3.519134252278702   5.881939009795663
5.952082182404675   6.095466993976316   0.8073594125973129
2.3124352337255325   12.086113314593458   5.79360258117506
11.80500246083619   13.18312752820458   5.986660498015479
11.850258190053141   7.90396806537474   5.664606675818252
3.5267386782604193   7.355993507155214   5.8892939104744775
5.925960987602819   4.939882508668333   3.694896730985649
14.334904825816972   6.545090672129717   0.824747435158077
9.373611224078443   13.092949394210255   0.6415706073862725
8.125196541750643   13.598123704244315   2.0144460897767438
11.577429719831276   12.075324686590838   0.2307618454156224
1.91230413206656   9.630291892371257   1.9730867501894496
5.879861286380604   12.0391640703783   2.927831707286588
11.340653605724228   1.206816737263996   2.782255976826336
6.786151416918669   10.903285403619277   1.5618125363141657
7.333437074711528   1.9651773119686018   2.936055674231646
10.304671464017625   2.011956058065763   3.308582181218388
8.518929400068211   11.990631954773358   0.7495790814717378
4.318668385500558   8.198218407125761   1.4609167540113024
13.214017855393466   1.5834141182036712   2.001251798641285
11.866214310911078   9.499312225030005   3.504683126314641
7.97377916304198   7.427727831920156   1.6850645889350298
0.7438841241105312   14.183940341107677   5.882436157557724
14.259519670470347   10.763676005410577   0.8499451273181511
12.378119113959944   6.516663027766444   4.461132722843117
3.868222231574432   2.2508875875026257   4.438011950360627
13.799265808670214   7.641061406113007   1.5288851768665481
7.972041929694325   9.310697419817616   5.458723582984657
0.5645919715311507   5.601084411120586   0.5756727762624688
5.681876008841175   0.8969829603436892   4.190254869834036
4.4694451886468745   12.750620090185441   0.03886004167087531
8.73297165405203   3.840511388374237   4.764702298188277
1.7025318103776161   11.003841957351082   1.4179660444287163
11.67996594182969   5.171231302403799   1.4109303239354423
9.987802798028458   10.807440972853751   4.645099728884331
7.338739557242771   6.320733093098317   1.5614521138681874
1.7419067503428327   0.9434217943688453   4.93208309969414
2.0619103634180282   3.5804107481750442   4.676957262182823
12.108673935626706   2.843191343118138   3.5361523985755867
12.952753884659412   11.064124598077758   2.2933139166068437
5.619884142675779   3.8703905979497986   5.377045186682593
6.909837382225603   0.05894633420666667   5.557798759724188
6.602106125199288   3.1047834795075   3.3451706946378708
9.200324422952182   8.230132672413301   1.3976136531470338
13.446107745352084   3.718082089963194   0.7212562334469148
3.684261508925127   11.958127223343451   5.925281840271876
1.770290735516363   13.838424377204888   0.8736030238160493
2.3041757392594198   4.628777737613197   5.458011786297429
12.923797985226777   5.185280007515595   4.111679118013638
13.729876125060052   12.043381482037018   6.1409776324365515
8.624024444530345   2.621680948141437   0.28538545818107275
6.027012859702713   8.540899919614406   3.3457732255261154
11.334958658003487   6.928054344256289   4.282216288018165
9.234976090515573   5.540492327155609   0.6682730306629754
3.1914497031997384   0.39070119304827766   2.632070246136291
