2.9880126975250088   0.4098134336247544   6.169443255644145
12.34627912715749   0.07861368276058406   3.9551479308008086
7.138305123004273   1.9655794555310921   3.4632236473156737
7.37481101295088   5.526127857539998   3.097338699788808
12.201526210194597   1.7163035683243628   3.708262650200119
2.8655132889171893   6.186849996730094   0.9256090930356843
14.05599665839617   9.252344423004576   4.997335359621964
6.879535740832634   10.458645477168352   3.5786590759936447
5.127453080320368   4.9088193222285295   2.777857615847719
6.794202899257455   0.47413977632369764   3.419488340995566
3.8002977657801487   6.8932325349466606   4.8295740985170665
11.34124170953647   0.8065946244696945   3.7736952023656958
6.165530359390495   5.872504047967814   5.234541687447731
12.823066551170633   9.973616389579217   4.643486926529129
4.305763354993927   9.215411667390837   4.432177338335893
8.498178800813458   0.8870765953465223   5.1449677479160645
13.159271354107897   13.49902953297784   0.3416499863008601
0.371611972258618   0.11680425585806947   4.26733620090362
9.36760399402887   11.153129980299523   0.07726421755859705
9.588708794367962   1.5691462944348333   5.42884899552346
2.902511936662183   8.041671142023535   3.3804028641968693
10.69405534114245   14.271972236556982   1.0535815263482429
4.733090778931453   7.7387109006816726   2.478243026262129
5.3955042690743795   9.45328515145844   3.100197599019668
2.305049541796721   3.379384477478563   5.651491655463797
12.917951932154839   8.073014600375917   3.0752065519091736
0.12934217712563978   1.4370886940459622   4.6659041230089375
8.138022344796044   7.57481151750448   0.4532963387939164
0.3204670413477618   4.02102675132039   0.13782099000903564
13.54328641215485   2.4626322395608646   0.43341943959550044
13.523430910300943   11.212497206597037   2.3815199222514907
5.134442041489174   0.9360000555081238   0.1125013729246654
4.036635898850209   2.905322500423586   2.4432228449627638
13.59600829231136   6.888557590206647   3.3535269787197843
12.185883376544187   11.584481644998196   1.6091939135401103
8.9769038362293   12.165614591444351   4.743066635573314
10.67808493576528   10.919936549087858   5.055918778016373
8.466853462174743   5.822756747675361   5.6622258944121
1.985530830535429   1.9526623855565717   2.582115535229254
7.285470834127934   11.599835234222295   3.3088377118119414
10.589293924446167   5.444384582408792   4.037939595683862
6.784145501822716   8.175264840614458   2.8811184318972596
10.388703477965082   12.519238874500353   0.7907366455593359
1.2048331888216839   5.752911632423617   3.139781836571411
8.01741663685628   3.3872696652033314   4.353873473694917
11.42564730262722   6.916959553403243   2.6266713087325337
7.058899090133749   13.188715338524942   5.283612585162444
10.865513631143934   8.385938476617637   4.883480865868841
1.6092637720083065   8.025160303717563   2.567668144603235
9.736862317615987   9.850939634279676   5.429167235319251
0.8766071351358435   11.2061326667892   2.2272945774926427
8.241658407204493   14.204691475318917   1.9986448156677146
5.592970213893155   11.849326905004673   4.29027045662711
9.7193158536659   8.226283454051815   3.9402182800590198
1.889633416701913   9.073150253331361   3.508964920376296
12.808655195442316   3.4304868525696612   5.474784165991302
5.984247614193158   2.641197165877307   0.3282919074895404
0.8773822270654168   2.8157845476512264   2.9394102061139287
9.442523407295582   14.06273799321592   4.674952106588411
14.164334779110407   4.91168277779227   1.690323701293464
14.24209464002014   10.28738395879253   2.8615359017471604
11.722054481381662   13.01438877627772   3.8318935471515165
13.044139270419404   5.6116538298303045   2.0582810487656165
3.933921626951527   14.063724337494746   5.490933160647834
