2.2937997156081917   5.307264226466494   3.264195283902979
14.028785657080931   1.520550986009785   5.357249913038401
6.966186125143793   8.10750039950286   2.584594563765723
8.538014321952762   3.553786071950576   3.993028363328435
2.6466137148852438   1.1905989543241937   1.2351984283270254
13.26124180106192   5.374098915736374   2.1066910459532955
13.225320922704537   12.066556059803856   0.26688793096159646
5.7568223861192696   8.729744807072736   0.366490982755043
6.59680047254927   6.743445705381898   6.037345137332635
10.569948868846536   2.741615712095425   1.0277287884903412
2.5367320869380654   8.05106146996315   3.826713684397635
11.50702082480001   0.6596976310717325   2.2909935323207793
5.649470901111861   4.572853076790333   5.684045068469128
10.11041347339767   12.347416519196193   5.070665996265024
2.178447670721619   9.86170817960138   6.258000673563238
7.163443378139064   2.1154568013119235   0.8014355425852139
0.3629618574927628   9.555845409375262   1.5193993246370825
12.792119480222112   13.850774877749608   0.6057175310215899
5.881357924399907   13.861371451290943   1.0416000944916166
8.325630797875741   7.720874952211533   5.053598605310936
11.98922142061364   6.555629170180332   2.7635561581067978
3.920655037330228   3.4319649217284156   0.4603647416894733
1.4076861479588345   12.288500664134851   2.2756019205166234
11.142324099400152   7.264729447053118   5.587576031596849
10.508335897660753   4.328875877848245   4.103682556440433
1.2604625125425564   7.0559952700709685   4.840297471183537
11.98970057240914   3.7168948108855715   5.333156862943743
7.894682662935953   11.405595449947251   1.327912947171321
10.39060487607534   1.0599354023536083   4.34255857973577
13.50463788517558   0.41022630409142   5.347098630354273
11.953533894475962   2.0782271106861407   0.5673980945464294
9.258923716794966   1.043477238661404   0.04480289569235636
5.230615529373185   0.8233978352691965   3.359771219569764
0.8934661449451384   6.0170134238227515   2.6592729786506535
11.964558801694686   11.253063531078082   2.054915464621995
10.297818426473   11.161351022679405   4.518176032132994
8.154602000538967   9.682696372679606   4.191153288550029
7.538977314080673   5.139198342051196   3.1677107390779295
4.054952735166251   0.6895825686579903   3.240380945568897
7.009686820941608   12.78730310354434   3.430356921618463
9.06013354577867   5.250498261406101   5.363656070078545
14.344680745217248   3.7632019929595613   4.37888857471175
9.844890372082942   13.409282624277264   2.8041294527689473
7.2937823731404166   3.957481480108177   4.218066631553748
6.258932102028374   11.396214513073566   2.5678422500565583
13.176134752550697   7.8646363417789855   4.053589372978023
6.173110303560333   10.004290532379663   4.7566686522515065
11.330938560437453   5.511954624649563   4.655793043447564
0.6921806116425983   11.370258404338484   1.4869009934218933
9.446183065405869   9.134617877174938   5.881718094998846
5.145836753324436   2.9638388100417132   2.099958356610617
9.342387007708476   2.55083170264527   2.140763108261291
5.162023639587664   11.476259462977971   5.651564907384604
11.827206326930265   8.21618151964596   3.466859165748289
0.553374754044396   13.113961754137765   1.5392859800545726
7.638339863367174   6.59234038590144   3.788009442986052
1.8176473126502828   14.139327387338762   5.101911175344498
0.6528944412582423   1.6923560230404464   4.064906985772379
11.313525310179982   13.708316585040796   4.931379259454776
13.778206363494512   6.324870329873935   1.3562566510984853
3.9133289789339054   8.864387531738743   4.22356907016236
10.326747948342529   9.763755740681784   2.1102285695650482
9.503820917727827   6.236950215625461   6.219422613293314
3.9274386778974506   12.917889881498311   1.0475615187848168
