7.096644899059771   2.2979512932034742   3.2412824123439505
7.713602336114676   6.439472223594702   4.727895395705312
8.404463602886755   0.5321080892471628   5.115728523464053
5.050193273130685   7.767509241651134   3.623090909809292
0.19568659725400525   3.583974310247267   1.6958486601993095
7.568567710922802   5.42824227523444   2.4927704408639677
4.446068617942174   9.323197819607888   4.143638445519574
2.546234421618409   5.836653268865617   2.1175813247781643
6.22579328261135   8.180662555727702   5.076453997015272
2.0389025110524686   0.11441545929901059   3.2456777124275744
9.724366376982061   4.957835596656152   1.3079388266440315
8.612394762438536   5.9998841928876745   3.795444154142371
3.386844950445751   4.533519981674505   6.023214215405985
6.321793666289315   5.175653631168073   6.105282794085972
8.44495607245694   2.404659159651923   5.538446566152823
7.059971353180868   0.2571346714649285   5.551460260667357
2.2613362049946617   6.838106980866878   6.030538875063839
3.6699170871147904   6.650477312554103   0.6047766033822657
9.648261731405594   7.130083991525671   4.300056440747123
1.6707955942607957   3.614506007350981   2.435130586976957
7.27572339157954   3.5057833286236244   5.846012581816846
3.4047296605752546   5.575338116125245   0.16093896371128913
1.865927919498112   8.862286256130696   2.3201750129134147
4.888058547544581   6.908993461068645   1.0841603366223063
4.397363990403622   3.5118827730177435   4.046528380530435
7.311073366659659   8.070103717062326   5.784220548296375
0.883622913539456   2.795612995007224   4.831105068949523
9.47622728199182   8.888312499917264   5.245463564233016
2.5361332233906033   1.6047783190574796   2.4286901129510587
8.856500529670342   3.912411690979747   2.5684519227648446
1.4436018666996517   7.868576310901851   4.916130190604374
5.237644476407921   2.347699211089013   3.148459653981393
4.022795943214418   8.453068872417717   5.898481394743125
9.74895424927237   6.215739641270662   0.8953341958453714
3.295948950326878   2.522557220348566   3.7838696144268504
9.330656932126644   2.3245481845692364   4.656885789092856
5.796248931167542   7.041254876820634   5.144853765448867
2.5846202953311543   3.4130383704947955   3.0276730755069443
5.603600065811249   9.622323198592516   2.2304637076308174
4.400648292972438   1.8972879968200855   1.0060187093604485
1.7059855958959376   4.831264170643351   2.658980671081583
7.478234573212954   1.1202022337324635   2.3188162472344582
5.626564459236881   6.191715447499807   3.526457748879982
3.446023272688652   1.0985581406568152   1.413401649884008
8.240706896542708   8.712797226499552   0.742458116965552
0.7706061732618765   8.617571510730171   2.526715026596351
8.977489244309819   1.3109127519004704   0.02298407974432326
2.8165479026527427   8.436304742670051   1.217337423457081
3.049225454767611   7.246782682770419   5.542085664792068
0.9126246602331056   5.8172912663647125   4.205319963638251
6.3565707850426945   4.2847622583782305   0.40748390275543955
3.104812444564553   9.279751048314123   1.9745722529939882
1.2103282461056784   0.7796699133372182   3.921539883197476
7.56949608754392   4.47883015171262   3.535574258694426
0.8281084982584409   9.493169040374234   3.283373374798496
2.5125454826246063   4.48659431950901   1.511548389406491
6.46639554458286   1.3216122417032634   5.031289828624095
1.1032135059520558   1.7784247644387023   4.165560390771168
4.9785999380919375   4.293932860106727   4.967287068609735
0.8853617381589285   6.658214493494072   5.673963657994094
5.550495569985583   3.487529973316773   3.203617862905264
8.773206512881067   6.930649670439693   0.59079978235495
1.8573248735460726   2.592988676387206   1.9690607630779238
5.3525333052072765   0.9550726521165614   0.5666891601790973
