8.156092381508614   5.64975583487307   2.966838241851403
8.96972574229681   1.8482000054418906   1.9682690794772115
5.379043535159779   2.909293528142906   4.702328826687217
8.717052890649567   8.313482195764427   2.973771100933533
6.3062311472492425   2.714159802812689   1.2481135344932917
6.977643060091011   9.595706466638735   3.632132510432008
6.143984490444507   8.853943564090965   0.9253900424600028
7.9290460575810915   7.044267450807397   3.0646574599084695
3.062853296781449   1.0932566234766044   1.6563065512428294
4.2728123957553095   9.339483693716376   4.234682728785915
4.224559904885592   1.087226058926462   5.405089204077947
1.9858438304972155   4.304510051403343   3.256670423523633
8.96774212617108   4.646535819342368   1.55710915332762
6.542453972025792   6.798923465393839   0.07361530138111617
9.608219692109357   8.528001795420016   0.4226469973457828
7.820884636328332   8.856077361600244   3.6251761031925143
5.254597539530393   9.384992501208828   0.4417350316138492
5.072669572603409   6.735361329720301   0.8885373977956016
9.291721951588864   0.92912658834044   5.3144451849036205
4.18181184636061   4.9794581378764144   5.902653569961933
0.3864003402321804   2.6420593091698223   3.521939033228091
0.8998979214576703   8.785635626678987   5.52429996519911
2.2181278985483464   3.4366368292522695   2.34123898083
0.28806944359367165   7.35897608311757   1.4712772852703306
1.65027016241509   0.48677362383305844   2.893373222670085
3.7353662379640884   4.142138988627673   2.3000826660500455
0.4062061718281537   1.5900865765749275   0.5973480426192053
8.245244430874983   2.732893573877846   5.438579575241454
8.916788904280578   9.282935361113333   4.512030670695256
8.093297963619046   0.05852460092852019   1.7119471381480216
0.34253756375058697   4.283821359022183   4.350286610343702
5.4903913504155   0.5196709125574374   3.8570816082304615
1.7314845655249997   7.528161736224838   0.17400532240548872
2.6441504167988414   4.990102064654359   0.5995456149538044
3.3750738982236723   9.049275355061122   3.816419333613188
9.092734798213005   2.8212104049349596   4.9796848583184845
9.078151288054165   7.2167904184224225   4.924667627765118
1.5713523659879556   2.0462919308585623   3.9901650269827056
6.050441725795511   4.533846410226787   6.074556871099946
9.064954281032838   6.220840379568688   2.034375926338845
5.44481962510305   1.9139981316685648   4.1939467052585915
2.7263268204831492   2.2966524308685936   1.1268793971773168
1.0195432799348019   5.7935586170048605   1.9481450743382853
3.660052546831623   0.34212643721543207   0.1316316997723095
6.637403682837669   0.6105328291023414   2.5027810139749813
5.075157697970263   4.623536267379174   1.073333042963094
2.6032424021637994   6.290963271153171   1.420859127359923
6.879827385320264   4.906562797988975   1.0085921895079375
6.823620921053057   7.941545298993763   1.1105200035601561
3.282027197627256   3.3123956649953143   4.329050225868279
1.0839539746326043   6.643297067912239   2.5445528558480026
2.854218086200875   0.03156158729063563   4.98542622822752
7.515270953997748   2.13225484018478   5.532539475439757
9.780565247575296   3.447992866814434   5.371556527279371
0.010788568206714255   9.475105643130851   3.9068567285913014
5.053703058775325   5.543343780841617   2.6905345005592145
3.933640994695079   2.705471106297344   2.5529892364291786
9.760987017930319   5.147149348879391   4.813859385329937
3.740696693092867   6.065030224384539   3.038591177891745
2.0245387913341117   8.827888936117645   0.6901865108438119
1.8429822472724962   5.8505164275256725   3.7706016452503657
5.298011371002347   8.21432345625235   5.763260167432489
1.327466928679976   3.2727741451223125   2.1624483645086476
6.3214105315449896   1.6254663820268995   1.3486070952234726
