8.353944225524153   4.342148346579947   3.6462740760061836
8.047153502058766   1.1583273806583723   3.5312067813237684
6.965875560446011   2.117413227849516   4.710112210866061
8.793193511964002   6.479962202615137   1.5184763246076511
9.163630719680821   5.532521778727047   2.1906177525421953
7.791412528483733   2.770152852363886   1.5338542482458204
7.0783375466680605   7.817148593542284   3.48746785641676
3.9683912598510034   7.449339676991981   1.1291191774608822
5.859823232730241   0.7501940685562961   0.05848878967723525
3.7209005632360728   8.762594321308104   3.495324840139072
0.6475377864778932   5.731199577098659   1.8149518620443146
0.5834209153681262   0.6538840153344316   3.478372132830039
6.910347616194266   4.109585924477269   5.00602021529521
7.704375456112596   3.7075225679285393   4.9589620169413475
9.436601861036028   1.9804410246083413   6.218648583970486
7.24159856645608   0.40197310375513495   5.319817432502563
0.3843705493775392   7.513141947191857   0.8824836072783082
4.8908750168884865   7.606473961267937   5.576917222056191
8.199647943360768   9.179964469780968   5.165909912288113
1.6146876330001558   3.3055842720499777   3.8645175567475265
6.391009101049952   3.23780549791201   5.581687105294675
1.91594072803186   6.3589586959440965   4.566487542870477
3.2859294799971077   0.08282550056022586   3.21744294475867
5.454597792981231   9.57892838446681   1.3202157870219235
4.104620039713169   5.0851127509271405   2.910615172343168
4.747571355855679   5.927833519287562   4.8704510111265815
2.625487701061556   1.8842527324406664   4.976884770037567
8.526492025368496   2.026531284309768   6.031074716546611
1.3609764405497362   9.457343385825142   2.6679140904976695
7.22041676567883   4.959462545864567   2.9065358280982365
0.12003544463456062   4.967328511342329   4.552814650215173
5.568207539895707   2.5778243154579936   3.0303922874666642
2.9035950050846893   7.065277981000021   0.9865022053074219
8.70567268628602   8.383468177383884   5.448929615353091
1.4849978163486917   1.6604452636747036   2.9051816261971424
0.9389732998497332   2.5881655927744758   5.873881720941755
7.728807625637265   6.583273539070341   6.075802997068159
3.2241275154806868   1.1492810706797207   3.411160834481401
6.119359442386176   7.522375832479994   0.27886284647581727
6.396374141165476   9.396352762597662   1.8518163215424457
3.0802244912644134   5.956726453591446   2.5218044917823854
9.502995180737381   2.869569332916665   2.5030050627032328
5.167136555407401   4.36053151143602   3.375212055909542
4.495665781096955   0.10542024750562207   1.5476389410289615
6.338958629483458   6.582855550510689   0.26505622445562443
8.390178472757542   0.3389196004936194   3.8427075769437806
2.04725260890542   0.5177462957124528   0.9248447080857605
2.039553919099847   8.840928472583608   1.0144803457022156
5.356051587135629   6.741938268184007   5.1306379051683955
2.0452895612915807   5.398573271996591   5.262226036188994
8.227229341875663   5.677868844151998   6.2489895882825515
4.591323369719222   8.926867102646055   0.901851836464144
0.161945394542095   9.176145430275554   4.0325657293031485
1.7376659710551894   4.529587673581507   4.689734425501043
1.5651968703549946   7.982576651181189   2.595643853672553
2.6222049257955042   2.770884628460512   0.6912555392429263
4.102397755681125   2.3413552233270027   5.202449989024309
2.0244292229652174   7.2177978161907825   5.835557577871762
6.068515663524316   5.154813507911422   4.017545262828866
9.50815946754468   4.08190279671   5.091093745309698
3.4487022442162827   3.1121281458509658   3.3734505201573803
6.163422761594562   1.6484553922767777   0.7297148531952826
9.486751546094116   0.4392084959754068   3.2133690944816777
5.226520914893184   1.3117171317971579   0.4579368862228471
