7.6671618800001315   5.401167409913811   2.4034304908026907
8.901293024364248   1.5968475203726076   2.1397599140487484
4.638931077479678   3.7349502756272255   5.0987649757724975
8.296919066116622   8.274297502539172   2.9606715841763296
5.607112120441576   3.1900220656075593   1.6676748454261283
6.562705054376909   8.884804796123506   3.8409561664914564
5.5419169307346845   8.61947725373613   1.1006649085030142
7.728097957312339   7.557335071112672   3.294415475623254
2.081000032777017   1.0829755180015477   1.4372755290375814
4.622386051458233   8.678589614473706   3.998607523343878
3.705363595129639   9.66129969045177   5.541314838784714
2.7632314609648425   4.17040407891977   3.0840611058832073
8.69198492190358   3.5661987709829965   1.4649084871591735
7.764248446469816   6.70968247342113   0.04699033231545899
0.3538022510199471   7.791214125618986   0.5387832228378202
7.492981210717981   8.606788514597529   3.4156023806582207
4.616155941461007   0.2239361846593163   0.16646239739553267
5.382641406996746   6.92394269321062   0.6352972471937742
9.606504962804966   0.7519653884741698   5.270254162678255
3.5124971353572914   5.590423051284544   5.438708081266753
0.5134662659929606   2.5372780350530553   3.2346552382907006
0.9109621815480697   8.77639141784071   5.421363599610283
2.1540995493501525   2.5708223801398113   2.553894948166365
9.580661491425536   5.966726696108225   1.3076890443442235
1.039605653234614   9.729066469333175   2.287304143345664
4.34655781790853   4.8677173889221805   2.170321119917178
0.7398830099401912   1.1134438802756605   0.5868185979634594
7.522811763624265   3.2483815671257465   5.593948317295764
8.842218749631689   9.348157943212353   4.155488997897998
7.9293900205142105   9.62773928366813   1.5706207223587816
0.7007144718248358   4.424299653093785   4.027125058171318
5.937149032043329   0.7285695849120745   4.094446626445426
2.203343372957303   7.268199970341821   0.2773431220802513
2.4781195281249158   5.170406161104386   0.6737947001639629
3.779584874215623   8.22753528660929   3.651066036508257
9.323589694036956   2.6014937330223558   4.842921577038384
8.77073934317081   7.101426034553034   5.0761146306101566
1.5214484832892727   1.8314720173047578   3.4796325415637575
5.456014281338396   4.1664738338899365   6.167169180928226
8.496917421439056   6.106965637901463   1.6807945824452708
6.143833599947203   2.0162423926689157   3.561470882770626
3.4755557845878764   2.3998983865595913   1.5886833892168295
0.8201630937088836   5.718965394018049   1.9684761878318047
2.948537858648553   0.8114126700659161   5.971315250609716
7.071891246830169   0.33120625826269934   2.5795849248772362
5.391352723301193   5.069158484836203   0.9254070046588941
2.6911704741569507   6.2247636183214805   1.9441003043959708
7.523147788090142   4.399771707832999   1.4572269179940553
6.36824946512992   7.9694672086943585   1.0299210112392605
2.8177150459158744   3.21011382282372   4.420743626639613
1.0809906436348873   7.065425611116622   2.901443911094357
2.791267936785255   9.58805696770199   5.114922822802446
7.629638433076059   1.429127832690032   6.000562539035888
9.745154941031196   3.601989095459028   5.160806595511597
0.21240073080840183   9.476916676017611   3.6860163152338985
5.057958591604788   5.93213190990906   2.771418908810212
4.318823712293085   2.826993668343294   2.516514473689457
9.407357363818942   4.800366491323439   4.926972288930773
3.3061473326553106   7.1353104557726565   2.6472999022161763
2.1440752812482127   8.23886948563614   0.17963389051772288
1.8859150941757798   5.856132413396148   3.7610825573490434
5.238039809409382   7.792011796549614   6.0124881633832485
1.6067243579430086   3.51010924927775   2.427646383889777
6.811640670122423   1.2771869767172792   1.5150837929189744
