8.649405972721288   5.650631545802215   3.7471436512671765
8.56288525958667   3.7530452684977487   1.0933677551227416
5.33488072520071   1.7629442994156834   4.418232161386647
8.864779267715074   8.03407607442156   2.304331493709136
6.855432139534986   4.1161824167593   2.0119037473744084
5.621167873835701   0.6906347691339657   3.4364348055248595
7.883788747270702   8.27276879547638   1.1392537402006009
6.194722463072307   7.775093420785065   3.13520851365795
3.457257085136209   0.42425232343922886   1.6726323020072211
6.360946613847146   9.668424543515664   4.333391265399287
4.31726525147299   0.05567555656666556   0.796844875843623
0.29856495683952033   4.490217065805776   3.89723175724493
7.626663782886154   4.848417156602149   1.0299021366522856
4.730834459111677   8.814450988126689   0.5267278824068441
0.9343598057285932   0.059114283380107935   0.9672485069488649
7.807230149669969   0.26415694284557745   3.442602940008669
4.855380195110952   7.7742432507473955   1.4664369469718779
5.138320310895678   6.868038503535558   0.3031408912785363
8.821196563773237   0.19391407395503774   6.204143898409257
3.2967961750605905   4.179697723655427   1.0406360098105303
9.232590765176628   2.750528595452677   4.687950804901267
0.022324136142782114   7.81044691501876   4.971796441765464
2.5095616537838725   3.6102894487620274   2.476924094339509
0.33112431985364665   9.068295616295918   1.8670752818880467
1.1919168756487433   1.0593413776584732   3.9187893950490187
5.252142665287102   4.22042291085748   3.8137317730323854
9.439862311566285   1.9010905496035595   1.2942051456357684
8.21266324504503   2.865291289809453   6.184442645580148
9.318445156314436   8.918699396358594   4.0613463467374515
8.57361667314888   1.0715618618365448   2.721874214127441
1.464313649525283   3.929356855002199   4.083255100708134
4.415857462017261   1.8143014048149644   3.191734535601451
0.9344109719481055   7.094856526581898   0.0337396428707237
2.3973501768488994   4.914766140097917   0.6772802378285918
1.7246746531281951   8.309125476213696   4.531368246214282
6.8056179462292805   2.4608237479310624   4.663252411395778
7.497899169585491   5.738710349814147   4.289755168426831
0.35272806656335265   1.2362836106945374   4.8270935638539525
6.420211766141909   5.112838262851163   5.943254519914748
7.691453989284783   6.811522770580958   0.9924363155554562
4.660578527715208   0.8619349295261202   3.857216839437716
2.3181834996058135   1.984122677468545   1.9213697928176572
2.001981989629836   6.127513458328253   2.941900708959351
2.6594725501831564   9.74047996153226   5.836806158506233
5.783866253128682   2.536002348704258   2.4778569904488417
6.072218619066768   3.456748539399666   2.0061959319612006
2.97219189372569   7.471289780414084   2.5672635352849933
4.207786068074451   4.776998412711619   1.1259042981836807
6.481967236694898   6.302959223233721   0.02832814629222835
4.3685936280617925   3.248796415821919   4.420136277236366
9.442823239859663   7.0013722712046125   2.0508514251029735
3.7740441652567087   8.54060312957073   4.2407970035890115
6.774054406227764   1.582459234966532   4.754036840740865
8.488950140017641   4.668288464674868   4.397026560707865
9.694634189420928   0.3099395074903514   2.296750373655519
5.2797589953970165   5.692419202017135   2.299403202354926
3.199742399679028   2.936236068150047   3.4733311843394628
0.10452412258115651   5.425625211543673   5.312576994706992
3.948116166352685   5.870576974705291   3.995421755865998
1.895401788704313   7.002265639819194   0.8429709627420388
1.2180748625970437   5.079826457922181   4.430439650975925
6.77310748325463   0.7437767351966857   4.504833453066057
0.7857614732679344   2.0546916556090946   1.1523081463587106
6.950605647884917   8.877907836987369   0.19978765148475142
