7.695148090705667   6.724768341274331   4.642971134493775
7.7872596380517045   5.287657422358092   1.4251338612281246
5.7023207916804175   1.6550744098416608   4.297050163840393
9.03779617533808   7.9034937238281175   1.8526323415277233
7.30766191182646   3.6611986369936322   2.4232024198144884
6.687826906190386   0.7462644901238294   2.663614646713922
7.048613602184718   8.822823471600419   2.233706920363496
3.638491370641865   8.335649277403544   2.346267462724113
3.603582520317029   3.08544679906078   1.4746262127658445
3.7223623655971454   2.0837801157728983   3.9032859220660874
1.2483119548106947   8.410354354899981   1.7055047492404773
9.49935751855716   3.602070481735874   2.7450360127007585
7.536005917474009   7.963814573578285   0.2159358570882827
5.331427062545251   0.5673423485257324   0.03137584966739215
2.3757416609209283   0.7327193537852527   1.5380313423950538
8.633958296151095   9.786416268354921   3.1578797469051105
4.269194156531971   7.539307318286964   2.0332828495980877
5.520205145602633   7.667294269848407   0.0575001807335898
8.512148873130398   8.784549189639748   0.07011408004017916
2.614405667977294   6.511503176209588   1.6746464333278164
2.1248412392544505   1.708078980285455   4.810999912781784
0.3454970333697087   6.718858583844068   4.90048523792605
1.1749516594408818   1.2230564405393851   3.6858984208819745
8.550410349606617   1.7770818808448752   2.4818595057720536
3.7762727077828457   0.47696301136110164   3.9437369004626155
5.586921950791668   6.048857827445951   2.6510839776132675
9.734307489800972   1.8197288981859816   0.9202581219065393
9.324752160287343   2.7275535372655737   0.5004710530964923
0.063242948172473   7.9036286506410045   3.0200471660768775
6.4908407592966295   2.854049678584083   2.4801991699577326
0.7752954189691503   5.643764292784358   4.213779115662442
4.150972065935774   3.910418250321573   3.7665918445030404
2.098298322813347   7.904184320765893   0.5503822565108688
0.6883261901589975   4.308524254822011   0.397504066596929
9.549274142097287   9.256363415099768   1.9127739193549844
7.996687011033973   2.545902566880906   5.645303509228297
9.49472928608501   5.684874662401527   4.758432494461692
1.2368502565356783   9.28344925064717   5.566408391502978
6.7647501383502675   5.755921629972884   6.2803285365066515
6.263262062252095   6.812818334486591   5.848882271333455
2.915358494711741   9.640624613286331   3.2918358364709994
2.0040868531153415   4.079595327852694   2.639162798235853
4.06364200061696   5.729354633132145   2.0444125230892096
2.6196976892281434   8.681224527151471   0.12910024690983196
5.225999065113955   3.856634072065042   2.4660712968283613
7.186632586969501   4.5156515222939015   2.5302585708396603
2.0420958737334054   9.51609668720042   2.502629915857915
3.684517423627127   6.581586311710619   1.8675351391053883
4.532725224464375   6.6322638312137805   5.404443832407289
2.8055934439342027   2.360683966416196   4.835510782729298
9.237080467882599   4.8041093081235005   0.7608971819786006
3.8918692516657547   9.41071567918962   0.012636804921427824
7.498830506254192   0.3680517839838203   4.696341501634825
0.5349276664899494   3.28908647144347   4.714959225956418
9.439408764866782   0.657665372799486   3.2735652734407554
4.033572283068165   4.836435477229412   1.7265308441670328
2.519936133412715   4.796639977396825   4.306041168594426
0.8315525592579487   7.482962518821052   5.918632100233239
3.099031947686848   7.628813414783156   4.639910692856002
1.289069080820648   6.7481685560756635   0.6090467703835861
1.4276396401421185   4.861528501758794   2.985304719105982
4.831964779001067   1.5462977891725818   5.280867302614489
1.225718074396263   2.278170962910371   3.0865738128524636
5.7674252167805875   9.194319879915316   0.2628836262520282
