9.487202169454271   4.7741452263418545   4.515032769183507
7.219190482060135   4.449311720256741   2.078556794827367
5.890967676708986   2.866236947034851   4.959735924578505
9.51147224724111   7.712102445693905   1.1786283467466094
6.600673176603642   3.6666829210909233   1.9143720103890696
7.931366976354184   9.465229365448707   3.0925480628392874
7.015097565994241   8.37075506394438   2.2788659424170845
3.5901434281334605   8.506311774076405   2.0401216499032486
3.9555542554620673   2.0840076762241084   1.2106366305010687
4.288171595221862   1.2105896223712644   3.3918889173459323
0.549927549376642   7.884803511123444   1.620810949976872
0.26544260414681986   2.988614480474827   3.4081974476851564
5.78094502226405   7.797042570651034   6.276186229241144
8.009912694327015   2.369637761974458   5.934958930481893
3.0945173690505747   1.1820290896660604   1.95643914313592
6.630392113150759   9.248709877829864   2.9823134927137223
4.9165914009083105   7.656735600082928   2.7981096086911306
4.858313734467793   8.634911310455992   5.262926635526551
9.75958260438913   8.562901170160305   6.084950859729376
1.298829646616495   5.38887949072917   3.0491566566696227
3.166931894403415   2.431867216267592   6.043350948437873
1.40540532470354   7.941441766132381   5.052821277539035
1.5631200972924226   1.4379595081632557   2.397986994773362
6.217308397398558   1.1502946134317027   1.7759622196706344
3.0839586366788865   9.53205575086241   3.187643255693132
4.832420576169606   5.153971831720043   2.9836350438818084
1.0803810464733434   2.2645825533331236   1.4874301220870145
8.933749559403356   2.2316603111481803   0.3371149989026082
8.473004847380452   8.014203911239456   3.6712855931520902
6.655568398659477   2.009069189919762   3.541629109810774
0.2566191785964824   5.503865905453875   4.332449837570931
4.9146747459553035   2.4566075266911835   5.019533678919491
1.8119062992736892   7.127625224825795   5.956253260932953
8.702701807055883   5.902736653679791   6.064157315107446
0.7057516982585716   0.15628590728797853   1.694982275783788
8.669695335660856   3.495669891408621   5.003336465970479
9.687085291416414   6.318996373819429   4.623800447584234
2.0903602246738253   2.313012993756517   4.889787329650027
6.554122972721124   7.098422995819652   0.007856032067014712
8.333206760711127   6.698931334285515   0.013374482177485728
2.719313011569965   8.007687788134682   2.1998127467008146
0.5777270725440964   4.503306264956722   1.5805967931286864
4.715852336975447   6.089440401535613   2.4682161523277766
2.228284040024258   8.885792961577309   5.989456775045351
5.671075296392845   4.368817166708173   2.232709122470696
6.664986874135593   6.014061096148742   3.334089066279841
1.5975886489309983   0.36756958403179485   1.041745481988124
2.1198668629665005   6.240194223438019   1.3301898073634821
5.429045067944963   6.7057985703486285   4.366029294869812
2.3444213180373263   3.3517570761719995   5.805339768692373
7.034382755599367   2.8528933762813145   0.4347079679870941
5.638883122535004   9.305656160288674   0.12230537721167423
9.524971551035879   9.606667717664902   5.5170623588839
1.1492609136816683   3.7107733073648337   5.614913665066634
9.48765858763448   0.7226663859759921   3.254708297945523
4.157263849960177   4.14555133592918   2.090399082905337
1.753033133167978   4.5322321762785265   3.954525389995769
0.8430921134791217   8.900736386066091   5.645975223257638
3.8705899113506854   6.932640190558731   4.067551478813648
0.8803304753659434   6.777795301045278   5.78976494444742
3.0129455977430837   4.449471143118531   3.765726335452281
5.1589494182113045   0.9045583633086602   6.256206157665303
0.3842492159122003   1.6701189892313986   2.939166754704023
4.26393712150199   0.1968841952647864   0.0205027298345275
