2.9251926076679706   5.254727780581018   5.277833966637192
8.387011602887599   9.05921195470532   2.9135988094203893
5.894818531033806   13.48969226171216   0.21701575275978158
10.558818184886203   0.6569445659222503   1.3654584981276143
6.130114867252289   0.16568044591533848   5.849124815307309
11.210343178998885   3.3402630582674737   4.439154018151246
6.390996645753337   5.773392470654217   6.2000529005306895
1.8737812509240213   11.670819399519765   1.2146754128919122
11.098675854250846   10.111084919801492   3.3899238918567742
8.02144182948916   0.011711337101622366   3.0314604296815095
0.5657738842889288   6.7939881045049555   1.6090613119388735
1.3468770552075324   5.349543584242475   0.5920666718429727
7.935320572049893   2.7577633237634247   1.5891741950204725
12.768279983813692   1.9699113754683197   2.8893493892541824
6.067663767333527   11.329860392530572   5.461286290157847
1.6235451413959312   9.11862989507491   1.7714514332437694
11.77026981554837   11.179613196092514   4.061784911860088
11.83904118753743   7.2455171147258035   6.012227150024662
13.152950074476617   7.5281040369974574   0.8778742232110643
6.0698267759312605   4.499404012410969   1.5086961172567692
12.353809391060473   0.8853960489536645   3.6923854991272504
2.8522962675405745   3.828092364977059   2.4731721631977552
1.5078310874471548   14.109669155683687   6.073125997733075
7.899021695042576   7.5600802016071045   6.128911984172797
4.116407879984139   4.3819338314615495   4.457880026174981
0.5317977985084501   3.3386787063360037   3.3902367257981347
2.0844696131664224   12.851843821002761   1.1330584465560445
9.671454377809152   12.20058415092723   5.036091045936754
2.178786800564125   6.31678096836455   0.21402585643516997
13.1631445230031   8.591709391485717   1.4560350508520337
13.414422045075014   5.016653196512603   5.834511308784731
8.734807689576483   13.542137469482206   0.7716205582891316
3.752913976689981   6.34246710052911   2.9921926680412874
2.90254034882664   0.577021964116699   5.825469391545524
6.7167010059981065   3.399621443800886   0.08842839332397784
12.187271192660242   6.23545756519507   2.58607013322018
7.591517471762734   5.599910553972473   0.9720655216716456
5.210204805503616   2.482785474731717   5.2057367289742595
1.153623075324778   2.0425492459489605   2.212751624544573
0.19165184331983087   8.923767018396237   4.526530521031141
10.05487729954755   6.804238668845587   2.3690955033926793
6.263857409689273   8.619139121528276   2.3804766222276386
7.182583181361772   9.458938820290495   4.981217302216303
9.493918471034313   0.9533156976742705   2.97450466673398
11.123461020219109   1.8452466496043032   2.569039084014121
10.114418182918635   4.300297167327317   0.3237532019672765
13.666613985519014   13.547130478063725   1.6303422770427176
1.0085349205903595   13.030991406454442   0.5496111474386631
8.892723390428344   4.334627732623748   6.004347732971465
10.17656244883289   10.73628235488975   4.805795809176675
3.7817316378358825   7.779529839770105   5.611660591551589
4.495963598855499   11.613373764072403   0.6433957164155633
11.192503530604196   9.051683438687817   5.432757910531277
7.666299015584398   11.220890108333073   3.2320235382316973
3.9998564001334187   1.1035771133550205   1.1569268596681794
12.480285000378853   13.039394754683096   1.7735864723674766
11.066199028637353   5.347543247841032   4.358958561477253
4.887485022865088   5.913166160922915   0.506929146928149
12.728112270494046   3.6801416898245223   5.042686267027783
6.192942054450058   1.963629289500925   4.022158319377149
1.6410234390561214   7.665452708344092   1.6883249184827074
2.310365731285139   2.7716267108920483   1.4694997524038176
8.272677047586685   1.3417215430186467   4.790558220680248
13.749927324822828   0.6096553768363677   0.7799948770155762
