0.5335621496959664   5.4063998191867055   1.4277887724851177
9.82446464486084   10.37738185276811   2.917925523768811
4.396608117977598   14.391418320998183   5.176318686829275
9.015240022232264   0.5637703650153462   2.875701134686413
4.729693805085125   12.897467056427136   4.832329030047649
10.689688328637304   2.4646948375030124   4.53464914265265
4.60857886588244   7.191864932096826   0.08637165088876268
0.05338381180546542   12.10647689435252   2.0434979362630195
11.310394251502547   9.838199572982912   3.465048564336512
6.347242492793009   0.7887296579586394   3.1317240918221807
12.503997402072851   11.494809717494347   3.4009489897976204
12.009090647241349   6.220366985277503   6.028796529232996
7.50669628943945   3.495155857084187   1.3136323506375835
12.060207616441275   1.9778170509484987   2.780609070295006
3.945088693311333   11.371954046621973   5.501040981933728
1.4831609191622417   9.606015489607428   0.5970421322511846
11.357335650337546   13.128726222358305   4.467935596336116
7.2418414255137185   10.561437697522761   5.428342532695165
9.700407295762913   3.1034126328031038   1.459829577758887
6.067645585127398   4.940507593772539   2.4314525375601135
10.036734826324192   13.407334220939752   4.440790526964428
2.31514540443665   2.6301820450853066   1.9069439655162483
1.5397485585289035   12.342877884307047   1.7626989678220573
6.60447231682418   6.086864397904111   6.043225805149033
2.1531314697857504   4.357956642402735   0.014663678265533386
14.026498056091734   2.2312654501765503   2.409547540690191
3.2804228634969896   12.25612933016468   2.2284629137426184
10.807502893396467   11.02992090158172   0.004216865093201072
14.044387911486634   6.875442187351221   1.6814523557763401
2.066273593995218   8.18292873753818   0.865790385075196
12.779342015562445   5.174221342690268   0.47606351065237273
9.44443191933325   12.20196070429631   1.1827994580334114
2.2308447233805433   6.873547150828426   2.3476082715714353
1.7656827828761024   13.668593271639239   6.090121191540178
4.802126855195467   5.920295998104998   5.2489727147300895
12.731474752715618   9.660738038518216   2.9613120221214118
7.769364422319566   4.849968747631841   1.0396095361266577
8.290545635077303   2.6222060739510575   0.4502763603260992
0.4188392134980147   14.019243985120395   0.9223908476964097
3.4379768892241147   8.976686684242953   5.293716170649927
8.591448845591366   8.06767463393474   2.969996701264066
4.22998684513863   8.259230055872276   2.144984868336401
8.884556890804646   11.126990265814458   0.15593780035063512
8.16601616525116   13.463799064708395   2.0794099333656604
10.679550317682956   0.5300925384543775   2.649755770186068
11.684799421702273   3.5546028638459504   0.6337114416310398
14.329024271366343   1.0567244103314126   1.3674819628821182
13.549906653189216   0.2832974314975373   2.0370623086650994
8.79580414204508   4.422573324754429   4.604438575469879
8.657883570303218   9.135082265595488   5.449619739417899
10.425676015376451   7.953798409869638   5.927402455546398
5.655417729399387   10.983169237191614   1.219684704118533
11.92218025702806   8.423615299031477   2.431315568746332
6.489835126635808   11.929940735290941   4.289362556179995
4.807156885122157   3.8695403261972694   1.4233219005538607
13.620844324413838   10.842579967288843   0.3819074878250668
9.933481965406582   6.605458645029243   4.9861356670637935
6.392200187077549   9.649748450139665   2.664144637484585
13.200265979028341   1.5100771090884946   5.0693934532125375
5.298496941771522   2.4266093600357617   5.061735423744182
3.791914657121336   4.681181706133866   1.5410163455847252
2.6896414433444567   1.4959975198346962   1.364530988695779
9.29888297327816   1.8246710100719867   5.487168648540519
12.042275460834333   14.045718394063949   0.7882420859641807
