10.796551592566702   10.045742056504706   4.845537019546925
7.699267771125124   4.605696646591959   5.939756244546559
1.6685747566956848   2.9222232938839725   2.5457251562195053
8.449274666979523   13.544110997980328   0.06426877192485597
5.148556953223569   4.86048568260267   5.863214390434589
13.869560735657348   7.848195722615934   1.536350193969118
5.283831682635776   11.26688349197629   2.968788637875464
0.658890499122803   8.726561814552044   3.628910297999854
3.475294596113452   3.915079314693092   2.1437989628262706
5.59040875319582   7.553253974399417   1.663665023979052
7.802700963376063   9.888099612713575   4.590515324323895
10.37081749065886   11.881044663027287   5.068224160142124
11.507443488904038   14.371463007166184   5.124193988704213
8.825040034127808   12.146569851015926   1.0247155999643804
10.923960426414071   7.521374492747715   3.062641064804616
6.715633740703368   13.15123631665388   1.2491081579024486
11.232622124418553   12.800757497372349   1.5809785770168296
7.622829108938226   10.95873666041854   1.6623165813796856
11.975022253306358   4.080817129406336   6.08260476671131
9.36283890635058   2.2565789152952633   3.9770929261567214
12.783669207351783   7.200160166530121   4.609268897822871
5.18353962289546   13.275526476953699   1.7746056208654255
6.522477404433142   12.080533387686508   3.319909061168785
13.365590741399332   6.283745362918535   5.313461053849888
13.745123349459574   10.814214832925053   0.4693458746876066
1.8829524191136222   7.9961396876103965   3.3802409932251765
9.568213823698045   7.697946814264472   2.4481769451327766
3.562337796672278   0.3264499120157551   6.113792055611766
6.3124374527716345   5.4470674952971585   1.740445490204979
6.571148874156825   10.920115200270152   1.933077772334098
2.8179648099141774   6.090271724401308   0.861073256365287
6.78659703499645   7.210413103455332   2.3419945618381037
1.7206898156606092   5.851147807214538   5.028161924372538
1.9192003440459324   9.066494529076532   3.0621486360347996
5.373821669930197   0.0730156258157359   0.29707094691555413
3.5503797693056787   12.379897427847153   6.14608377999362
8.270151685460245   7.592654255386666   2.158077839612468
13.60810353418892   4.5826750830581915   4.860649157393185
3.8450794219212265   2.794364022136348   3.5228177400426803
12.365763371797803   12.261083876534144   0.6576087281912928
12.265443926800039   2.5168790271570742   0.1570753437520786
12.652566022988546   5.29667748416199   4.0682234699116435
0.7714243717197959   0.39638108527814847   3.7092587064946514
5.253984939237844   1.8569592197092393   3.9392961530727053
10.938493041295104   2.2579647058268066   0.8637545166853715
0.357863603161796   11.934452631562356   1.256647618849936
4.12779139261462   11.344150887449329   4.400171876020838
4.1425506212221705   13.673432383312397   3.0831016414592534
0.13931751562224448   6.052734461212498   6.274293714719972
12.8890719617111   13.752693381291117   4.555126594615752
9.951422414629226   13.85920551175464   0.675319395407099
9.041255361791913   9.394253763971614   2.6262734877890277
0.12260465449671706   13.64541499378644   4.2748168773567325
11.946975779062804   7.928186143171632   6.094714457326259
5.696391651497893   8.659551927467364   4.406895534382442
10.307727241005631   4.266130875858332   2.916634903070084
12.66800283527389   8.871621450869391   5.727112508538868
1.6303866326570793   4.7185452704749915   1.7267279362732775
2.805562170268543   1.558290110949459   0.6818775221976433
14.379415001052607   9.647984221858835   5.854969860530791
5.6681358784328   9.990437123328626   3.0662920750839198
9.523949863667738   10.72669180734646   3.2798161725444075
3.308342505852065   7.041117957610878   5.3921029786840515
13.105023669602229   1.0008813012483164   3.5935276332630575
