12.98310137362313   10.07855409970464   5.498048662370451
6.151143424587154   4.1153824949928435   5.683220709724652
12.261934364922002   1.4666686314903177   3.450542543610867
6.932833535392285   14.354818489748757   0.4471825490433789
5.605071674385159   5.231991696992271   4.99371404107872
0.9650050774142778   5.760088577953718   0.22318842619970294
4.018917127604293   12.198650096620412   3.5656632196929596
13.860965025096599   8.850184744556556   3.8087210989385443
2.113725421803687   5.363714523389773   2.5794636095106194
5.363855057316084   7.707481567939832   2.952374434523979
7.587373289718606   9.700295038971051   5.39675868192997
10.492487337039305   9.930640426675794   5.594417434074343
11.003029043815596   11.927201690423939   5.301171395492583
6.607912030410325   12.211404586212943   0.11367048589716225
11.927747016585489   5.04318570017108   2.5275298961730788
8.165993478040926   2.260992777184715   0.008617083616666577
10.552603302169588   13.07181776983239   1.6200983285709856
9.29906544560138   13.652750586483426   1.288189469692778
13.306796072188018   4.023659167756493   5.404640731528167
9.468311241993861   2.1965952284727495   4.503848177729324
13.529679262090868   7.610690795512388   4.625267986932133
4.830718742060435   13.12187358133206   0.48679891612250614
8.264004658008462   11.374093214245544   2.4815401348391584
12.51556452051488   7.222368643561168   5.903876795101479
12.970075813331148   12.220906076177348   0.6987038232628354
1.2825543149366285   8.837046220041088   3.0359229918260096
10.524810046027284   5.135814038198888   1.6072429061123903
3.486727325872423   2.2883922537846804   0.27679442672096893
7.455482819052193   6.08551032706035   2.0875012147239014
4.030439550084585   9.76549840171742   1.2227155464503765
4.594161274424587   5.527945874615942   0.652026165956176
6.55988592775206   7.825545526487244   2.1446673338034516
2.239729619637198   7.642057648957641   4.9344521777518775
2.5603825679856786   8.8693160825735   4.396850614507055
5.152610296587223   1.814768870496771   6.102449896804286
3.4588747750198015   14.366138727210348   5.6586007285206295
9.30768601135808   6.03529515056276   1.3062654425165334
0.1265346576331619   4.426552516353569   5.311457380498163
3.6342995900022212   4.469009235819573   3.0494759621882617
14.037475735466332   10.650488384326177   1.9695084350723953
10.37743768824742   2.749749551759036   0.2084171798064375
13.016005545315075   5.314955785707672   4.4515453274764605
1.1022928213100962   2.003829933457963   4.029669004814732
5.848522197963528   3.0500476284216687   4.315459288505539
7.840209412491208   0.9897524466366943   6.098623805124162
2.1091278726533194   0.9709477011169341   0.7646560144781444
2.9402425478697154   9.906805332620749   2.526666297990746
4.975529484928111   14.261364360465146   3.488702027302073
13.953283837045687   6.348213003641898   5.470805036273725
11.00371108402142   0.5622819843545782   3.1971497520418253
8.16005559608728   13.856665440335016   0.9764998346172263
9.148571194545234   9.375727984796214   3.220489425895502
13.542316845316828   13.715655509551345   3.6578034385048266
10.453893259077612   7.628769158855096   5.013815351806765
6.862413696052398   10.943264860524264   3.4534586574925763
8.35487191610349   4.669566244176535   3.321813238123814
12.305086187480136   8.382027330751963   0.40308180720086506
3.2557548344932976   5.915417349371252   0.8351926518047195
1.276185985106474   11.778956407599392   0.7886746434587979
0.3791611572378346   9.695864348578246   5.8194832142547135
3.8097712159992057   8.077077810417919   3.1614513450100366
12.032959638270032   10.753652056495987   3.5140164334846045
4.014587333693763   6.819603197580703   3.980699215537844
11.78657122447182   12.950625431064347   4.441614950102761
