7.13948100859303   4.8833059994799   2.9523483149098273
4.457197321863388   6.305745736088011   0.22761318624858703
9.576883394365188   2.524252918625071   4.454713101510887
2.81611330790943   3.702685326052126   5.165588884149555
6.012384186618618   1.2106090886228558   1.3721622661234765
7.990870852214241   5.16835339702827   2.498868242974215
3.354675926047807   3.0028283817166064   3.9922072671552864
6.523913384942895   6.414538868468166   3.1071602894371586
5.964809965576279   8.3031666493895   4.318398366828253
4.237562813863563   3.6746907877946593   4.70819724222952
7.303749425697847   5.834901614329283   0.47702908589626747
2.741768732520301   0.3688395278674325   2.2839156338746927
8.59059136227691   6.070699702307442   2.1406796788278113
1.8838970103715376   3.389225585868607   1.0102090189692003
7.1923402223820405   3.783034172630476   5.25415174776908
7.6424939306858315   2.8420015121609725   5.045545046353686
9.476352958708187   8.897659458085633   6.118405504409064
0.6371514543525527   1.4389079481128473   0.9329541209036336
4.995552946898099   7.123877198029042   4.38348844961103
6.03720741274033   5.687982319707532   0.4777912942909157
2.4903725607771903   7.4661230122771505   5.168230302105934
6.806957239745215   1.5524981594866754   0.6262996511969054
1.8587583773369984   5.416434173315818   3.7274962980903195
0.7645436302589432   6.39473604296991   3.3261105560998865
6.184515305385381   4.162862063352686   3.9687955869617872
8.28202936307695   7.548403051060765   5.55293559174521
9.672127117121562   0.09661272393803344   3.403646564225093
1.589853645530938   7.20970646053525   3.0961196311388446
4.42271754204851   5.245789367370661   4.0686646119887
6.434724071796228   7.276253247732744   0.15107221844345176
0.39495588787453123   7.5984692754606105   0.8393203480573468
3.5869134544243417   1.3564719421547902   3.3048976804234416
8.788117452325222   3.0386590170115086   4.898508786342813
9.407713287689102   5.622512361492282   5.184063619025776
8.382080242805461   9.11147376759598   4.875644825429457
1.6672092988934066   4.466867160094046   3.0052246412731707
0.5270535450389505   3.967193179310996   4.651018058026741
3.4312533430333034   9.28501593502899   4.175596189189028
4.948465878767533   0.5931671539407372   5.797198456085776
7.763765174402481   0.9745993534894049   5.881037792994101
9.496653683327589   0.9391329382610516   0.6057007722067504
2.478909942774614   1.2739725676537572   2.6808569533086986
6.171564448375756   0.32056824456688643   0.7783639383499432
7.778392079708034   8.356617563824692   0.27508633160192264
5.757779085591439   2.305915462056846   2.404133018163424
5.279826852244375   5.216804172327296   1.7252201647461987
3.368412972127362   4.468302253564593   3.7920491741344122
2.091184620120258   8.71276976469084   2.31776574558296
2.9618203148940596   8.284651692865674   3.4759566466743657
1.909772030685493   6.357563906500123   1.6150106343602872
3.8592163601457172   7.922137780089826   0.9643088467226362
8.833482170286747   2.0479281136090606   2.786370999836903
3.2022999908282124   5.576747562327223   5.542023439676329
5.102866938918086   1.504975905367056   5.793473903514129
0.8055959040613151   0.37777452472302125   6.089424707145867
6.951758753807704   8.530452589261817   0.290426548500196
1.5729528498173648   1.4170751037011948   1.2446507409300263
1.0601611137238451   8.251036336240094   2.0452488522185885
7.003045506591088   0.4201584803478879   1.021791175681955
5.048585280265799   3.192318089886749   0.1416873159431074
4.399855420720704   8.764965598269564   0.4705042167538857
8.311933915287373   4.287611494929139   1.339005532261408
9.30867076845443   7.644875538906007   2.6636897766239844
0.8257505006798187   2.664379320275326   0.041557136909893266
