2.0960603694848587   6.453306820479168   5.899467671423274
3.5450199313394988   0.6551780372402849   3.796820391596998
0.46074275981388113   1.1946795237486727   1.6125718097558317
4.441488888987706   8.631366532033091   5.797949195942265
4.685392604771471   7.296301727633718   4.269321642025016
9.312518043402042   1.242822741461627   0.810190589160571
8.19976974267232   7.322905860141201   1.057397319047346
5.449015919410322   8.317377784892644   4.282290825055024
9.290157416124064   8.373038832369366   3.648892018302303
8.408707945916802   2.1173075746867007   0.9057798208730449
6.815953018606247   0.9142074542162614   4.644472794612803
2.572211582872251   9.360634520184467   1.3471286547456753
7.29207274783168   2.739477794255107   5.5441873723187065
2.177916063195895   8.340748847255234   1.9441445587493633
3.202749329377931   5.799720548490003   2.8489374295409036
4.423037731687936   4.279309297159277   4.71886700664069
4.527165558527164   5.551913564981457   5.93399303413149
6.203526783631795   8.799702464472226   2.357909934432682
5.652022052132168   2.455869708264722   1.9602448898414309
1.560278519328369   5.430549018509689   3.016223362214207
2.0721880244314232   0.8046163628317603   5.899292566544694
9.178430571826931   9.731825082296423   4.816958211827331
0.31265893388945937   8.965499836945984   0.19750316274156188
8.386370525576655   9.256533222321494   2.35371619375855
6.019344520648238   1.6784393111226237   5.917590313910867
9.600024233973361   6.78291724173338   0.3454982036295313
3.579840193746021   1.9373074159644734   5.565326499826277
4.384242558927523   1.4990808572200591   1.9847587513846259
4.737971683874477   2.6626741120674593   3.2132303133730407
1.1926885793678936   4.183533258494969   2.044846421390001
2.1621786727031425   4.294238161455384   2.841324155102405
7.4227618933448865   1.7577133944276597   4.212356877521186
0.2257517852975206   7.899592922696788   4.132014189245729
5.2035709203763165   3.54081907529851   0.45675301033759574
5.344246354790256   4.837354545189577   2.8091229723784523
9.045495441896962   3.813902420705086   0.03840540445477103
3.367788667405233   6.768642614189186   2.007335980049566
8.471303697343721   0.8092934111291572   3.8632054883715665
6.202186286778921   7.713419715768739   2.209644138592663
5.223899799879803   0.1409204959066983   1.550595330404929
5.951965596670911   5.635548401935762   4.745158498709684
1.6500105801391596   3.330947433522721   0.9365930345591635
3.861597982722611   4.991259779689101   6.095027647119265
0.15564757561998255   0.36202941353013574   1.1642052547829171
6.828782893134925   5.194867804580654   6.282218639053715
3.369731306514703   3.0224588550672946   3.851200329159551
4.304111267315774   6.4979946247742575   1.9217795155786423
0.9997650208787865   0.4376096296552251   2.373813269602566
7.7778129205522015   3.8478815643331656   4.545698795718513
9.257939608016116   5.763537172577571   3.0433252433806333
6.428036376108147   3.0965739953307723   0.5907715651357152
1.2876874419118625   8.20178691437735   0.651867212898761
2.4717030406867333   5.293812016596682   1.7273465352162636
7.570729293180104   9.533005927913193   4.849360143984628
2.938992474130341   3.7816506354549824   2.7370846108452964
5.127090757524798   6.2360771568576405   2.900296331611236
7.831799339979619   6.019110214584551   2.943487906914703
4.220487709892498   9.798675656738995   4.208131143088521
0.11964095264020658   2.070236638280348   4.393852115818136
1.2736602529778276   1.7143734965510506   4.86705198675483
3.408083972015383   8.240473713430074   3.659500726168573
6.7608729164966865   6.04384735631703   1.6647231363125685
2.7064662274328506   1.828297988223144   0.57114719950869
0.4457183755553916   5.442407714193443   5.860594402074267
