7.67613228290011   5.653547115640039   1.5783638230746369
3.8740379904498985   7.980956861930456   0.42313311365844997
1.5610932629851446   3.341857934269346   3.407818604849095
6.325290358949425   3.687000377888864   5.210744742805088
6.762530152297593   1.0852576119814996   0.16516922058646968
9.490268894265311   4.271598474796874   4.218471577731373
5.546087228367324   3.243547643217264   3.09475635479918
5.803380053112866   5.632281314626328   4.097343097333667
4.941376526881486   9.276368985617953   3.1449788915595267
7.3434848189624065   2.932099970661945   5.799030521148691
7.249813555247424   8.788355444117489   6.218787892342768
3.384088393725619   1.1218963048557757   1.9297612160149882
1.0438218033245572   8.588585094406886   2.961058785224677
0.4860347198169374   4.697229847502496   5.6988272600836885
8.3077035207777   4.785628727606289   0.8386555596533319
8.709442425723713   3.683011642761836   6.066148982463951
2.9045989040706375   9.125692213428009   1.3595543942720942
2.9846636331058143   3.0627987673732986   0.89087985143955
4.421084815176219   7.150646235269069   3.3188848679243708
3.3946599595925773   5.3181571554000735   5.6284519991371935
3.3449337525146543   7.227869822037358   5.499544852715561
4.203375345444663   4.659789211795514   1.074306141839262
0.25802055729189755   6.222713669369731   4.78856162151077
2.491570997663568   6.731236443561557   4.754267579889165
2.563963656513939   5.5629943150520615   1.957850417092899
5.669259268048377   7.991121775635195   5.775614810979617
7.282731102109121   0.2652032356685302   3.5882655088400472
8.729678463790533   8.257189450972167   1.6946511278249718
4.3947500352758135   3.5903384797149744   4.383908583752179
5.596888259570076   6.91871003493389   2.0326433109011717
8.21580468727536   7.443251237350436   0.24293516997795475
5.671125101999155   2.248680045474707   3.8348508078924057
1.7550857431439137   1.8598421773841278   4.35168215596484
6.819458065640398   5.018139724313633   0.26517953953800455
9.686493212916261   0.2963828721145376   5.745527149531891
1.6033299860047308   5.6908795013372195   2.5404362735112205
0.07970612132627686   3.4486308184803427   4.498588468292072
4.816438568207056   0.7320566657634059   5.381797082570594
5.841648417653912   1.377693976344034   4.71437818863641
9.285261395604543   9.304130224292713   4.997071017383159
9.194803243392169   1.6563425236164044   5.8204366251762085
2.944372457058797   4.084465673311076   2.4845006213559704
3.807117631183987   8.916996379932197   6.137324119575246
6.112124224620428   9.684821996065269   0.9479616301204303
7.149689188795486   4.00877103568394   1.593576287766578
4.143230173826468   6.117194574010252   3.2696801846404218
1.5094625653896656   6.529937201576159   1.8618943349175345
1.842366994623437   8.943712463220887   2.274762310948845
0.7398658296769403   9.427180152557135   3.1360796530631294
1.7448587927636157   7.785439519771345   0.47836164728430886
6.3923604393355955   8.661141207225606   0.5652853618973543
8.162294316125166   2.8994172112983967   3.50391004279355
2.809578203755364   8.08569023643049   6.102365922732285
0.729829852389317   1.710899022488418   4.812741532271091
0.5053968775681754   2.6814371026632564   6.027796300472256
8.60724486242053   0.5551829447565094   5.349854085396909
3.9935258864449703   2.6427750574084943   1.764434003848496
0.18162200907239245   8.30913768730475   3.2799708281217956
8.08415383861222   1.6920568384251786   2.245155373594929
4.47749182578873   1.5859536507795624   5.862772568449627
4.03495575685958   0.06622429953830439   5.358538845835246
9.315154461736215   5.6533360682043785   5.134787794958252
8.29267230457632   6.569649103459697   2.700588911613316
2.5309845595683496   0.5647693823675176   6.117447426903213
