6.983768397660339   4.910312827721991   2.599625489627454
4.273084482745804   6.062131905720652   0.19001802915857058
9.397203156220487   2.2078880031098187   4.581942587056624
2.937933641848047   3.5059889394130472   5.461257372696575
5.8051647774491855   0.9215388609051198   1.4701997800369668
7.935155027934938   5.516757127530541   2.6220251523681375
3.6484084838516693   2.926970141767631   3.9566773761260077
5.622905289895327   6.591160972175571   2.519064228102077
6.348888534950302   8.25967256662274   4.537378371222764
3.9010772037979935   4.081394966446799   4.854439322032832
7.1310595157151075   6.2950823168979   0.7657029869153242
3.063655894089603   0.23954411493134137   1.9816416223393913
8.443588951738585   6.50398627871501   2.5041433199365515
1.5613497441136133   2.817636957741038   1.3054260782031004
7.2807138811768395   3.4215281833751487   5.615927596681031
6.843989759702074   2.563745481161216   4.916045236347875
9.32256755166576   8.37131996093605   6.108027476123688
1.6461785344341742   1.1206569627123026   0.8696134850960577
4.142168562172071   7.131981151281951   4.474549514694201
6.122809948009673   5.716699336330773   0.9424271908460271
2.1103952213475448   7.470512023228707   4.981468791833624
7.000763780210124   1.444300083302703   0.8000485339470758
1.8188071096964755   4.894508057477953   3.7111828885488274
9.784856676662562   5.7355291826945995   3.363881861872553
6.198575062146304   4.548569999980037   3.6700972770646136
7.708021694090639   7.156721930757923   5.941659454356865
0.06282546800806088   9.336034484650579   3.3887963157047163
1.181342112665181   7.823068425383113   3.271203710236963
4.6511974556243025   5.159292514386176   4.038984663345932
6.93911973469095   7.6185896814599845   0.2820210413319785
0.11284145531207002   7.1072074747890035   1.1188456991862512
3.9123277827761678   0.7666269153128724   3.286876476616761
9.187337195247704   3.4805386360579353   4.934995531434507
8.75052555113435   5.284860617214339   5.013838490196479
8.572350658611493   0.2137706931196618   4.422189660648901
1.7845590974356311   3.716462136646963   2.755113608206352
0.8142695569358523   4.54664160843391   4.382440044309815
2.7194696520249684   9.285099602904955   4.09483159325459
4.423268054127372   9.481380600604771   6.070923997968275
7.50572232759845   0.5454829600459704   5.93445513695599
9.38981548093062   0.8137000448522146   0.7260981280478381
2.6391455137779674   2.0008802536189845   2.6905288920776793
6.0507365307392815   9.230728537533656   0.7495815352356981
8.040030249361363   8.072586440670275   0.26144639521130725
5.741789691605904   2.0153244313555576   2.421300978000172
5.249544135162529   4.310112954148597   1.7924903480655239
3.0171182086584034   4.439632636235585   4.210940069637272
2.2431250325315295   0.2662336946371706   1.6483069314859329
2.6423872589858473   8.284594692955773   3.6460088106457387
1.0250866403067582   6.722559393187085   1.616182273246788
3.3900551480246395   7.764595985376978   1.242735990673906
8.05151796248323   2.1671737396058623   2.401696928402626
3.4105136039098802   5.600586261223208   5.685647160991759
3.901486761862255   1.728074741187538   5.705088211754501
1.0219785755326627   9.505226016967992   5.728486893898145
7.712591854488029   9.132379376069995   0.3972711568490099
1.1919246021200796   1.9346677494141717   0.9734974920489542
0.4441406900871554   8.427582441440906   2.125296072343078
6.74880305534645   0.03300776885705259   1.0887567896553416
5.776042388977029   3.206946708286737   0.05085563994271218
4.969789512096821   8.674121780916582   0.6946030838104083
8.29738106936456   4.327965973112501   1.1793655354975425
8.927389375660578   7.289106838912109   2.665721133356762
0.42186563064621796   2.4733220674831085   0.23803730089926048
