7.383604317246372   6.796082972176328   5.582381859823003
5.073170722760665   2.429943382111871   5.560718736752125
8.969803623697276   2.0647537966628273   0.6586711453168128
7.839755680263352   5.279515396403658   5.45751172637194
3.5736332616523017   8.630161194783533   3.325800164638597
6.787056156644338   2.0603708352203283   5.896177206661335
1.8163668695803867   1.4445072568934085   2.2420464475376356
0.24057934688888594   7.275240053798889   0.3950906348278671
3.125483224350203   7.544849164639864   5.221375904003696
6.844326135507293   0.04438985636886994   0.47008586329376334
5.474227724259965   0.14014697185878222   5.382868994628126
0.6604087273620293   8.63458070234824   2.1395641490780486
6.482427880766978   8.844005348463831   2.169789697118003
3.0477812510405577   1.5652478294884407   0.9802165209123161
7.495050923342797   2.8613495458752696   1.3097633691376984
0.5025657645151831   1.290301981542978   5.448841142326667
4.978021625630653   6.8807584203155905   0.19907889853172012
6.839495986869923   7.517896762041275   0.9533953890976646
3.213569950518599   3.24925916113463   3.0481466880524786
6.872564181598802   4.276184082925009   2.2969554619431833
5.052726208651079   8.50853332948855   5.261795668174832
7.431616107571564   1.1891855115170658   2.8883275699123994
3.537410800865572   2.3655908468188507   3.759611707676443
7.921173842974363   0.3613856215805717   3.226875811371783
4.463074037789387   3.087097020295524   4.7388058310206675
1.2812968047663147   6.143785004803912   0.8190415006296361
5.29198067641493   3.5922912217640257   0.42318854950421514
8.803044187518209   8.03173347752772   3.327637616388382
6.659848350609345   6.0651786872721605   3.4439299794841896
0.1793906795151448   4.622284996087077   1.9125860814499358
1.3428551612641737   3.5313479240703467   4.747451317530718
2.4134166660406207   2.166472882863775   4.2534701195316424
1.449365523505417   7.008737620204816   0.680432101002591
0.5925884080876658   2.1845133157141494   2.7549106510163064
9.150597127759411   4.6447241545614375   3.978343710691046
8.133700264080478   2.1768461834921786   3.847777494942143
1.6728790354056595   8.144525520032612   2.515038124429204
2.4206307304059953   0.640685964678283   3.0143771457777935
1.4315885260206356   9.037178774358969   5.890233758165005
7.557764699100015   8.857713437379417   0.920200074445689
9.170527461737542   3.018913509425845   5.206761152853569
8.409124437578821   6.563564981939505   3.794314031375474
5.912436306495953   6.8564971228462195   1.222228187744348
5.533857566130024   5.590555058985348   0.3151764957491151
4.450842489157898   4.116149423768286   0.5027537070728434
5.588323733032032   7.809033618017788   2.051943615040888
4.2768496851484095   7.744260454816323   2.2970937352435157
3.6033821732711395   9.592731731231416   1.6911122231844982
2.4597866738387433   6.925697915262294   1.7515010655852612
2.8641286581502254   5.151531694326398   2.3900932983023537
4.559254681962028   9.613830440999081   1.7658196670033905
2.8500133007250135   4.302998196016432   3.7167651746553676
4.168612203089551   1.763966865166613   6.058385394756494
5.13085773727372   1.2094463722875062   4.229090299515126
0.4348908673261662   5.889900493982222   5.140271970766667
8.58464484646445   9.532115367427497   1.7693412881695558
1.2051976979474528   5.1351377573685015   2.183389560883696
8.319677980002622   3.951336128332986   3.498141104119201
2.2562044932097467   5.984008190991609   3.0210480120072347
3.694347506791861   0.9026747363489456   2.7852798115856396
2.593229446692524   8.640923581135029   2.7618620920423615
9.08294315784155   1.2080807161581484   0.2100439246005475
9.75441272622246   0.12624370137863572   2.4564542079204714
3.3375144493386872   6.623544831033343   5.885585348109875
