1.0611254834284085   0.9078780899905108   6.136440781989812
0.05505100077154551   5.00484945582228   5.084898323354441
2.1901953496569826   4.771342002837942   5.890359473020005
4.4078241523311625   2.124605451525421   5.782197518395633
3.793928618600944   0.7911388567185909   0.3100036781746059
5.124190168504516   4.461468065855584   2.8841995195385555
0.7915064338130753   5.161779342950946   0.7751211897788333
2.429902269243975   0.23917908939406213   3.6339532657097005
3.983590068430535   1.1524400077483063   3.8235492822310353
4.650205610794423   3.700926825711661   2.0423062958578138
3.1646804531503516   1.3286038038335053   2.3670459204059857
3.2867746949715246   2.794110294313541   3.3603767317335
3.7703680516283646   2.1764971663237334   0.17271191831062122
2.5765391462339777   4.298960010870902   3.0258024144934064
2.946966647377901   5.251590818968361   2.7135112039873217
2.684727623326326   1.7881738107147918   5.179672435623318
4.71632682064285   0.4168035680445953   0.21720008898211635
2.4429742899859312   3.5961601853512386   0.6545199208871113
2.985609047207985   2.099930760518961   1.6998350290408164
0.6939528215473654   0.4535175531873304   1.0449109947500295
2.279573581667296   2.7239676601567164   3.8713234416456337
0.3547248625275643   1.9567368275223933   1.2835541550973741
3.6854060410594442   3.930789056529126   2.209145960273534
0.08688370018978642   0.03844039316226694   5.339427054671612
3.940700389640268   3.609994576983326   2.513744217336537
3.3533354552120187   1.3581686836426519   5.506021655579054
1.3371549830769656   1.1049638731740725   0.2758142224520069
3.997991894004906   3.122480534769843   5.280071523894117
2.50065480396853   0.8224788687035051   4.561857762941999
5.221362793530585   3.298918843467352   4.65140906760609
2.9391906384467035   3.298497273951811   6.114051681819911
3.0527953665747476   4.784499158373386   5.850225429576227
4.054581436909788   5.142770268190382   0.23221712399710864
1.8054719168418367   4.525177663242034   6.167803524307674
1.2022753190898325   2.087234786905303   3.5270233043639347
0.16872153995649286   4.432454155310361   2.6971779212313987
1.6868820751530207   0.6415692013388711   0.48886630960160316
4.424343577347247   4.1647703497942805   4.033586969051605
0.8256981066708841   2.2351827673579288   3.3952530219732617
3.2331234067702663   0.7138447888496686   2.630215834211869
4.51298754901027   4.40501648607424   1.1318102331005562
5.21918545652868   0.9833288843991561   5.237049373489954
5.212473528255554   0.8147480777642819   2.0360737134503157
2.092264437737015   1.0663880090685736   1.6621732935471436
2.0839957775555935   2.4875119682877767   3.9629483109166057
0.29441980340572516   2.2181437418581895   1.1279248541651505
3.134087351684156   1.8223720779241237   1.981534386114325
4.4343231511750885   0.78251944998531   2.4501796517562533
3.5755917572587093   4.240258550581512   5.392981317807906
1.898285967472829   2.4400180456062643   4.030692863703543
3.507017526318485   2.715886347088009   0.18581266524243603
0.5408951172880143   1.5744724677028883   4.000596919339167
4.855415005986137   1.3575810545600984   1.042590140173701
4.187512338877653   1.3760675561019278   3.5361246577926306
4.831123344715192   2.686491462224661   4.821830638929063
4.589495565825415   2.961713679372839   1.4684934860350245
0.9514675118792226   3.221177503661641   0.34831583687455536
3.678952981568777   0.3757388528004336   3.5825291153586725
2.022639514268624   3.9906230920634833   5.304099148382086
1.0428934480942207   3.482215816740002   0.34435341590011004
0.43435826074130823   2.698958379130034   5.32365915357172
3.3813827008139463   0.08281170603948185   0.32967748984409484
0.9106717401892415   4.024414893079085   1.1454300947399942
4.171673239767175   2.399104274170504   5.900231788217482
