0.3650937055293415   0.805435389755798   5.125972452550193
5.2383362897961145   0.5657896325328649   5.565081947734996
2.686000565887314   2.653031340563459   1.1088397658344997
4.59945625217411   1.0216839453785709   5.866224737171148
3.9914252443984473   0.686381677241099   0.9328705417339132
4.751091730948852   3.7991280998398005   2.508265057418642
1.980688824778515   0.2639273023377986   0.5133553864860765
2.128837483358926   4.949174941147643   3.3138418511291583
4.0321366309191715   1.6725028540638966   3.8325226032750135
0.28246192414691457   4.601973507721537   2.529604588738531
2.264974750154286   3.1877425567544577   0.8046236487800636
2.800299776843401   3.8175853012186955   3.57960484537279
3.340474069417414   1.943657509101888   0.604953212698146
2.959877267708472   1.42491452348792   2.138809825132411
3.450005254143611   1.0944071151180048   1.984765916570091
0.4040055912558752   1.7406700318849064   4.1331328928702655
4.723592451050829   0.8782828156923842   5.9308405317581725
2.9082197630016147   3.0878185089991703   0.4454900018446277
3.283572811953655   3.535655840194136   2.3701846423533115
0.8405528567498364   1.1986553665033162   0.8596984412553527
2.5329120410890105   3.6174644986439226   3.442450456434916
4.253304303863838   2.0718664017332693   0.504889241093393
4.280953598641207   3.535501161281605   2.810180774138826
0.11621146355537793   0.09638227432582536   4.632223406840922
2.328676854121785   2.157830998502595   2.385730075978013
2.1737063853071827   1.4599034749764819   4.395368542428672
1.8281162544478806   3.046208110246055   0.8868922483471565
5.278813886981287   4.117580690213634   5.681906661338534
2.471816827447838   1.0726111791898925   4.5936259094441105
0.4640203556473452   4.014193486125274   5.430188209409069
3.6483291103420834   4.415654012167576   6.262075774021587
2.998346687515282   4.9465578826776015   5.715675581889504
3.63335834173972   0.5824923251030572   0.7039322661953427
1.4544565865212784   4.798699851157194   5.292533509171216
1.2643353332554532   2.5051899093415155   2.660342374914583
1.686801805687188   4.3195616406398845   2.465765978899899
1.4003956867781753   0.17378528480463168   1.1484156442553093
4.556314511863212   4.557154620286138   4.13254038659266
1.4862116236302498   0.7019879536870988   3.472893500231319
3.0229230934087172   0.3659658033957578   1.8767760829699498
4.8433251635445105   4.926029852158045   1.9112281946053196
1.4373923642665658   1.4234878343717134   4.706612211223509
5.25602617252464   1.926122939502267   1.2274696960128888
1.7120226039642743   1.2786146994971483   1.5792028218492677
1.631030594620106   2.945046402412903   4.056309672910775
0.5395856274100765   2.8936041275413675   1.031229434749596
1.0171388612022367   1.9152236865959118   1.9088498303693364
5.058653220710319   1.1582952840544194   2.8935439697933325
2.730232583079583   4.937111253754667   5.834436469809206
1.8571099603926193   2.467918240682467   3.853175922021881
3.4493345378892553   2.497168946645031   6.2172121096245485
0.5524212825675292   0.5663391645223879   4.985479831387293
0.21212026007915546   2.4250782727166333   1.1256720609922124
4.321129735847775   1.1389391435098868   2.592774814099306
4.477053259173855   2.5534551483499586   4.252308591876915
5.1493969367746875   2.9485325471114714   1.4477559545721028
2.141143230774849   3.7213514386760584   0.7309837404155134
3.4999999823020547   5.246896249517654   3.864539282882034
5.2351027044022596   3.4351530199763913   5.292988415280671
0.6055290995922625   4.692459747248953   5.775077842682638
1.2809011642636061   3.518871878250874   5.438585628835077
4.284064702532217   4.216102960666335   1.086934039551593
1.15549773285374   4.348738461875562   2.3452137541561267
3.9774936503397558   2.876103369612726   5.315683458670136
