1.04549941792118   4.751238748185192   5.329269008222614
5.043412618043247   2.883520478358305   5.102311344858729
3.024835624795625   0.19576903127385442   6.031165709420403
4.008155864199086   2.0896496751252105   6.132845595907119
4.259088664515712   0.11709161464932474   0.14865331766576964
3.6457371052164023   0.09983150702582011   2.7113922653481612
3.0412762599378773   3.741564743603087   5.512091673231602
2.477458226122388   2.0252365568078234   3.9691372353399026
4.462126281013925   1.5323783928092478   2.4363715196764915
3.920877282663717   0.347727325110437   2.6310685757942873
1.7067939070483376   2.143097178874564   1.0682110028276453
2.965717024115201   2.365082670361604   5.584764381249769
5.20194032222779   2.370005053661947   3.035116741419548
2.5846043452990775   0.007465874200984879   3.667393464002093
0.019855734411431847   1.6371464706218517   2.0399536185736054
4.070316594711162   3.2755081316082455   4.621540977045022
0.8299078116497431   5.237235107217867   5.441841740386071
2.27724335840465   3.646313543803444   5.874870946028925
1.144869621979463   4.125502639009062   0.35107352738968334
1.733492637331137   4.892726330795335   2.1946625758096943
2.007731580492603   3.034843912617523   2.0723181541807367
5.2013899581611955   4.644670478932203   0.5031876991643124
2.635186221955449   3.765878770911569   2.7712723096098397
4.290578441579158   2.545586120057386   6.283043380787349
1.0340817909227182   3.1611692010437427   2.6689251427223204
2.9406785403581   1.6814051784362818   5.955838086142058
1.5410816911440808   2.726420166599942   0.8934115355963744
0.505276605769468   3.3562804132509445   4.923555545940196
4.863005773247863   3.226043269429891   5.452782027789599
1.6396674343334938   0.33014839742164537   5.146315851851517
0.5863282346883478   3.790759231546523   1.7940545452524121
2.4934033150542962   4.355194934204925   5.180088006416054
4.501371225079262   0.2741516455651399   0.45416263898074083
2.08995250651286   4.8387526259048785   5.590119022064552
1.105801375966068   0.8013674599920312   3.079697481170025
0.4754727366502326   1.2672011327193817   0.9701227454550669
1.475549343087319   1.0891842055125034   0.22176887708498258
2.244540786545738   0.7248432637534084   4.46993111121519
0.5242646680995455   2.572791351619121   3.7978752068540516
2.1175517653778977   0.06938531840046647   2.831944769847664
3.441255258341507   4.150950128062817   1.24639453214511
2.962103786655197   4.728751774946633   4.9672597995428145
0.10233423482585124   0.02816127100089716   1.7121025753150059
3.649120130616651   2.289622419426564   2.9373020638901015
1.6418478936415593   4.2078903064211595   3.2574409624023404
4.717994348899507   0.6748188671243305   0.4673190822613995
3.4107677137786276   2.63172269058618   2.3554944442646044
1.2335134213351107   1.648575115179045   2.562120948232857
2.029459008155099   3.782144653375434   2.444613448231656
0.6804208358023472   2.7112337547122474   3.9455134778037206
4.0171229646649955   2.71273729269841   5.960012283916932
0.2612660517773718   0.8672840493043933   3.31855506434689
3.5510495075171153   3.4436635488033374   1.9463951569620008
3.7534567265321246   1.042167181024535   4.291037684703187
0.16314364201048084   3.494381786783062   5.060240739815317
4.776909542084086   2.327146883493028   0.6392394856527618
4.171862015621161   3.821809006525395   4.874674959716504
4.599536275105784   5.249916855021567   3.750626342444685
3.296699883014453   1.3347912233447585   5.650234449438307
4.763558667193703   4.483190774975094   1.2300954778959532
1.3827349206370938   5.129256466997519   5.103090958308643
4.154632173329597   4.385969442846031   4.06171526893652
1.5838059160769278   3.6426822604905875   0.1305555891760534
4.9283170745040685   1.273044561231691   4.7095876778431585
