0.8889226694926723   0.956636204250805   5.851248459382938
5.189754869939198   0.11982895900856966   5.293738702931166
2.0843037394464297   4.300971296646396   0.09028508534887436
4.739412599276013   1.8678586506755581   6.108561506247238
4.0483203843270985   0.4953119192983928   0.41750315022301876
4.961721625406015   4.778344442792936   3.0966198588530807
0.9964499495629393   5.277682257393692   1.0066130148960968
1.804593922478527   5.276208199246222   3.8556949038302886
3.728637474860218   0.8156820264278308   3.6392123482019794
5.039464943861953   3.7996092946106534   1.8419599292621323
2.916447780388069   1.752869291331975   2.34301288795747
3.1772605127614333   3.014015083939319   3.117290582350153
3.7099287620572508   2.138487743372296   0.3111947749820254
2.562174640661289   4.99847602232246   2.6961707286493675
2.8808273579624   5.172697652528623   2.881536916181109
1.6963275190738532   1.7324296013057103   5.242361077417375
4.653206323643442   0.31770698800592445   6.149086859008372
2.424025154186481   3.590030949974553   0.355205600272447
2.8141260183019354   2.153268374854748   1.6179547704512667
0.6444097701676925   0.27851891778759336   1.443943169543663
1.902401215027825   2.7923247998941223   4.208256033338269
0.6995788231885193   1.7909494752298716   1.2681757156062636
3.326677237238199   3.7791890699225745   2.3491713653093256
0.16712363512046696   5.1292606405427605   5.239914845515068
3.8061768347901177   4.001684288640686   2.376409830411694
3.225473546860639   1.730422130811706   5.238133914502547
1.6616157200141193   0.8845203406127753   0.18622504075743074
4.6009895790980675   3.145565756581129   4.9568703758929695
2.558435752271678   0.9191124785259116   4.5227216401168855
5.127465231217928   3.5476409129106803   5.1182837500441165
2.810828519201881   2.95630978537305   0.05029829088050622
2.846542334016241   4.189315195924193   5.992597146662782
3.4767165193529777   0.47786541130200433   0.3051636274888481
1.285819608514118   3.798914034489185   5.904816843460833
1.195111004758251   2.62993286832599   3.7468061394791654
0.11888942398495667   4.217363706064358   2.830355973880017
1.6358637319118756   0.2832230157480441   0.5373025479171292
4.836164699802184   4.015857303902642   4.6148567157327545
1.0032861553199366   2.4314831281552483   3.6049506716077313
2.994602740214175   0.5515759719453849   2.5885465940298844
4.312130448947375   4.510227221470246   1.5005299224232742
0.11290313366323373   0.45660391891112573   4.886089595356596
0.29620795196641847   1.2654091934951075   1.3642765760773212
2.3937329751837524   1.2818118901115634   1.343370821265758
2.303114549570892   2.743368287128161   3.9387108360120306
0.01727826139293248   2.7458085039927904   1.1605581370212064
2.518694229878463   1.8914519053251118   1.827295417743341
4.559973815834337   0.7873920052463145   2.5379886549964543
3.5606010659227456   4.508468730107188   5.574621737934226
1.9085505689665263   2.2823393476238203   4.067582862620966
4.018433905138785   2.902405465388465   0.07868468718011114
0.25315445074896337   1.548001935517809   4.33613991404794
0.29579302220801   1.7325184372523545   1.1890256885180366
4.44922791904284   1.7304248883232465   3.325430701333598
0.338604840046402   2.1639127945097845   4.636048345588265
5.073088017548756   2.973438305571073   1.5111548502558694
0.8712088744127062   4.091580724538597   0.5629306682916524
3.974638159286077   5.196586328465063   3.584762219251471
1.6410206797390505   3.5774599272895573   5.435285070903972
0.8598580965716585   4.698233917527328   0.6745740353821464
0.5998245802379324   3.123198360438038   5.612881998770792
3.3396536797928   5.040529903611228   0.40743139535379724
1.3254741695057004   4.774216002058373   1.3838978714088002
4.311205388765287   2.519782419003628   6.111098544931302
