4.693326620280667   0.4205933387580566   4.999593087717947
4.003094698581942   4.291944717936314   5.905945113454746
2.456802522233622   1.267335011865391   5.640214593084467
3.5659626021397512   1.8581829896076931   5.903364038943536
4.052018023419069   0.6123618097453635   5.233212532784523
3.545855446132182   4.645106706580998   2.850092001501597
2.919310080299497   3.5172166236437628   4.816655818208142
1.5321027474263178   3.838621277525643   5.606407440746021
2.203628542561633   5.199431207848109   3.2032881184470554
3.2252938778486193   0.6206377292968511   2.6468912955749477
1.3276590092351461   1.8200945274494336   1.0323138979059956
3.7767356082911445   3.49708344454047   4.875847305385678
5.178546690022472   1.63214668210502   2.5621692499928286
2.4017247054653046   2.5637290921727605   4.203648126230523
4.739946205634156   0.6259373941316514   1.886513299413117
2.0815489646153797   3.6140067379412204   3.835583550124736
0.38524659503872893   3.085327003612188   0.5238962079715697
1.529544657006844   2.5057582769360147   5.30680611270667
2.344319045237362   4.233070921458957   5.538462982075224
1.5634078801163567   0.8364086514687423   2.391073189879581
2.0645272191792587   2.971599079216952   2.0428210990937297
0.3822409167789299   3.8118895404552386   0.290930956127409
0.3827309547759532   5.08895559769263   4.221711178598095
3.379531508477917   1.9007920257336433   5.722075499538629
4.881802879521801   2.871406814887941   1.6618820476550655
2.94135759902383   1.9276844087110696   6.178751117493957
0.9937936485761655   1.6530863744943476   0.441197576220288
4.717130467329822   3.2381303294912347   4.827432829250519
4.637749160344648   4.031450106373683   5.878627575892389
0.7782637187326561   0.7727673610985228   6.218817187296387
4.5625465053048835   3.5235529868568696   2.003337021907232
2.7564638057854722   4.463184274535861   5.4978440089370135
3.672389816765128   1.1069757153830222   0.1290906982455433
2.8264753777660703   1.0287466100312463   5.420753651681777
4.150463770759595   2.334234757509353   3.5278443685468313
4.175891938626905   5.261491423927345   1.1592463608777537
0.04187065339818652   1.9532237128917966   5.58556741487401
1.6460445580232765   2.1688513325554957   4.840747852982535
4.308911469728305   1.5012085495306315   3.372582530745823
1.2241015889516225   1.1241648454559618   2.444044873725709
3.3235554719719236   3.96269981961865   1.7074143071360683
1.8009484009173615   0.5439994811538191   5.6247220085025145
0.05427192504475997   0.20512858661577976   1.0441143176262897
3.0141335246718852   0.8797327377381249   2.2983568287568072
1.6774891944533175   1.2976897292354292   2.4084340119019974
0.13318969452998372   4.749389791215388   0.4140355127070797
1.1256222290410671   4.137191443211032   2.336964357927261
0.5765264413797029   1.2995832735468693   2.9927206354527556
1.6671248244953782   3.093416860260653   2.37942663319903
0.203710830270313   1.039681787264657   3.3979973312582987
2.659983780261795   3.8225999242868918   1.2884975434202885
4.721283292245028   2.0851896048862657   3.7509148774278094
2.808743884105278   4.210872444084804   2.0386996276599745
4.374067737246113   0.9522997512315121   4.932223469079636
1.2654628343368042   4.807662886129653   4.177820207104891
0.48205593845579514   2.2782546887584796   0.5720191836197018
3.299434443384556   2.5920514822694423   4.873804078161737
5.1114199893778585   5.251874047698209   3.859380085556821
4.035444072060951   1.5087361951975484   0.36666318611057
2.785955097956656   4.896716879404909   5.457072345442278
0.44312961715522364   1.4512180876970777   6.137119685202592
3.763498592280152   5.205498368407855   3.8526465025647143
1.7374884099615096   4.900425981755175   0.21467810420569822
2.229955888752975   2.0850535193305246   0.18864485764971656
