2.944633104844043   4.6992699983403945   4.775559284038989
4.17716314067508   4.516378413415389   6.1518250475776055
2.265018639103104   1.170171823205636   5.690158280307747
3.3028323676139837   2.2697382933352688   5.239815564323066
4.184013696666337   0.36564519720659866   4.80482164253308
3.753851178723073   4.935236111028418   3.133436271950116
2.3296198464889026   3.0701548192446317   4.785533727163704
0.9283292850070584   2.2238353035242993   5.1885630833891545
2.0782769828258973   3.6119712163385675   3.483153805454267
2.7038358317316336   0.4340928869083369   1.572648941626456
1.7408395067351643   2.0702894856790395   0.5678231098664217
3.828256246360016   3.2865825839476948   5.278312306419997
0.6641323056913846   2.299026647103102   2.196119666121673
2.876373210833999   1.7103784997946048   3.3907084695334957
4.767183820167846   0.3171456950838087   1.797802731172468
1.6199758293052184   3.6748816974143903   3.4992078299245772
0.052707836703492106   3.132338036645482   0.5860182636712661
1.1878917665372954   2.7866063366138936   4.650075303102613
3.6088474463854974   2.933501995148334   5.262463836807085
1.4039001676633576   1.215850169869679   1.5508375280843087
3.5766912428229545   1.2199205731325695   0.8210298856773159
0.7627478253205209   3.2022138897338226   5.4174224175537695
5.228426941737449   4.937086085493936   4.216906207510217
3.4952382683245413   0.4902441377347322   6.241227173390582
0.7893563113319575   3.8240599156734385   1.6974994609834773
2.374874075325868   2.089005836758209   0.44493483706480763
0.577124291316078   0.6087111748354257   0.10915850536226618
5.221016859032999   4.02070884959952   4.551086502111323
4.440310857062188   4.958161070199986   0.062393103197715405
0.853300200213782   0.24756910910600272   0.2218666365288307
0.3793631017979724   4.211999158142188   1.7060192524743116
3.433835202748859   3.932117911581954   6.045560250042602
4.151958526049883   1.4908570062720996   0.08532114504222443
2.380781870843129   0.7446371711034853   4.935623961717151
0.06799896561423147   3.3770824533199266   3.733363266116859
1.229115003420182   4.717616831670108   0.15393785324531445
0.4105514824876488   1.176213296338223   5.439914765993236
1.033122174776417   2.044992736747018   5.045005042752227
4.385232212694942   2.0920091546279305   3.3018299248050584
1.2351679477058934   0.42052017470030517   2.9167061357879276
3.7275477291134873   2.7610503266245323   2.3314230463097223
1.6682915038778314   0.4691532049106124   5.785479116782348
0.23726558855151125   4.905782114818774   1.0365791850049526
3.8675008108316598   1.2392302679367362   3.624186314350429
0.9750166891189789   1.4864018956631795   2.6248443963716284
3.8940677710164606   4.213658011727185   6.174315892559148
1.844007463831138   2.9057522310846307   1.0021978301539787
0.07586755268311768   1.5148592980635596   2.1915885301606712
1.5286399007623368   4.905526585908181   3.2331400140769158
5.244700903288683   0.8476358716740724   2.2359570135770603
2.72167186609392   3.4914573931700583   2.1237939314222585
4.157741835507781   2.5365070457568373   3.0564190037311874
2.994553688789049   4.1810616953811115   2.148137933192202
3.0741555587117997   5.213684745786085   5.428193583146654
2.2740462625081945   5.121190858753121   4.763650648528862
4.6822685764607055   3.3476323716241305   0.9373619040997966
3.1892128982233436   2.9613848213603577   5.753325536635318
4.976822233487644   4.857344679890937   4.343580926811039
4.901011412265598   2.643371773198912   0.2463296398025383
1.7615600276963155   4.7451358943302795   3.443417880239276
0.055976167096004836   2.165068219793087   5.854699389517188
2.6442306161941156   4.477084554851807   4.441462733836439
1.1395152354576739   4.296951346487912   0.5693854540650498
2.236008727138935   4.016631361052255   0.11888512785122632
