0.2324069890378728   0.6785372451170659   5.1005054305744615
4.717776029448421   0.4831163356801834   5.801614296463006
2.255475516079882   2.4790832684768596   0.8589479925973211
4.378768269400855   1.3338169499268495   6.17020560448416
3.9914252443984473   0.686381677241099   0.9328705417339132
4.89879458386322   4.317572350289159   2.583824163657039
1.839039367503059   0.21737168424049713   0.6491194716754382
2.040342718803325   5.127735306921965   3.2737771480263587
4.223356807742238   2.17883930613444   3.981723871568798
4.892376816876647   3.7741881146856358   2.2056561375341426
2.2136498607291517   3.143538963479491   0.9497415740280885
2.7569081113253966   3.8297295450098296   3.364005741634413
3.4965975800524705   1.8542115627781772   0.7778204269652809
2.739574607675242   1.378375285874734   2.020943316378389
2.28378258187783   0.6588458222669336   2.255648463763119
0.227405064627764   1.9571460679582846   4.431344445310252
4.964557241249173   0.39831336352463614   6.011222820072298
2.714411900950455   3.4267523107403863   0.23071024200508938
3.5435594896502063   3.624368199336001   1.455294270128653
0.8472522164345254   0.9405628160679947   0.8032541901757065
1.8929346146340542   4.602858391364371   3.5772255162543827
4.526252269048527   2.1277451222802197   0.6424984387328815
4.431119794188706   3.6180072892901984   3.0239260509946497
0.3022926913003854   0.2609036851254355   4.5929053563819675
3.033081597063725   2.3279426627462563   2.832720371289367
1.455477089664177   1.9795300078117364   4.425529002354711
2.037143013536352   3.9902598302887156   0.7162403432298233
5.085185427475779   3.6231137799497417   5.613248041572519
1.820326281057124   0.8705075755278848   4.700120925254003
0.5298038197247472   3.517795314003285   5.720132868429701
3.5002755608406235   4.308872824680655   0.03690598112778387
2.449159227868104   4.7972750982712276   6.030388586769406
3.4363130136981828   1.041790398299192   0.4350500749636115
1.0660097326279772   4.473104414509839   5.472509873609289
1.5276235015490487   2.9658744087007074   2.7151488944408233
0.24871161189823804   3.5440488554464635   2.4801827960623823
1.118241413593971   0.2947521608251632   1.271112217863088
3.989558919996195   4.692955347451554   4.091517228763332
1.2728456390085812   0.7794280169553084   3.409307889881219
2.7031456213304637   0.5333424290902927   1.9087803814946385
4.991141347409106   4.908947628138425   1.40376364772896
1.2520896836627338   1.4328525674920392   4.8240594670193255
5.03236181637288   2.076426131583112   1.0008037462961308
1.9858608709722279   1.117543659752895   1.1475996767186765
2.199122872571732   2.831368281322021   3.96373310951636
5.213934037440943   2.638199957316056   1.390809460025693
1.237695039546084   2.3569070775738945   1.9099360911568755
4.862669293261749   1.0927361834691074   2.7302018454159755
3.287013276584875   0.2878779776510486   5.274239390453146
2.5087731928628276   1.877074537242108   3.9202763765199244
3.6158227717846576   2.61168529191653   5.9594210840347
0.34748582769998737   0.5820252107259549   5.0656497547203445
4.7943086937259975   2.4365875466401965   1.17516281515269
4.02210175881941   1.5468336412927584   2.760480665826451
0.2899011824677023   2.5542200386827716   4.404852111899093
0.043191081889364824   2.796577903735918   1.3752680498208232
1.9343854292123142   3.5421266761696657   0.8760704599796134
3.8794164212281523   5.168288070786384   3.6565883482676598
1.0149790562825975   3.1763876621758214   5.338909864053071
0.5622245689074725   5.008050536996898   5.756363540767533
1.3134260868669685   4.265651314512021   5.542809945826192
4.021047042495236   4.117321131152095   0.6352296798290918
0.38878219073499554   4.4268510591674   2.3192568914278584
4.215899694819205   2.835851869499813   5.112370814865777
