1.498569131409691   0.11182162356411407   5.78256162773605
4.781177959314336   2.785214215250399   5.213795790175308
2.2645136566175155   4.746551683089138   5.786629444321473
4.580533964803635   1.8632379570496689   5.769785115701585
3.0159442921165085   1.3090366968121407   0.28015035666145804
0.22812119989109564   4.843918793202258   2.4842849340687803
1.9225017147749515   3.1486232730300365   5.545534154998981
1.635147428120555   1.0873175914295243   4.306048748784564
3.581298381778153   1.7514762892705096   3.141327163469788
5.045970177822824   3.3492135851338443   2.6025351430264863
3.5403725372117623   0.3718539627806849   0.5365694015337205
3.2106516353575234   3.9264433980144333   4.319975268070401
4.5909774634380005   2.467826234520657   1.7395639785341206
2.2455851321902967   0.8134301511640324   3.612452674658493
3.967499596121453   4.967903180024776   1.876248414613181
3.1405307134812426   3.019018759981801   5.580486713544427
4.77014681091176   0.034818612652798925   6.1582156514858255
2.4340101408166612   3.875460728618897   0.08357262021057141
0.8042073492967869   2.5426615612903   6.27605567632504
0.05990750484319174   5.248091526584434   1.8220911685386716
1.111946321091216   2.481983533327972   2.8640101675787784
4.234786239052651   1.1863947931228607   0.9879933787731183
2.187611694801855   3.05477947742529   2.1116129862041975
4.208273207741744   4.117236263086771   6.073392546783509
4.818070110498001   3.6079096533172867   2.23915541157233
2.5031249006420695   1.5198238526017722   5.476248095733335
1.6549428685083358   1.5023382593642793   1.363011289558054
4.785143798416176   4.539856096348526   5.126436972247251
2.902171518957013   2.1631099032187477   5.632186933871223
1.1475412705820551   5.034632477237571   5.564285888731162
0.9710516972970968   3.6741292191678014   1.1649883604129936
3.3376153990921456   4.933248258498925   5.374381595868156
3.977068637114529   0.6019366237303307   6.1034161724151295
1.2801937802820529   4.554466154826679   5.944504801710931
0.8631678946414918   1.3156149485386157   2.9388888013530914
0.14288639074419152   0.3667219355347312   1.5754337633735698
1.6420718486000851   2.248428888274431   6.241368162439956
2.9711698417377037   4.31032380707862   4.495923861700624
0.19980941894267235   2.970952724985385   3.163095297576312
1.964167615261446   5.227000467856208   2.2217621673991053
3.7473933560037573   4.061106565883963   0.28485369201056165
1.1082484326163768   0.5219832275730565   5.331569442790331
0.5805415804360261   0.7581538599490009   1.3619558084806593
2.8001390060287497   2.8599369191400315   2.7165813444570555
1.937421267670689   4.250108800605158   3.21527670894415
0.17284076661740944   1.283629076957948   0.9426283691916673
2.284589887118004   2.697134679290034   2.1566338275026427
4.984397950395054   1.814163637429326   2.048913577919797
3.0496428200927297   3.7214455860109146   4.296793863113575
1.4048562284677202   2.385147413538288   2.9434676352410927
4.020740455462724   2.5920416758221045   6.100583201762262
0.2051017582956689   1.4450951114255453   4.176044029794082
3.803087280519576   3.159160823531197   2.048997735944232
3.3619697885004682   1.9662968428989371   3.1575056630058116
0.08909523104158318   3.9589297223926545   5.287191416540645
0.0788094825973582   2.2548800892017247   0.997602608232255
5.006869145871604   3.954200679480369   5.480201216820157
4.109858929600056   0.19561947672402635   2.5103287436065127
2.8574306958585938   4.903282857649501   5.22956738838979
0.6540369504678383   4.444655374067219   1.1374462373648786
1.1771104920664825   0.15893516119045348   5.489399465818006
4.143147777472936   4.816656451734144   4.964202979387345
1.2711818152629935   3.232028820097508   1.1798031984608044
0.7442748434502069   1.8434957902120677   4.84683127758009
