1.501178979289606   0.022403689785089387   5.375303325948761
0.3272452946642653   3.9739304012384613   5.570293824512327
2.241647258519059   4.183999582095129   5.95618517336593
4.731514205129628   2.0704806547771497   5.67426828820275
3.224425905531216   1.0911123022862104   0.22218929191990183
5.151506295928956   4.652572662558794   2.380999183158278
1.6573819173762212   2.131820012400502   5.868869702093298
1.6152808178611608   0.954588049441032   3.761526435126878
3.6727143940576936   1.483542902052128   4.0374955052605515
4.697323288910764   3.4176417806109107   2.20604226137349
3.1704186256454467   0.15589731890814063   1.4848745139646031
3.6852864477519294   3.577143219599386   4.490394496699083
4.206601612922858   2.418593860097666   1.776094888523744
2.2029737699347547   0.45277181969383173   3.664864398280602
2.7224734135340163   4.436617450306085   2.1850818456974044
3.5225867572036544   2.7429806950575766   5.387997489056631
4.444957408384821   4.812490421740335   6.111810054684577
2.5641805226353624   3.0865492914356665   0.4597183916410933
0.785761025579809   2.9029714693832775   0.3880940661274701
5.023506886982329   0.5918264163326137   1.744488746022402
0.8757146251286266   2.9982813216270174   3.5139447426850263
4.934882708213532   1.1911493954917918   1.1261562134780756
3.2560533007947154   2.802631307452648   2.413672568118902
4.590930904882801   4.1441596467177995   5.923448867032088
0.1889462253191278   4.120625627314713   2.398015709421616
2.6434169142498023   0.8528116303109261   5.33269100596314
1.7356164726802472   1.2669315552613871   0.9765360894386568
4.694092988624355   3.8235175308633957   5.558494063757421
2.785215589788825   1.9943089551907391   5.688086606168891
1.2972005989645707   4.7465456381509075   5.369197991497166
1.0029729907838842   4.2567471547351   1.0199149711035884
3.3582439127632706   5.117887367720638   5.148335057377737
3.8873161768176447   0.7348639278770588   0.043783309302606
1.934017148088139   4.406227151877228   0.2853045044077156
0.9318458643950078   0.9163797038644995   2.697820580911564
0.01765431542045981   0.15889583169187838   2.1553961117999116
1.1947660254741155   2.8557776033651083   0.21385435109350842
3.8176648798452337   4.2233048768398485   4.084875580329825
0.3495841850580945   2.6731904571351786   3.2430749244867805
2.389336437476038   4.806394143061082   2.061227646788324
3.458688280787259   4.077647704025532   0.5230902922752961
0.8484593498532591   4.8859289791282325   5.274182208889253
0.00642724969616143   0.7011964900401775   1.6495844196517357
1.9400594887650007   2.059978377910934   2.321674180449309
1.9472463922011858   3.700854376834113   3.361933147973066
0.4660673129005277   1.0667721920523379   0.5627037410085677
2.419232701250093   1.1440705422383979   2.5204261759280313
5.223767471479787   1.653730953760859   1.9764413758415023
2.6987406480320826   3.524884320727872   4.176224985122463
0.6088357938056024   2.83245172264503   3.374288409653716
4.1205526699037724   1.8302969993438984   0.33855485131571217
4.782320058563223   0.9760990522813786   4.445428065252457
4.391742913421159   2.895884975050959   1.66742759317157
3.513572277772845   0.9440115855157631   3.2320805753437925
3.478925111944306   2.334208226761502   5.3857293407484095
5.158223516595252   2.459878169099635   0.7018375337851662
0.11731302263310611   4.927367710682774   5.300501284869698
4.19646439255902   0.2568440760679209   3.340522597894861
2.5967775235650574   5.108740207306671   5.317724018561667
1.2893142700150249   3.6186885647736804   0.8950590057595025
0.15601692677309592   4.661057332198081   5.366708585107017
3.252254775289509   4.834808668630262   4.829055593472292
1.727477229366071   2.987051691694968   0.8368582741279514
0.3984933968436891   1.9312287602861336   4.362071308544589
