1.049617187572397   0.5298302074785493   6.190832762471907
1.1154767433929793   4.331324557552288   5.207474354534865
1.9763474633583575   4.726684399449907   0.06493755084139696
4.152121836798568   1.6730672605066872   6.096344593973162
3.772305317432414   0.5998619886456684   6.259773652385413
4.968189337671002   4.244147109841152   2.488448956397037
1.9655823714096456   0.8049965370048453   6.221837769077969
1.8004852487458736   0.38662714434835055   3.19126180504401
4.3296570930821305   0.4960169952905654   3.909664153820295
5.034607624520955   3.843981658790508   2.0080916030389764
2.6111524449428667   0.23174864302147075   1.3948942349113411
3.864822801380842   3.253757337539333   3.702701956693646
3.750031765571197   2.4964922113243277   0.8480888872660608
2.11563337002368   4.254831348731557   3.072223074770485
2.2887325037948223   3.7635452433359426   2.3574087387676697
2.9537301861485092   3.3443432381716005   5.095212491461707
4.779702576993742   0.2797832397577036   0.14407657439258856
1.9475514727253422   2.846411849300501   0.9818066307609691
1.2937299632765389   2.5423155409264546   0.5440042026623277
0.358257944442551   0.0029538215019400127   1.5687723895162515
1.180106759416368   3.120974358952812   3.58182432465556
5.074744789128995   1.5316398472503665   1.3382955471688585
2.8525792538306485   3.04880491136621   1.9517875186189124
4.247780939049412   3.965628700360193   6.1511392579469035
0.2667056322124274   3.282867777119934   2.3449960400419103
2.8587490530650483   0.6522326740506629   4.891227778427983
2.0123057760750966   1.5074202678746076   0.610913646127498
4.5288174453462   3.3411576396959375   5.013101001181986
2.586016086468964   1.2399032416208966   5.375122368165519
5.063659416718756   4.686738179624175   5.397306779068795
1.7914048861473761   4.111096608838675   0.12791873840959816
3.2632765105520236   4.481120273196484   5.646136048164559
4.998922815717332   0.168839682611847   0.20204163415067103
1.4200827730482333   0.04093680501441713   0.5142076359696157
1.0613844991814405   2.1374645347579397   3.356538339551374
0.3674548831767187   4.81815344818723   1.9334417283301344
2.1696481157449954   1.9264859230113507   0.5726910757733789
3.8247819174050526   3.9313086509573805   3.5937217692848713
0.3590957454445648   2.1964122741128818   2.9889580333335553
2.8347070192214887   4.862812400951777   1.9747957687902984
3.9253743014006357   4.43040822553618   0.46314011978668723
0.4215141575473912   0.5946716188154106   5.459570455672147
0.5058926531722718   0.31679958520298457   1.9370420269030841
1.4519963260788658   1.8004368191032738   2.2676183527194578
2.2562114418142802   2.9364709602091787   3.680844446870342
0.6668198051189467   2.343737342419855   0.32627957386283923
3.1517682872748964   1.8026734547090024   2.145184819014143
4.581586622176746   1.122879540057744   2.3189502980403973
3.0330901577698577   3.8479175324320765   4.93151811800156
0.944229568713245   2.865084338072901   3.5639929929024365
3.441813032354488   2.3741843588096945   0.6852536345796205
0.7205011472054925   1.3797811174927774   4.270461360212747
4.64343108374519   2.528963722301731   1.5618019808895949
3.403743935912496   0.9549095379919865   3.3990137368560847
4.438268784697663   2.7060909539624225   4.6394238400661605
5.272924468288039   2.6527816146984913   1.231294774033086
0.5912951077693939   4.289934166387476   5.9971039590496575
4.429604067677133   5.102883348143385   3.150203819629646
2.484186501132604   5.20467928451744   5.070585607751881
1.3570747321436878   3.6645195377853934   0.6571409391143138
5.1361848922933415   3.491572611800754   5.6560572068298045
3.646235888906554   5.230269147446901   5.4686582094472245
1.777299171121196   3.4998905552378923   0.2771663688149829
5.06690851199004   1.9546994488208318   4.84168376645623
