2.711191753363896   0.25894573225253165   4.906390890749225
0.3016671162961274   4.095822862576796   6.088566924178206
1.9247943288977685   1.1636312815413383   0.6127461341447857
4.443157025610402   1.968659618064847   5.8986419790592315
3.962398856684342   4.030031758776767   0.1138894715318136
4.239401994504601   1.9928105060259607   2.5708041695705295
0.8558618125356798   1.233020977124689   0.3786005080519284
2.4430128593796816   4.22058960836464   2.895898022113497
3.2950755036142314   2.0407508844336264   4.059088508025191
0.01075274107699864   4.61587032821931   2.4624160203884506
2.2545924338525394   3.148156647209271   0.4861452901287525
3.0769789565047736   4.043678302573619   3.3240340012420666
3.6575568342482723   2.2501692478736763   1.1986638454364287
5.174442938625891   5.030820179754832   2.4801959605945645
3.1871714333368435   0.2332065835592743   2.107430330487057
0.3407989872440024   1.5669515173729718   3.544839059524137
4.694662054662192   0.4275626950145121   0.4266199572917177
2.254857179292323   4.415581185559047   5.868352251144673
3.2410286701191504   4.8190410458968564   3.250705527221799
1.284397286860696   0.5082050956163094   1.1159341629154853
3.532176309737318   4.484617738087241   2.4740519450063854
3.820434660437926   0.7718751667161883   0.6707808623378045
4.592100209362034   3.5407829193031284   3.408846074983274
1.994764259889336   4.237009541703252   5.852226098622503
2.818993965771326   1.0876923285668683   4.201335459259227
1.1905052643065894   2.356559182976931   4.111390478238258
0.6889229915926169   2.88648716182363   1.1012577318616987
4.402872152738888   0.19509724056092204   6.082428546308609
3.00285702301242   1.349983082138336   3.932701599677397
1.7539360423654426   4.009795420576145   5.935679558594665
2.703884999729954   4.442258586170348   0.07487949960959916
3.549232142051128   3.970131490703969   6.016305762427645
5.224526339392879   4.211531251733886   5.837725422299729
1.2873560219798748   4.528009383990666   3.214298342798878
1.6571657427132616   5.222906390632854   1.8510547799446815
1.8791139192536812   4.757021465139476   1.9030692919822334
2.6436516267364722   5.247354169928508   2.094805115577068
4.290444789382353   4.636068513100189   4.1249029491346825
1.7464485838977368   2.251134864613213   3.4735182008424768
1.258318036046363   1.2776611434024945   0.9982601361746859
0.1144509828220564   0.6018986000273165   2.038103388299799
0.8678907520716932   0.10198492104679452   5.467507894335725
0.6624659086450517   1.1360610021515143   0.17898425031394982
1.1795093237881005   1.8369025780921033   1.489242617467859
0.9813066392871658   3.6462782571016765   3.812643913236194
4.931503305757583   2.808532694494897   2.017119412742926
2.8075153045003054   2.613042292622514   1.9735498526985602
0.016262159015878463   1.1419051655490353   2.9555081995935186
2.8701110213900045   3.602232016739058   6.179525223471362
2.252700188776583   2.3604601501936084   3.399363275803712
3.3570534454205148   3.7692472112626723   6.005918855678744
0.2316641497163064   0.4886444407674679   5.288390843767231
4.531027866741321   2.8554189290951606   1.8145307613413
4.629507480712523   1.1193819028105079   1.9313528300222087
0.26523847311015114   2.0978164659001624   3.6556047642455836
3.6020408629177156   2.9577777294963528   2.862284866178251
1.750559305761625   2.729626964817893   0.23824886381774477
2.218178739998644   1.7942815895485227   3.773084067058322
0.3373688748073494   3.354650262160193   4.693425078428562
2.168388709001166   0.6233792360453428   5.123406165078689
0.8784616042658095   4.956618479103249   5.7444391718211945
4.8683918999780795   3.7578737531529884   0.372963381495815
5.1689678787027695   4.480255667919744   2.5193876362569227
3.1509074488167608   1.9064095289425842   4.125131772176597
