0.5227408263581509   0.7407656292051745   4.989065466858108
4.599035335119225   4.951984756163606   5.7811484618610205
2.00551665447223   3.536106139568581   0.8074329079516012
4.535888258272255   1.2675196327519305   6.261778606907132
3.820748596291101   0.7360517941099085   0.3836261305672206
5.079652249228001   4.754425417022942   2.7925678371996896
1.3054698754145257   0.1874827079329594   0.37868374584736497
2.2763325382229156   4.67048304878311   3.4380073687380377
3.8505877153597123   1.1832651228392765   3.8020371732248246
4.511725446410876   3.555801982019455   2.2228716966242494
2.810225803132457   2.5552253829735987   2.003221377832293
2.8469453521102612   3.919785668658895   3.2753359954738066
3.0988234980844505   1.9030406684487178   0.6220855960104711
2.909751443746925   1.179159844290432   2.1866775186573952
2.6405828682256165   5.253837023538485   2.379169318527299
1.3564352294961401   1.7595400610626089   4.86930268340678
4.955988355201511   0.42800341378924334   6.076390438120397
2.2186185714368336   3.8878462148212214   0.5352818177002823
2.8704617343801484   3.1223290077404418   1.6040629615261857
0.8386044148246519   0.307431836084036   0.8299623055053424
1.8981933624204648   4.0207534376682315   3.678349275825179
5.080358378685572   1.9125800745073493   0.7696314755679386
4.023203891309339   3.8152424022818305   3.2084478849555524
0.2981093300905391   5.196177366063867   5.07453947477096
3.412116500653893   2.825880866046292   2.8371037621750963
2.5140533823639366   1.401548074838014   4.736019458619345
1.992959661044154   0.2778651908782989   0.2842000087602568
5.205292826855942   3.512326577967303   5.314439232519943
2.167845056287904   0.7212020657384965   4.4211429289059225
0.7773496813617378   3.4557714521509664   5.0697791538934025
2.906190806912741   4.652467371255627   0.060653383421132814
2.572350956879655   4.128901731082285   6.246993901620909
3.5033076111119508   0.4188801631110774   0.009636049175876321
1.6155371582753733   4.748416338823587   5.881514466182195
0.9737070298150483   2.478313718080402   3.0042240133199933
0.3851203171408159   4.427257603168971   2.746412936329114
1.5239505468605228   0.3135636864560866   0.5587376919930421
4.677892986308002   4.15906097554917   4.52474491682825
0.6954688573177197   1.7495957014922532   3.815441490002576
2.7465217751778734   0.24314091402858912   2.2882408710469546
3.5866948934976914   4.56599201694404   1.7068683838647092
0.04480573486513695   1.1383058009589755   4.777695058333368
0.4144642567675831   1.5352167434829258   1.1308114302621597
2.2038665939877453   1.101391166221562   1.6640829604249192
1.947831861456065   2.785410578067112   4.401426274176889
4.676483208363083   2.6837008459059817   1.4758751963122352
1.7908377020972412   1.660095747275251   2.16509748894766
4.691787088003803   0.4221684156262134   2.6385171316278253
3.006406007501713   0.002709014684293215   5.253956918247108
2.6851459142623404   1.7555431889520543   4.1439068323541
3.6907924791594344   3.1662559074625265   5.940702141205036
0.37474659833899426   0.8773522864631143   5.063732755482628
4.465030502587091   2.159519518465763   0.7598455809139986
4.293726600268987   1.1337697906788422   3.0238713934807766
5.070941892064442   2.339952699018807   4.717377820492589
5.2831303230730295   2.7828688640383525   1.1665841514855513
1.6840515626037624   3.27414322867164   0.7758378245042479
4.15098024311602   0.01767159475383745   3.287630607889732
0.9763152144950544   3.2292296368047158   5.165698757523135
0.6276359516341747   4.6212826809273295   6.064361435522807
0.8465043703966846   4.102042925406474   5.351547353425609
3.2657878739730775   3.8881577550068385   0.31122879188125147
1.1328006462155091   4.636494188210875   2.1151504560383985
3.860220987081783   2.698680132011473   5.1873498847164665
