1.7599794040494028   5.013994121501324   5.709762697787127
4.9814996826214974   3.3334650496826552   5.046921804503668
1.9873365591387797   4.714975654224396   5.741248796902984
4.312057836028644   2.259196981486764   5.957575319793244
3.0429428035683452   0.21999139985660776   0.09478909881606029
5.177432114575435   4.817070057115983   2.8349266236837503
1.9897446062335737   2.8018732904069146   5.653765529553247
2.0003271922400345   1.3866868190410873   4.225603418638769
3.83854451604383   1.7396776321414973   2.86791308395144
4.1828899592695885   2.6861400871959145   2.6600291476359548
3.0902285904088793   0.7385362273646172   1.0743453244118852
2.8612471170899743   4.423479804858853   4.667231617214732
4.992156963838083   2.9487787645152803   1.8915081228984176
2.510117182068672   1.1441024826424897   3.3238507626997644
3.9797213360337493   5.082660713931162   2.12822983663477
3.49411172666861   2.8842036057586307   5.541497897537864
4.442257082893873   0.07705355838212169   6.142196799820378
2.0604438858834286   3.5964842472809297   0.0869624545672196
0.9280598596759831   3.0436819068628536   6.0788912083425855
0.13140444803598594   5.205648528761349   2.113546292678715
0.8029453139898767   1.549282809212667   2.639049563088351
4.797507013238872   0.8305595673703565   1.1729455597899392
2.8356672826392755   3.193601544911896   1.9640485612035472
4.039783248205984   3.4377472474311612   0.088478362159778
5.254931536134163   3.2455579074122585   2.063124030771607
3.141745506886551   1.9130029006401068   6.190505815187814
2.1121902009574955   1.7414499505125107   1.5924259952135207
4.930772715879839   3.9856849707645705   5.1644003352273256
3.122780885672219   2.801232834769648   5.619364894431334
1.593773302060106   0.1865459520571685   5.499195978043273
0.6450251933608425   4.646370122225643   0.9898322398607723
2.7058078923905575   5.012597624050934   5.535425602961514
3.7442147380473783   0.5923394976300247   6.008392193113331
1.3280169676696882   4.431516138907048   5.935231946044479
0.48800090415676056   1.5562113504950927   2.9759256113323396
0.9808833491174227   0.49899960633345924   1.4944276793462345
1.4404249106160198   1.1271282509301037   0.12138037374359543
3.0938302286180686   4.842840211085435   4.915386514825286
0.7008303873795884   2.670929354566867   3.418461976303759
1.9031157999781692   0.14889026536375824   2.4105768761180273
3.6502504814950236   3.929949497958583   0.3728277959646869
2.081478106919591   0.15571647607530392   5.579648495378238
0.7862666448156803   0.7444548416047391   1.4589593308923268
2.6570922919478828   2.2520923419285843   3.149655983750511
1.7946886214832043   3.2956092924530163   3.362985470523763
4.8530303126780785   0.46693283735148455   0.9168363937399588
2.204969709192552   2.6117505234594938   2.206979012048086
5.015306455499052   1.8386367238142471   2.0467641649127524
3.1888734546075677   3.8421657737600095   4.278366806437378
1.279757451021009   2.3914706869200235   3.2900983541342352
4.046535253216227   1.8812097021609095   6.069443359913916
4.768513378350889   1.2873273742812699   4.333261100085285
3.2150541938920574   3.1305771986476163   2.4828525173359717
3.433839946645941   1.2183567458174371   3.3683100854034436
0.3198653797016337   3.37806145408967   5.344403731960695
0.11549792875469489   2.631149962148336   1.0623905895664012
4.80481970258189   3.561140322166205   4.976924967801852
4.151979521717315   0.48310967208996136   2.640385148516401
2.4664042688361145   0.3133014466640889   5.378090779189751
0.6540369504678383   4.444655374067219   1.1374462373648786
1.1363848104470329   5.032697511238857   5.688824648380761
4.498537141726811   4.680483442698796   4.660182761940361
0.8320457037660993   3.7464205860348496   1.1104746606472093
5.10689816731692   2.2658928637968447   4.888888033138569
