2.3473775173007527   4.9576240225082495   3.9078005265881455
4.380600135860401   4.038749573352764   2.75381491235419
1.290749080955413   1.248479639879707   2.894284253967102
3.125057057461335   2.3099207237633586   3.297023146775805
2.7665252642310714   2.941086369835643   0.32012290974992025
4.402262133223737   0.2772322854989584   1.5729317234231168
1.4815934429766942   3.635946464087439   3.2198716935908602
0.512035854777295   3.886709660580774   5.21650375377137
2.5553753011363733   4.341277689022403   2.449865452269315
0.06327691522391793   2.0025728905431666   3.7858498942778436
3.247780752746939   1.5062000941618165   3.690478664300344
1.2051758483372228   2.237369444495737   2.0109724938092075
0.2093696673990036   0.21142028287926787   4.0590524836961
0.8150355043383058   1.325762100829688   2.9708809387724515
0.09963365028559903   4.187572523236008   2.260638971923546
3.445163608174989   2.6793198413631867   3.7884480062981107
1.7528535305346364   4.4242320025348505   1.9545432773280957
1.5367124440391797   1.6263192334519907   3.213335713750914
3.003870237735545   3.558380398044149   0.17516333695668584
2.4751553148135286   2.50911853383407   2.7623137143391436
3.1984894788511027   5.120955140450734   2.172507800020204
5.209256641194778   4.754009285903727   5.258804135715969
1.3972936637720283   4.427314881092679   1.9672490657586186
3.9050419150183124   1.468304987251428   0.6720001041726863
4.044513888771989   3.4096019030864224   4.315639509871103
3.0498715132344962   5.247304047815696   5.255918540823976
0.22211116688782595   4.119903165093401   5.427256809905912
5.06290348980114   3.055606700214804   4.62649628152097
1.819805816652628   5.162518463684781   0.04786123597438843
2.57929405159031   4.130501258157801   5.681451515197151
4.9339605515981155   2.2682890615976428   4.548458933478609
3.976857674445796   3.0056555955959126   3.9870398437847214
3.506741939092093   2.2695342024568435   0.612970665397888
0.6292370466312712   0.4007290934090555   3.7769287577661457
1.809678475109534   1.5079074782286281   0.14692065685539393
2.8624732738930128   3.3568390161189896   0.390249495921698
3.7552693598311055   1.2261935736310317   0.8940338955642115
1.029816973488206   4.654848115038569   2.359738965253292
1.6437535230635225   5.196451916676882   0.2107528516431776
1.7552320509419963   2.6410187769197626   0.6898611149025456
4.618781195852708   1.1941578605490444   4.386124872614382
5.001720178896907   3.6795951445858166   6.1435821031776845
5.027934828802191   0.44028934330331193   0.778791240486136
4.834280128539179   2.8420800605251992   1.1620928923440017
0.3171958871922085   2.9766480031779072   0.19711587448801624
3.5018758507073273   4.689807170937189   1.793089444092745
0.6617722834565981   0.7621270075241235   3.6211150515316666
2.6777252684971717   1.81766111621715   3.330366216455078
4.386979518429386   2.013197344494479   4.596812607524787
1.9137035128139568   0.5864952128550192   5.726111077163598
0.053794420256798425   2.450871057962477   4.6153949639235465
2.9378404276345234   0.40963709153972555   2.400150688354239
4.725827591967024   2.705630067573729   4.181755342200118
3.4650080265630345   0.5231528069131717   5.4780755292051495
3.7298779435642793   4.14126093324869   0.16183984896005751
1.2207704730072084   3.0971077933245645   6.060588062112981
2.135546948396752   0.1050942882040049   3.3191533125185537
4.454468639213421   5.033592281748367   5.137172830999647
2.2110283367037695   4.220166436496924   5.6528940405041475
1.6098166391369884   0.7864836379471729   5.193055467829347
3.8291985461744025   2.5829282229487784   3.806955851145091
3.364668825523239   3.845345346304671   0.2102223292050479
2.943132379490934   1.3064066053350611   0.22253839743125756
0.4393906246298049   3.215426179490765   3.2839100117444335
