2.3405108496800024   5.020438030660213   4.003048555252648
4.673171702053791   3.784736912629964   2.4456115075448084
1.4039111490762162   1.9114854948890094   2.711963245948491
3.3846415862778567   2.0406364058320268   3.3772302014236746
2.787574979408007   2.3479478859247735   0.3196055890189987
4.173586844858629   0.42650397661853534   1.637542259288174
1.836347393671491   3.911918609719168   3.2222681748631645
0.2041454023692627   3.6045103821958575   5.633621707619652
2.5553753011363733   4.341277689022403   2.449865452269315
0.06327691522391793   2.0025728905431666   3.7858498942778436
3.1884985464325837   1.2844245523153865   3.6006271473919496
1.0401368865287695   2.4864241413680426   2.088375246100326
0.2762126482445696   0.31671787405291973   4.041837208088194
1.0126794201806746   1.6943966029407351   3.0167476034691023
4.89575887127933   4.620429224479116   2.4175437998575964
3.577009742800805   2.629039966154786   3.5207118020831065
1.8401700938513454   4.531078944299129   2.1323577820538997
1.9789961088550454   2.3696968676943952   2.9996444875542636
2.975213490529734   3.38802872872655   0.30252589437560085
2.3459932005666393   1.9155671512509953   3.3565057115068013
3.6597603584790637   5.144380505449156   1.8191822221841567
4.474416369651339   0.28120346390390455   5.065137275137861
1.0913320689375183   4.861916877748587   2.110564347136499
3.8406209445430535   1.5610706149862799   0.6475893312548539
3.5653033696758114   3.153909792123269   4.153550876713965
3.0498715132344962   5.247304047815696   5.255918540823976
0.14412423686461712   4.026284494922224   5.209045584160992
4.9305449902631   3.080704698592832   4.599336370694674
1.8792700057944272   0.09854304902487587   0.03285261183837901
2.4681039693513047   3.924666065362139   5.766795572655113
4.9339605515981155   2.2682890615976428   4.548458933478609
4.338053203809428   2.7490048360446946   3.953569524266866
3.7852337013753354   1.9013222598879662   0.6518549789251789
0.9889503771320496   0.5334814603666796   3.9474882032218357
1.9721690883349297   1.276536546921999   0.07293545376433308
2.6067775857402573   3.1669283297838673   0.5583270137213113
3.575769622594583   1.2880003539519211   0.766157573695923
0.7517584472137104   4.906983768526277   2.3696058032822416
1.6278163037854245   5.007996798310187   0.09099434240219101
2.280307628778182   2.721539769212508   0.60329604135452
0.004765519817540753   1.592244424959436   4.175982421250235
5.2408907692941815   3.7082940834772806   5.724936082577626
5.060486097789941   1.2200574875314265   0.9054739700486765
4.8183266018680015   2.794991961349784   1.0276169467163343
0.6402174844798743   3.122716917285608   0.17294894094516208
3.937449512746622   4.980367124156145   1.8461187912567625
0.8032762510108787   1.0747776781909104   3.666791963952118
2.5790582563264755   1.5955037199540447   3.2310557174971897
4.4558327808584535   1.8234889536938872   4.486012175924808
1.558761021884136   0.7340104594415272   5.794015062841228
0.04754896627842592   2.613863709862716   4.7349567993287796
2.921607414148539   0.591939554396749   2.3911722837815157
4.725827591967024   2.705630067573729   4.181755342200118
3.3177121727576715   0.43123885134581824   5.791382974845989
3.758661343086776   4.0890405891210495   0.15258025512359943
1.0231454567151166   3.570251638682527   0.3545783388258507
2.7696770438500398   1.0302866494226572   3.1009696258334016
4.37386024824686   4.501753455912869   5.467214286005618
2.2110283367037695   4.220166436496924   5.6528940405041475
1.4502412604900987   0.9176593389237521   5.618973397610331
4.119054830663313   2.3555285991851123   3.760894270437465
3.4875381438098993   4.29090705328286   0.16737073163474803
2.943132379490934   1.3064066053350611   0.22253839743125756
0.7850959556326781   3.2537963250995614   3.193189659366851
