2.749891485110256   4.690707536823485   4.9188397166148095
4.457752942708949   4.027467639138862   2.605436273818241
0.17583176617487287   2.7940734771230895   2.87246503787166
3.5807519019813987   3.0043400756425283   4.087448606719452
1.7252099772800817   2.806857385173101   0.32614261856039617
3.930940509389747   0.3416474292870948   1.7854065849174616
1.637353079541367   4.389706205141097   2.733301172144788
5.023648487526844   4.237755752592413   5.946898812581081
2.3601427764306924   3.7887769562080686   1.7644417640760435
0.6988659590518029   2.2017175399637576   2.9023171833257027
3.0992272217331687   1.5334227877694087   3.8702531663753033
1.187758234303611   2.436887424851169   2.2941005033517823
4.80236296672404   0.8677794703917012   4.774351278493781
1.1263395636231803   1.913517233631883   2.486505952168266
5.053192297471888   0.049647031504391315   2.3717279034717955
3.378065274627062   2.0956992451283836   3.1751766432791673
1.293716139739959   4.669563306341788   2.252996712335667
1.7443423869506356   0.9969920518418798   4.0949120387168465
2.883160027131841   2.9607490309949545   0.7201512215777204
2.568593303940491   2.734135853458726   3.259079324129857
3.013775026737935   4.3255932699485875   1.25086903931023
3.4668321819341785   0.4223183529353012   5.562901670906857
0.8452133870407632   4.967583275109783   2.4004150172195664
2.7409343352640256   2.1540201619725927   1.6259826293563213
3.9233907681040496   3.3025410064647764   3.7136714408690032
5.059883012103998   0.513178466510928   4.728795085120339
4.766128592914369   4.271296351614024   5.688364347913831
4.6182627832423035   3.546437861704229   4.871423796605369
1.8112728934066746   0.521561193166749   0.47571723437001995
2.2475410055621565   3.48934000939288   5.013553019832866
0.03952270149415127   1.9294368922121592   3.838811197733213
3.40732445290889   3.4511363731114844   3.939851410373721
4.831640955051662   1.6678034657463832   0.8562404507341185
1.1438315670823886   0.14614590024407956   3.227540788003098
1.9997137981461928   1.6034852082325957   5.922758998742346
0.8339026173442209   3.8361279456235677   0.7233016140413104
3.0711453182111836   1.2596236061713417   0.8477892069368905
0.24552433613625008   4.899181458082366   2.183939916838203
1.011348230261961   4.867132290148368   5.678829459329158
0.45203940865828046   3.0955342109970077   0.10333645144438375
4.626410412156094   1.0481414068978028   4.892817234461588
5.182012506958764   2.6112496366905873   0.06426580701868782
4.411107342547555   1.8483582802104408   0.9141821356791927
4.718932569549502   3.249429626036782   1.4598654663261956
5.0288363617735925   2.6217752716440135   6.272070068036539
4.69781594627069   4.754159116488043   1.8553761690152404
0.19777297929053864   0.7479785559142869   2.5518088927704166
1.817446413920349   1.6726116521738081   2.734095491872888
5.108197580591482   1.2414965817506225   4.779889690373097
0.9678528757366113   0.9894416015918657   4.68281166749517
4.322449969514125   2.466772012801591   4.666610312821737
3.5923519787069758   5.201429237122167   2.4331965707059924
4.596723786459757   2.858002286884221   3.937688312098524
2.6342407272111115   5.281634986516916   5.740204588177569
3.6947477632807737   4.943933344675825   5.687003005301535
0.44363476713891237   4.039551632046935   0.42164107905513676
2.413363752939772   0.8157100448614155   2.3947115049070327
4.4606743421557296   5.15321343905029   4.908668948059953
1.9271564297358554   4.480102792289   6.02252086038678
2.2005153695857445   1.382793778018761   5.604844961654958
3.550508928258074   1.4675982954276452   3.1555177271196158
3.6157651110135776   4.2877497076342515   6.1267511494850275
2.3297735079599926   2.9213571156839033   6.200640366945471
1.0727315817154464   3.0128537593647557   4.3257193956278215
