1.9632789106030577   5.009720319860079   2.7162693726592693
4.520688063179801   0.0077891038170494475   2.9510543576245682
2.4922170944497903   2.5754832585503764   2.7177131018724805
2.2046841436706157   3.4471818448206344   3.059200628067235
5.08750587420321   0.34749928129057184   0.29327952075243185
2.171562688483081   0.9320587973381053   0.35267597734300166
2.326139089373304   2.891757054933616   2.9706798996703663
4.840989200471581   4.656010479204352   3.9023969046588123
0.58206217940204   5.131410127768363   2.3686633239856216
2.915970973574338   1.9163252201851566   3.8477753852391783
0.6480430264341254   1.3490610855005385   1.8351078110388515
3.6047051765372604   2.037038666972735   1.566273895721786
2.592554166524202   0.5587954851518202   3.6333091601775105
5.104502121151204   5.022876080087513   3.394123404477182
4.798207996020281   3.3076582316361267   3.4110630526892933
3.617874102912844   2.9263914034432505   6.018901352046935
3.015033432216016   5.060271099498919   1.7694641687650647
2.2148834647324467   1.9131521466286066   1.4950257554111204
3.0583720488973847   3.2338301058206267   6.17953570461072
1.9921106864069265   1.0549074390066702   3.4257596966546067
0.33236096540066984   4.633633343407027   1.8878428085410792
4.488825954785302   1.7761778794368248   5.281133293623733
4.000876579452974   0.09296494604706762   0.9623382522810738
3.4314753569886287   0.6930590952645745   1.481222751172231
4.948969887699424   1.83250011184462   5.857998556084473
4.0103724488821495   3.8713590837016496   3.7757419588665453
0.2462864551316165   1.9570541329494344   4.755255132805291
1.4778222800600769   2.506204900697164   4.840570316634019
2.6039080084917057   5.148784037204546   5.0191603973633105
2.8041772575123005   3.7822947415746637   5.800097342226283
4.398188637884749   2.413922254686566   4.415713240863177
0.23722452190100696   3.65594095818558   6.019151956729292
4.243205932678741   1.0231230752771245   0.7010336722083924
4.911940316474197   0.17143149531478113   3.7260266277616796
4.534510104513829   3.305549699637782   0.5275017654822658
3.631177291351986   4.024274575998426   0.2925851444254889
2.5967705598689563   1.3823016366035603   1.8370094656430136
1.062807768986465   4.241718343653719   2.5157643335311155
0.11758217936961873   0.31741824817915276   6.192790311549549
1.1372392009531267   3.8215402297801973   5.491423168214204
3.1131209368639166   1.3999467826821301   1.7986643746589088
3.9183901695658427   2.8323549821213665   5.640140025090317
1.84133016871086   0.9873263568562174   0.27790749733952086
3.108379612009449   2.694286353570168   6.005420445548541
1.7167512852452438   1.7294155116215557   1.6119743850009378
3.4544506406452564   0.0829999476748064   1.3914114491571394
1.3533451425132377   1.1407534601147713   3.512641617795637
1.210621367726557   0.7121359837204686   3.3310352153042997
0.4315766288411886   2.33739988536304   5.277252830918972
0.9652899616229009   4.765134797988108   6.247806787326799
0.9957232274559357   3.0110713332371164   4.615378709576584
2.958430504067059   4.525157152401603   0.747280208792554
1.0415546539857068   1.8902275022706025   4.806067612448491
1.5879462023923123   0.08432250497593063   5.849408769385845
2.3019291557501957   4.202265834300562   0.6731068178975936
5.034295351830125   2.7216724933742347   6.230115026090791
1.531232170882636   5.1111399200707694   2.672451767974996
4.418349604039923   4.230072406833206   5.630949873186844
0.7489285480371991   3.615810824084376   5.452589507653147
2.058099347787164   2.5240006812169504   0.35631121615641426
0.9985393215365606   2.8477699450026996   4.519262656241303
3.4735625317774144   4.676603901778504   4.661122027986805
3.298602916438608   1.0121818808180514   1.7078694669142795
1.7270343618840396   3.530277520590852   2.570815469719103
