2.0950703640635697   5.196616937040175   4.0990560335126816
4.441868363431803   3.738045142235634   2.707732491963197
1.0144552989400888   2.5275022953327215   2.825134761504407
2.924560744863902   2.891849586517649   3.4171714850210626
2.787574979408007   2.3479478859247735   0.3196055890189987
4.078122284975021   0.4585519936056117   1.7398753341836415
2.0333092532476   3.430505731691799   3.6564608966450503
0.2839442632708462   3.462958665445456   5.659699934558197
2.6681221924482936   4.463698856927229   2.2944651513329037
0.7733534755977693   2.0226023674024787   3.61238988441084
3.1884985464325837   1.2844245523153865   3.6006271473919496
1.3230304426559107   2.152667796195156   2.3597788443201324
0.12049578041863479   0.37319775127230065   3.9833729500944983
1.2039432796912801   1.3567614779772983   2.9563458658786335
0.002270177615073088   4.757032877792242   2.3572239602467757
3.231497747580817   2.982882739462913   3.4279593945853786
1.3258900613041176   4.149219354291048   1.8407522315901117
2.1075268384465   1.906385351877991   3.136344188454254
3.124846237936978   2.925199146724411   0.302332270611269
2.5605210075844065   1.4790534557925388   3.216492093489432
4.013505091245408   4.867764935101781   1.6794078784614697
4.435460886751193   0.16307389969080427   5.090171489672176
0.7019292382981894   4.329946337249242   2.0012017912855713
4.190509363555119   1.2494790364067452   0.946503400531847
3.6423149836655786   2.9962945990656973   4.002917343636637
4.202158784855106   5.194066903921212   4.813408838640311
4.854973846531284   4.697335946984504   5.487915737207261
4.9305449902631   3.080704698592832   4.599336370694674
2.13320191681847   0.515683994231719   0.27284430778639973
2.762196207220959   3.9766638432442627   5.599272366913309
4.696429870739381   2.3037814402130357   4.60668472571741
4.042050968517421   2.799338741568821   3.880841294613998
4.0763366506036   2.057818665551839   0.6659620287426556
1.1914238515890352   0.27738796765053425   3.910435310482414
2.3600194476690257   1.1726104772569945   6.118018757895727
2.426294666789316   3.4003012564466966   0.411391077927457
3.8376694336916315   1.0851375220055117   0.7972374120764568
0.16783895576134372   4.539200284889983   2.4085402805380554
1.7814384779028662   0.3147527853235016   6.264498014871569
2.169647513138136   2.7002170063994626   0.7524588409653288
0.21115352905290058   1.6532826570867831   4.297761660896482
0.047301934942910684   3.4514343803142933   5.793800912273853
4.558081689915744   1.434097065359424   1.0249157974271734
4.8183266018680015   2.794991961349784   1.0276169467163343
0.7299767704931746   2.7397276819158995   0.21760781071214166
4.284722439725535   5.032955367018608   1.7310394923846737
0.3428138495126788   0.7942542702496853   3.476745861095221
2.2581904278960163   1.7860618997860975   3.0978912999257706
4.832964522364756   2.0897577606222963   4.5903639748047915
1.558761021884136   0.7340104594415272   5.794015062841228
0.04754896627842592   2.613863709862716   4.7349567993287796
2.816507274033932   0.38808574980688404   2.1979956000606085
4.725827591967024   2.705630067573729   4.181755342200118
3.3586911981119063   0.5119919323817996   5.849206032839715
3.5693338002169455   4.011681534557653   6.251228672934091
1.213330197178737   3.286371285085739   0.4726414748834077
2.7696770438500398   1.0302866494226572   3.1009696258334016
4.187676728228564   4.758674935523225   4.822538956492711
2.256074961527173   4.257820356965891   5.76839891185044
1.5750751257789302   1.3363290266736523   5.478966936017218
3.832674610151357   2.553978529977387   3.823494869505573
3.9579326890992825   3.650149562433543   0.009567592950080694
2.943132379490934   1.3064066053350611   0.22253839743125756
0.889119670761071   3.2088174361827835   3.2859432047599744
