1.5853153657605699   2.574503509211252   3.0040835729582236
4.47892964511966   0.042566895656935166   2.3602057791695317
1.1707515535791366   1.9999422038349035   3.409214564313599
2.4063136531413085   3.469971250865103   3.0691764116427254
4.054404649749154   4.034502919696441   5.960107106067959
0.055901787990948526   3.157850077569657   1.5879305029535162
2.595974680294576   2.9723351415988306   2.8957293866580978
0.08218951847973147   4.020827536957757   4.850667097897049
0.4617410436688627   5.176624707398519   2.0366899870493476
4.3697045746960645   1.6793977975971852   4.294172165795686
0.21983460613664552   5.275688023659234   2.250978266591054
0.35358742710509   2.224601172426001   2.0042032378684103
3.9531812121561676   0.5402376350052026   3.9509574487838037
0.5384894519609235   4.296800372035534   4.080100408648165
4.729550350753158   4.364636818185046   3.253751168942919
3.7713222140849663   2.8336147623583736   5.176059379408443
3.1606525271472607   5.228720077205477   1.6689518882735936
5.210216287039843   1.9643672893521404   2.4644350075874213
3.716276913563756   3.7655228049961234   6.021106788037195
1.9168900081789912   1.2710201090363005   3.300797724540961
1.8382831969544569   4.7486041321352355   1.7483371327457062
5.017790939919055   1.203836558352775   5.065627204945543
4.096899468309964   4.67772084493281   1.3515166512101606
3.8566355370920093   1.228356918971587   0.3430296398024839
4.877132777382052   2.35031489400706   5.2656686665288825
2.463284143897952   4.569046333798384   4.812154143193496
0.9250287562939776   0.6180370048318546   5.6885218973183695
0.44678154382820406   2.5572993823695187   4.630733657964649
2.4817252241411487   0.08675406835668387   6.03745807548695
3.1891303925973693   3.480765988706973   0.8506540294323084
3.985614717564448   1.7001897584842314   4.314819922569237
0.4405875086691363   3.504180800534895   4.771237667163145
4.647204673563872   0.6650919977059577   1.0946025702506517
4.991653807960464   4.789307937096702   3.6314438917951914
1.0351974423976815   3.0026033497506845   0.3567502620594968
3.1152135711735447   2.7833692557833114   6.235891512443056
2.248721110621351   2.280218181684595   1.1553375077004082
1.0305526458874776   4.65238278938752   2.3641311563653398
1.725163211995198   0.3837502127244542   0.4333520354001259
1.6897486958142967   4.199010131242764   5.815214835568459
3.277486177008035   0.857841163228227   2.1502088752957977
4.198861402042592   3.719117508813356   6.062227087498879
1.4602380136567699   0.20607513519067516   0.7807476669595542
3.4173471401931472   4.534856191836814   1.16228524245212
4.739418626243474   2.6983351633177426   1.9603831545968715
4.024756536196158   5.077707321792671   1.7961080138200196
5.251517022846746   0.6258657426690437   4.094138927296346
1.6685114694039451   1.2392879919613087   3.370213675107842
3.599509415402493   2.21754494785488   4.778214304664582
1.8138925133037156   5.151822598383152   4.658646859139389
4.684688495294317   2.4964912133957213   5.079862104745836
3.142131619384818   0.42366716509797825   1.3026478988563561
1.0698445796733957   1.2173206020693523   4.60103914269072
2.526241086925524   1.1765173382154368   5.236793496774946
3.024939776489889   3.9911874753771786   0.6450580188685718
2.009242656328529   3.1067238219214257   0.9569101727414661
2.409756759813116   0.37884987327157055   2.963116405287205
4.289401333075817   0.03384268763138554   5.504854872104941
1.7435831249527765   3.878144184871558   5.559581851471365
2.3807720413412183   1.7346225628977265   0.7402428403436692
2.869881645682288   1.8879688968338024   4.461994011827883
3.653132542881231   0.15209515789916012   4.915012453622589
0.30730707694712217   1.456079923057846   1.9890085391905894
1.175540977338997   3.9595193030767435   2.7990652061360297
