2.7407011749307735   5.149744452758415   4.570487252073647
4.356517745614221   4.386012301162795   2.46076221794808
0.6894819063121714   2.8778705882066324   2.9123288375765384
2.6753190286561246   3.0514600057229555   3.5483439126934657
1.8697030229039073   2.8778916038838176   0.4958373075304873
4.702425146835878   0.9790587210702866   1.7170162250855263
1.3318256160788655   3.5868660279806965   3.048485304259033
0.14298930302247087   3.9749321978207157   5.484893911412929
2.949199908562282   4.077174752963257   2.15995683275538
0.30731211689519305   1.5309315361669504   3.1762378806904046
3.4838318950243803   1.017136487002531   3.8594620606053978
0.8100597893978116   2.0710151360427065   2.277499325578943
5.17812341669995   0.5505997933926424   4.280129245425734
1.1640114868755005   1.6921364215836792   2.8940370324176667
0.41143531754529794   4.981586285405135   1.997517012972922
3.3062836617938323   3.6111116506895353   3.4483619571631077
1.347818783583374   4.721696480123221   1.8243626801714183
2.0857956354288083   0.576720458781098   3.4351729036316097
2.931473095043769   2.9217470966751637   0.3725779003786306
2.5700751255188283   1.509499636339972   2.994006571632523
3.210916891594302   4.63708601203086   1.8680150923419774
4.317323630383192   0.15756228526471183   5.386196071034551
5.106427634445156   4.677429079124163   2.0942576909947768
3.3087336545829844   1.9895913013568036   0.9186500128906849
3.71456517735487   3.0356314098967494   3.4994383402091085
4.246399182889911   0.7472424863274224   4.372566763753154
4.305424618463733   3.549806951049434   5.590942291108313
5.151965878468176   3.295848400925961   4.75120310681327
1.9363222603365182   0.4282770311521133   0.24178995250183746
1.9355953082300876   4.152730530333939   5.4397352190577495
4.650024823067913   2.11653026778779   4.464780973008642
4.001639470711059   3.005771364112705   3.7762125753120768
3.5490508909933816   2.7098447605744225   0.5211509128076236
1.1590165705498525   5.280284102893929   3.69431547631977
2.388682813026382   1.5733705102715159   6.099894854106596
2.3945114467501387   3.3210623217006283   0.330927512309907
3.4302286027286284   1.3376681625112314   0.886719451665811
0.09467755036107547   5.193807085396308   2.31546821978232
1.616257999606925   0.009914807935105824   0.012748818257662317
1.1900386993195464   2.5206625155645073   0.6822248196482896
3.900513741682159   1.5122961963339394   4.395466798843176
0.40136864715425336   3.3887190820868116   5.695404450895285
4.890426110989729   1.4748699876963427   0.9667329106187612
5.255334169324958   2.9047634788100813   1.0285226138185328
0.14217312203895283   2.2253793583543486   0.09418331747881992
3.941123239599771   4.672830335588818   1.9811542896503476
0.7343780436887138   1.0514314214807257   2.760678062743101
1.8504406641130344   1.7032919856770934   3.0663498478073006
4.626273443225418   1.808766802508944   4.258090394287116
1.3375403809159634   0.796928107173823   5.393574581613646
4.805870216188221   2.443592886634347   4.737283233658472
3.403537142601044   0.21195699713830685   2.1999373179317416
4.670792806681163   2.86054873993953   4.207955246933863
2.9779364989823454   0.6582546739726305   5.554556593951513
3.634519829456434   3.922931354381841   0.08592270545877168
1.0261819817049125   3.120032044953893   0.38235948708927325
2.4706236415273213   0.42382376087439455   3.1699840403010695
3.4361239562104364   5.015913691556663   4.880299541072261
1.9579225334870678   4.654354316398178   5.8440036787189085
1.8015362434488933   1.0000078823369594   5.583770983702205
3.529665113183273   2.301847558342936   3.6890615487925635
3.9496811303711845   3.9619108397263405   0.1278584358453951
2.9510814380781145   1.6969270235449392   0.18485337449449982
0.6797819970258987   4.350502171770695   3.277298546770975
