1.6445148111119834   3.475465396917154   2.9634867839237344
3.9066106475148   1.8322737665381432   1.749416878124066
4.8298118056888235   2.43961273544473   5.467337461406428
3.61658544593389   1.4757082369377807   5.086893392866296
3.9266953182914635   2.3887121980936574   3.0778484298732316
0.5983604194016048   0.4084560926297541   5.79090666095205
3.5496101116697187   4.310397809616751   1.5821483250972963
5.012551594443481   3.400918104451942   2.090176984800517
4.842141581211849   2.69337796703154   2.3369260976612654
0.04732145899648804   1.0204818547738055   2.234296467167742
4.658962287749147   4.993418312477025   1.3396576024058786
1.1117303279865105   3.900036815290609   3.0907405250624325
1.876579699021855   0.522797541748388   5.304328388047528
4.736933973278149   4.313303814186134   1.0813908190026262
4.613807945587968   0.9406088209865036   1.9065838410029552
3.3727799057651815   0.84162633198981   2.9057941949767683
3.8236446577093   1.0643434907077833   5.535471662094221
4.6036034940441315   4.71557220024834   1.2171029816555174
2.9730043092538363   3.7636008377034953   2.588372486678236
1.2052078980413303   5.086274438571975   3.536117806926965
3.555207505113822   0.5796633931146428   2.443205509132411
2.7062881479353713   2.4731543742228537   1.9039416627037453
0.5005408149488323   1.5983497243261326   5.093404232893928
2.2488605242376933   3.5984825619809437   3.3985757088132944
3.2010635736207704   4.882201801830885   1.2126137294090045
3.875764698257428   3.127141441806747   0.7723471055442032
1.5044736592417203   3.8644380345064273   2.96364345871773
2.218947441227593   0.4227944524146497   4.940538405119353
2.0177116352284132   2.9471511562285704   0.5257179630299491
1.8655592367313352   4.608887025631582   3.1135728432733476
5.2663887742375515   4.859420840166079   0.740113518362297
2.42459772380409   1.5191377383500988   2.5902945959399
1.308568260632339   3.211106216120939   3.3196131602713326
3.1535353350703352   3.026877960718184   0.3011210888696271
2.1078557777154585   3.2698816981608356   3.655667537051774
3.4013877134983646   2.5286811559416638   3.053771161455412
1.7887517677644666   1.3369542464797985   5.841227615517581
1.5120694589019363   4.756892812946153   3.5597497803344234
0.7000443990048705   2.8868546476085535   3.2721813264748083
2.4582869739810858   3.4662890044349983   0.20755600290169082
2.083179062872666   2.183615445033869   1.2978727109872206
4.841011266376792   0.5119617475977313   5.680829741500611
0.2630360899052663   0.7256547091705188   2.128683941002442
0.9664927681671162   2.569473391702587   3.178356608503707
0.8375422806192161   0.13559507397444415   2.821956636002207
1.0102226338086986   4.68502678439132   4.051525580416624
3.568378770403727   3.654697101288103   2.580239921768914
0.588420829543506   4.228789904449401   0.678872889017788
3.9168784643794625   0.11931872957321238   2.27079051076956
2.746690672732834   4.788658412438011   1.152474394636234
4.3430942303005935   2.745326303877176   2.8889363993078425
1.3401042089567374   0.961426974024689   3.3321784204264584
0.2630454063068548   1.7098368235784343   5.063967403374699
1.321452035406141   2.2514219827561526   3.2805378900569346
2.2096645455191952   1.5050725312563478   5.7853070291619755
4.203277882206151   3.7668250767936224   4.79784185053053
0.4560276114330517   3.803464154060275   4.619459167991248
2.6149585516757856   5.262095622222212   4.70039372362786
0.28532175150271255   3.457925041615945   5.160394585273645
4.8951079169458716   2.986649807640508   5.532166279570603
3.5537945477553823   2.1064429317609497   2.546143079942648
1.9510783057474348   0.1975660773036197   4.917101789770178
3.937973214410409   0.6883903893916843   2.466661949903896
5.260854313567812   2.4203802769518536   1.881479289360097
