3.619957446959858   2.7139440256611738   2.4365735837538747
5.169403073041533   2.4874271536148673   1.44732611027103
0.8231983185819376   3.0630203003930747   1.3566533336888826
2.916242955554112   1.7454596412210024   5.005624303418906
4.447940792095996   0.5414839353706187   3.5140752657854972
2.385026661455894   0.27878338526899016   0.5565841540250985
4.389650726705536   3.7772230943370557   2.134080331488441
3.8387167068651387   3.5345360483388806   2.4329437003417986
1.3312372899406149   4.401836688188115   2.2339812150956817
4.705335875067823   4.99309785697171   0.24968573353236292
1.7620701715570743   0.08658092428270087   0.36139062386544735
0.9481432820585854   3.784531810145372   0.7994825179687838
0.6672719152981346   4.721320601525547   1.8968392674660486
3.0223255143579446   5.269537453279641   1.4450664772829511
2.4787345835467622   2.2096756769850048   0.8620517813067916
3.4215060665539894   4.284782015323457   0.7490803468279856
1.9802535092358295   3.6630097308374223   0.8235609392797081
5.040201811485848   2.9038263617546978   1.0127590511599112
4.137116907355632   4.623900358541483   4.417651626796028
4.105246181171653   1.4517272012409945   4.522887420062496
1.157435677051276   0.47920061531726116   3.7926983564028705
2.4223262428777863   2.806058745477981   4.484228285678932
0.49799825885296406   1.226674031413098   5.744708317788511
3.0456751134613396   2.637655511022228   3.156452098989741
2.715827447553682   4.878734635826476   1.6944604190510224
2.9352676122286705   0.8106424789750286   0.807749058479038
4.028162330708393   3.322581913638409   2.2341242333969613
2.503673892331971   1.0035492099975731   3.7290709628196566
1.3327894174835246   2.7095652813113333   1.4537569056251978
2.245368443980673   3.7908381825830006   3.9832670662239424
3.486871827643254   1.4026678054275639   5.9514552455223795
3.217788037536627   2.384688938985432   2.8917470396206593
0.4443491676461409   3.772912637572597   3.49880116563688
2.112357960823736   4.358740663972938   0.5428465914741558
2.0895480319977016   0.21005031238878852   3.390635878239412
5.082027101562974   1.5514378929377866   2.3588906317450866
2.6124028437746607   1.4137824605206761   4.471027164813368
5.040069261394133   0.9060075670832487   4.09834778112069
1.0162394583402174   0.9218523917408081   4.007642625533364
3.153089763178634   0.7782655784587408   0.8235878818810068
2.067476781562773   1.7348582075421075   1.8301139279746557
0.8357672661312388   0.4826765898916785   3.7971402706316697
4.781057952457512   1.9785651776588065   1.4673205760775565
2.446685351309265   4.134996118418326   3.4725734558473147
3.156807822738653   5.058614297766642   4.520537089416961
0.9561978088496169   5.165511795991118   5.010068214835699
1.8986923626184953   0.9283452779898405   4.75115072261795
1.882619470736285   3.320389488605248   0.6786650411922505
3.1237963952145127   3.899142562372748   4.7045533958471655
3.9056906339883275   0.0015219711832514804   0.013291306122611424
5.003767708422581   3.7860401860321984   2.8865447231922254
1.987124119563421   2.3986825727348715   3.407259286727679
3.9687892250474146   0.9653308896259103   5.062242337060706
1.3988272515960185   4.665728984822953   5.228476471672275
0.26396741992500317   1.9042619301110002   4.226574508720364
4.068662363796697   2.4318493601838655   5.035496418359984
0.9854988219421096   1.9581304757654467   2.9593813739757455
2.6649303948064045   0.2502750314893463   3.785255604318724
1.4592998821926824   2.4422134260313904   4.41978357201502
1.4956566876319464   3.732762047536408   0.03115055247962585
0.29632723994193944   1.234473422830917   5.9316254626217
5.194231632807394   2.2303338412415736   4.914788109891301
3.0201013736943416   0.41986140614874845   1.2525032375381842
1.3613129124697987   1.9092933669383192   2.479389142181036
