4.615713115263546   2.7018626926725067   2.154609228556867
1.5275320658711604   2.426058751791171   1.5532899784574594
3.718976916290743   3.01562503453065   1.0615342178331826
2.3100108705628704   2.321971813991822   5.223786502648393
5.204369786369315   0.6747183823267398   4.238317294491435
1.4922547036549374   0.9312762108103534   0.7836016677481908
4.488080997488159   3.45736624118226   1.794882357835005
4.747911598482083   3.2300626129672785   2.2628226239975273
1.0580558944513494   4.2094813514939   2.428337863294294
0.4275108772310735   4.89483006458719   1.1322542511627076
2.2680813324781464   0.9656031203992821   0.17792981750114023
0.6503581338495976   3.0933495774973716   0.7316217719876215
1.9740958986611368   3.6539295995258056   0.6877412199423751
3.801359484208857   4.487620935794914   2.463877385969932
2.634616283840685   2.699023663143554   1.3895037066308518
4.562998690602395   4.122228921009275   1.6902236277886395
2.9646623579206848   3.890781674053027   0.2473631743124267
3.034462289075652   2.0120980459949216   1.0102563801176525
5.232247183445221   5.199510911788503   3.9768660926348396
3.775505330280753   1.2621749134872942   4.4463348899484485
0.6613958607537531   0.11444814201219522   2.3224540585538644
2.426256045755315   3.507190022912752   3.104526211480371
0.7351081423631594   0.9048224282601657   5.440876292617608
3.979606360993744   4.153910977197393   2.983212861987518
2.7040598940605016   4.9464351893720755   1.3030308033927707
3.0991038621878024   5.216914544479563   0.4769551574632482
4.736858894212331   1.8137024850392496   2.7960597374513196
3.519195473957007   0.9926777958529303   4.221590445793551
1.1336763280166429   3.0475474511850793   1.1845645658319788
2.8777274162039177   3.4546069994654123   3.311437461011493
4.172590742823948   1.5076021223909735   0.41504305601343683
4.005357739444134   2.4994634034347056   2.208534206984418
5.200339965998239   3.4610185906579694   2.392293217921771
2.6318739239474365   4.430325329072166   0.4233057201499344
1.7539228779242642   0.2873554972527549   3.826338552877002
5.071453816790281   1.721172749211575   2.345452437941618
2.7414408683085743   0.44400509058988125   5.2897782544052125
5.016535827200746   5.040346676580097   4.2494196307977425
5.195294660430113   0.23706991844026748   3.7990813134747055
4.425037204733877   4.954557037994879   0.5339350325709749
1.0604334897831458   1.3594428585160512   1.6288442975010862
1.4614059086481594   0.02551383415071018   4.133234319468858
0.3575846678019269   2.4125957999643632   1.53483781576758
3.3883856605840905   4.351388118305826   2.9771260507612203
3.7411622087411787   5.074588887022113   4.496179053607906
0.21352735270816264   4.149785730634638   4.862001923051145
0.8675439152149556   1.6545075004727319   4.673746053029975
2.7462664896577715   2.883465674686798   1.502133054828246
4.7553519492613745   3.7342069096525328   5.11127661287746
4.301670986289162   0.37556911399304604   0.9833427037514503
0.27827374204613853   3.719492345305703   2.5426168081776956
1.9938855585343638   2.7807974370141455   4.05850120097192
2.4567696513135804   1.6418779395385523   4.899431653692449
1.2735917052572154   4.627779432176987   4.9356583236187825
0.47445371605371733   2.7865108527073623   4.1934914079075005
1.371695066177152   4.003911169635363   5.63343173134339
0.2808367209065865   1.476558635345032   3.4909477203883195
2.1634211712792584   0.04333724666012567   3.7323467207680157
1.2119669986724226   3.5455660527459223   5.178682116400206
2.2922067566484454   4.362528246971238   0.7899266137799345
4.443237736883584   0.9302569093279008   5.0792301254824705
0.4550402646390076   2.968449304350994   4.168744054548122
3.6868261983851878   0.13907673873099285   0.7814858829697933
0.4996124002878439   2.1845553427857713   1.6409353862809994
