3.5981113530907134   3.2102369465643763   2.596201492668846
0.15369694887845908   2.6560162362084325   0.5592651603906426
4.977386529758407   2.8887410614573916   1.2533748867135575
2.563925162819529   1.6907012763940998   4.4824533425043676
4.428333829010622   1.1683605982221876   4.151832056295869
2.0680995792972596   4.921517001453179   0.6184273855053951
3.6553694796042198   3.7228276748837237   1.5533435343237776
4.067783240189784   3.9813911666992112   1.883944973677258
1.4895820090835818   4.5041728920454895   2.2431972461495695
5.067288967993648   4.96101705838665   0.3590652066795345
2.1513906521055564   5.162682828032802   0.6736122282122078
5.083077839542218   4.077861974379206   1.6207060867921037
0.3325520644959106   4.341715859253699   2.425401892157337
3.7737363921777285   5.1517706282316125   1.1173692608591808
2.7522421518233244   2.052201289343614   1.199480581240684
2.7168637916961034   4.839623198304609   0.864779595724789
1.3140917397962295   3.6927169884535034   0.6599439288775831
4.857358199222685   2.496024085932335   1.0395147187393787
4.279468727019174   4.4181028643446805   4.486508628331354
4.678884489039915   1.4608433367409517   4.269804705341384
0.662670287707971   0.42228518144077387   3.626416852946347
1.9166887001751811   3.1101979468821574   4.349141678418322
0.16586839255330849   1.546171419607954   5.665688421245893
3.0506443902103735   3.663727910437937   2.9613517972733767
3.4066478582040283   4.987228103013719   1.5089727898472023
2.075457181347825   0.789383045461928   0.594937176971829
3.7736928358284554   3.1715789553464795   2.5972939118564984
2.7139453870342254   0.9042900611917785   3.335763874196529
0.6107479905743707   2.9351677577336392   1.5506917210793418
1.707814862554288   3.8594399094665217   4.078556941410001
3.7513508991306175   1.3968386563225406   5.9414234921330955
3.2287120448474544   2.934794155358606   2.5989886313929684
0.9897302511090549   3.826607533726423   3.4279409348825327
2.587283276319997   4.0968131576513755   0.7296298473009886
1.965470174038416   0.3907586958022507   3.4701761427753515
4.2786499207386575   5.214437400932464   3.2891756068128895
2.7007742119787967   1.5221678074234521   4.5030079851398375
5.236186036985701   5.241242243715619   3.9485476141436893
1.2751961845973023   5.100887050950057   3.483494542224261
3.9871120167535175   0.3757812914621243   1.0527306097373283
1.9592032587288353   1.9252108248617854   1.8362384249190815
1.0611221022075066   0.04641199434013554   3.6996234901989697
4.639896276921714   2.2903526622373036   1.3037464804718821
2.2714956636505392   4.1101053289646226   3.426266405017459
3.0979155954551696   0.04042368033150634   4.762911745313545
0.33166666133345857   4.778360135243092   4.8229443904223634
1.118498658525033   1.9285191719936572   4.697824582686145
2.4272181229178926   3.189022505643405   1.0377117177070885
3.200589579493364   4.248266616864794   4.756368285971943
4.94003946650297   0.7386882301878844   6.148383285723807
4.3370288525371254   3.2338755436283604   2.6645076940491594
1.533453544266491   2.865464310243997   3.6332892555854497
3.0750846502965894   0.4937312696636351   5.259733145050614
0.8041980525865415   4.365191507234326   5.314801935506315
0.0056707080485466355   2.415052311720543   3.882626829372168
3.639662689537987   2.501064291500083   5.161228543455631
1.2614563231005333   0.9969473175625316   3.238269512618489
1.9665041488325008   1.3263072659354103   4.067021227109516
1.1554734916129505   2.4517715868145467   4.587049548064701
0.636385242569264   3.507244788494637   0.514384591470966
0.2592632718328991   1.074282209779616   6.1951757493117805
0.9942303648679209   2.2646660795160014   4.644502299704808
4.332485427728992   0.6368226182999843   1.3810636765934274
1.4688667025407776   1.1697302444200641   3.1573935425114135
