0.8750389717726684   3.502516326736409   2.938470345961397
4.633800101668727   1.248122888360116   2.019107845376357
0.22695691451406447   2.927314806501456   5.57095055485608
3.8364413793893952   1.5315135067515655   4.619795549330769
3.017968534743985   4.037545700183498   3.359961541045668
1.9068107474184883   1.6127615106789372   5.8358791835659
3.7989206328275538   2.1604527448044935   2.1070695362573013
4.873865447594195   2.5762590202758586   2.147962982304936
5.202418200167404   2.1233715282894807   2.4771650435366968
0.04909996982022641   1.5683218778176733   1.7626322174162317
0.5545399296665707   5.07013495802986   0.877227669436483
1.7571550969121819   3.4563343516536635   2.573581703723358
1.09385402694427   1.10646807679716   5.657155132514015
4.964982626823431   5.004699668642683   1.130996886928963
5.049752421262618   1.1678441107288975   1.9144960892109777
3.680512415716589   2.557920375870387   2.4312738974334653
3.2646677900521013   0.19822259600354034   0.06716048954411458
3.5957602203592938   5.262165737109937   0.49781886097451
2.7414675688820447   4.772824355896217   3.1356660446463893
4.863197652236378   3.9357262738531364   3.8724628250551927
2.156949796921454   0.8317482647023638   2.291802549844116
2.3461336862741553   3.614367967234428   1.9164963762312464
0.5038307215611221   1.3883892805552915   5.3055246811952355
2.370118840252805   3.1186018900057646   2.696445292892536
3.6998484673281062   4.703768014843772   1.6190079808651006
3.2150193494440993   3.5397281039179953   5.936473068891201
0.6857317576203362   3.356288556624694   2.8769507964823258
2.3648388563271987   1.2697980625836471   4.922760154417427
1.8317397705021907   2.4732123941685478   0.7528788663483734
2.1220800789159067   4.1832834904238   3.2093730923841877
5.263469526320059   5.280175228845774   1.1722878474479927
2.5589286580574604   1.7108164870354132   1.8125380896837946
0.6709969727594196   2.2693473180925396   3.0557441359527355
3.192293716558574   3.017508792318554   5.9248230968247535
2.3765327990641265   4.273270634668402   3.384572429144377
1.132763552580165   2.5083502527851675   2.5397753846359588
1.5602597072188586   0.6829773930376191   5.391658304847679
0.6938035136203224   4.610591896764333   3.997298342153133
0.07116598151895273   4.053601367132207   2.7694753482056806
1.5248063716391338   4.881355283130212   0.3573870003613041
2.0026488963026607   2.7409604732687454   0.6849358460674946
5.140239687471592   0.5814822717359762   6.17401823500386
0.47716573935478546   1.207420622956647   2.1605046209071004
1.126297027267149   3.410054305037954   2.9962015293350026
0.6083043837915809   0.5275346471202694   3.402261404976962
1.32398635671994   4.622505876149627   3.9923751411077344
3.5079820216359754   4.346880027905331   1.3398882798073033
4.5174678264075245   4.482402722218593   1.7538173752501027
4.36385407728506   0.2952258960574473   1.9470617609966656
2.012537060354896   4.935903098342415   1.2259986691808102
0.20638630485962395   3.6659969533327006   2.6981334822194856
1.505166134518639   1.9428964294854152   3.4676956151799447
4.039638306331529   0.4215546505197448   5.169040282001686
1.010648184460762   1.6043623744747477   2.9968671381954377
2.453668330189181   2.6034391373116224   6.22936658575097
4.363492101927051   3.4189247999002785   5.18394674916651
0.22591056153282002   0.17843471484948942   4.124562775954628
2.73526350287364   0.05391094027434651   5.169395256454418
0.8757888040181895   4.020782493491545   4.971949332660984
4.469039035195779   2.4580363463746115   5.494432220745139
4.213702244195951   1.7927651951225865   4.2979862972280465
1.647268580193164   0.2624726354337005   5.180319734239063
2.571409275282434   0.5866031896947466   1.6224159607649755
0.2595360582157264   2.589005094878079   2.114226673315619
