4.595335497099817   2.079641802186403   3.278213208008917
0.2495479400187084   1.3090867540869882   1.0258399286311508
4.481280072881221   3.148238846299785   0.603309120447677
3.276804525048867   2.1756796533925042   4.334841742526229
4.5323920058511264   0.5355699974028647   3.5052429101531017
3.0119307011558796   1.280077581501953   0.2125855590377505
3.8506522875496927   3.076164836322591   2.002195582674884
3.892849517346917   1.3585625609846974   1.964869446973591
1.9184428326256429   3.575440165415498   2.0630204927704248
0.9898410648564121   0.32102092499009793   0.2650888478641816
2.6167038516874865   1.0345394886030288   0.8659693030529375
0.5490531204943523   2.8879244774751083   2.0274505416566133
1.5014109331475574   2.8894878765428778   0.8288446424050617
4.6039286821034375   4.16643783639318   2.837041179317062
1.2959235352328307   2.3094823086808973   1.3044924402315667
3.941043109231914   4.4291221598118815   2.518821055151362
3.6255202481313846   3.5403978090210497   5.928808665889063
3.67147274330404   0.30191586177607627   1.0097513324343792
1.3845801078144129   4.288564073356795   4.776881803120355
4.9268174012474875   0.5704339341186473   3.6132624600314722
2.683080167947086   0.23631697824633974   2.0896616460895587
2.2666085075437112   3.0252132756983525   3.62935468053016
1.8417211086482683   0.9549743001056831   5.296577724065418
3.3775402179194627   4.0726805343927115   3.0360432032611393
3.035028851290382   4.763906747424329   1.3410315685819407
2.960829744482333   4.232033689154567   0.3763327537020723
4.8248995178099605   1.910116919661498   3.292909054783569
4.066436258150512   5.276043353156364   4.842202377502321
1.5816364541143544   2.5395315697655256   0.7826936748003323
2.5525027070055013   3.5372355476178714   3.0159872819526425
0.0853030102144563   0.234218859627074   0.521095656049321
3.864753235772838   1.8473641633810076   1.9334054445029898
4.975573310342483   3.7888581929828513   2.553412811925576
3.095015831638385   3.5047032792552764   0.5884319167820665
2.2167367904070834   4.5042873481199095   4.264268474696299
0.1872196322931169   2.3305286473631623   2.5585262078707536
2.946538892288257   0.5442588083351976   5.260523095534594
5.097055028636948   4.7548537372541775   3.6010221960438615
1.998957097400687   5.083622343422219   5.121329720925244
0.4529152100126581   4.612962388456861   1.2238310699698656
2.5699283822857173   1.8857014243696022   1.3922998908345634
2.0693358649392635   0.5870818949693809   4.8944153743877905
0.2587396676161591   2.9771789178842187   2.0964010116651255
2.797638213893907   3.072139566756088   3.23780552453299
4.509597235562166   5.2118581941866164   5.067076615729704
0.6562398752551424   3.9284123897015473   4.726117441126277
5.232846519365261   0.75392399249397   4.123881340031199
3.450354590695952   2.463000771529372   0.9516507346524119
4.448323710300907   3.474288499812792   3.836201710581515
4.073587614944666   0.4675787537234432   1.187722871149635
4.866468467895849   4.040952940321584   2.5352510547782607
0.917737116712529   2.254018495475746   4.254942073681307
2.121915373744317   1.6675279663478564   4.673734128816964
0.8525018656176955   4.809284878421903   4.155880508254545
1.130657884763747   1.605385985587088   4.589482159395054
0.182045844587934   3.1670309760462207   5.110674552964072
0.48047444499350656   0.7946184736577117   3.7069732057935507
1.0655945633901363   5.079672964724119   3.9005929738291747
0.7051374573653473   3.7138332294569265   4.933945748714563
2.2376109720791226   2.7269163327543278   0.6773856527591078
3.6414444618845065   1.4705909464080402   5.137612229845897
1.1404707476502343   1.9466351529350174   4.660175766894933
3.9234660774405947   1.039126274327884   2.0031146956129424
4.189302653592549   2.7719133135312655   1.4435147376268564
