3.3703219935204896   2.3401819636257564   2.173241271629702
4.182721313871044   2.7851402933289275   0.30291048166159573
0.1978893845168872   3.1710540063786103   1.4372502934662115
2.708710329462531   0.5523002762965694   4.767852046248626
0.05904584293406412   1.8209479239365176   4.464157118617784
2.0567913244624054   3.4466906049920842   0.2241742769774148
3.1187316523326665   3.4730884140952645   2.813908646804545
0.833155358476743   4.471039620221601   1.8164519378721176
1.3409630976985918   4.142268581570203   2.3870575016526105
0.5327058156044733   0.5329608787465491   0.6188868622022817
3.107912969347286   4.824482887881156   1.150897970507979
4.977954215272383   4.434135281488215   1.8836052704008588
4.081934639754394   0.12443663911488828   2.83779012689011
4.561372793702579   4.856405646840687   1.2402685078220097
2.580642674146679   1.858200367391969   0.9878797083171484
3.084386517354919   4.662601361145741   1.2580360368658852
1.638357441687077   2.389392570093765   0.1385869063155199
0.8193308159380556   2.4082437952353457   1.4477828180072156
5.265369350601142   4.202697545607552   4.624531541048859
3.4830585190915544   3.481231576006845   6.037357692144424
4.45122088493671   0.8963200834147853   4.186694177145862
0.15928647143163754   1.274224175405445   4.501755086934791
0.16986406928129644   2.472353784135042   6.262112974377442
1.7838496112653264   3.3447808580582064   3.0961566530664335
3.2757828585644475   0.15170250803782384   1.00553639538671
1.8589454599177948   0.688421104137383   0.06058446096728265
4.371980016429807   3.766825419485391   2.630232066279575
3.5004623851552235   1.7563968800716432   3.50845376855388
2.4188738582281837   2.388904319068502   2.0908415690457987
3.5953374147970396   4.2751909573768145   4.452634839287141
4.145003707934218   3.9620943306767598   6.163176356468687
2.9990481596011516   2.5245746154703976   2.738018424412634
5.233491961670801   0.5864375028599512   3.5827389216597596
2.6747501642282137   4.42088660920739   1.7948915893661472
1.5407020968506622   0.010157741394978603   2.636358960751439
0.2823761785557455   4.85007119743729   3.1179879713912095
1.3380820008115308   1.1688513183322204   4.244032498284002
3.5865834200366438   5.054945434468014   5.006377915753394
2.0171371685070816   0.903228090327004   3.1663316349766695
2.931766946279899   1.4740908507737438   1.8827296472092208
0.0654157812303634   0.17606259620655507   0.4229086384409557
0.7728512675538513   0.015198075157671631   3.9221253420321722
4.784992148076394   2.9686735359715044   2.722644588912075
1.2459630077135486   3.1158596222193307   2.583605357923456
4.847968703654491   1.3633627293318842   4.583116574443785
1.9086644054309323   4.751323448858903   4.6992551608054915
1.0424551512439608   1.6331419259262385   4.8416671913741585
2.5342169874175653   3.238620523845116   0.8967869413494629
2.4495704317612654   2.58048834003412   5.214724528847453
3.936201801183794   0.263062287852808   6.046180450421261
5.0271820128972875   2.4089638910047424   3.0818112801542377
0.8130475098878724   3.095641140010353   3.3235061505837464
3.0582558063082574   1.1473502495349885   4.836661967458008
1.5672661450158056   3.9851105661860333   5.45952548204963
5.2782492609295435   3.576498426138944   4.538441463727672
3.8826982070208294   1.5211394079188265   0.11437704813685912
4.545872049907882   0.09036378038654252   2.2749456277391524
2.4251260527554632   1.0173156652313156   3.8186705976411908
0.9708370523609888   2.200491448641664   4.576310047401876
0.8274210473191502   3.633495442397961   0.7151891186263625
4.497434725957186   3.147522338203507   5.992738794626932
1.2986730091168948   0.7492592964137256   4.181218582850156
2.5003190947651373   5.112110806240831   1.8212548101220996
2.5953804498064015   3.7114617059477863   3.9588456595768426
