0.17063642935813278   2.251137142188918   2.526555511799648
3.3746336738111014   1.4920822745626356   1.414572182515788
0.11569232262019097   3.130759535991856   5.86378564539941
3.869225429785775   1.7078979518725967   4.673509484765725
3.0466498261706274   4.6045471835508955   3.3594007090362736
2.890103799263794   3.289272658773057   6.156162844112837
3.9270241686310254   2.5060524651959932   1.7179170173420764
4.629117528302552   2.585394233600298   2.6238476512006943
0.5119506225380157   2.298649225056524   2.3947274371715412
5.112134735666023   1.8812549824216542   1.648751253904698
1.2147679034637757   0.2666281154397789   1.6336410245836048
1.43946748044092   3.152822884039238   2.868854096122754
1.2278301414657955   2.0542651680516246   5.968852693928469
1.4615509710711312   3.8014002467508474   1.6261624720860195
5.067247688227473   1.2613597409533996   2.4397400417468176
4.250029017221496   3.594768694630632   2.169290996160952
3.0179479100777487   0.4362893788844112   5.867169570982746
3.6466450093043616   0.8251914801691685   1.1613770650130375
2.593896018792331   4.312597658364536   2.968231890289607
5.079437308972182   4.489677240717267   3.7401683618772386
2.7588874453779   1.101465292327036   2.0954344402504095
1.9363377358489404   2.739739726923373   2.5711646143074534
0.3853460957124294   1.203326577964723   5.077621546619377
3.2189987060676146   3.8612239001323094   2.706750682162025
3.905624539757557   5.194443776914369   1.3466399106981903
3.78848735198302   3.490637534275942   5.859814041568569
4.8175145957075785   3.505542308107769   2.526173285791114
2.6934660750592627   0.6695292596443438   5.254823877586465
2.5871278779545595   1.65459076730648   0.4788507667923988
2.1377430417170165   4.154280124684693   3.4494541242388483
5.052477296659564   0.40536442778496473   0.7649048560434805
3.279272889259065   2.1302570566267707   1.263182177852553
0.9490569409762868   2.117351423554612   2.878808141134288
2.628161340993291   2.464906187677876   6.195331548183118
2.239827534735814   3.326475474851727   3.7303646368890777
0.4885801976602396   3.0287920443160483   2.4554282388793016
1.349136925842091   1.3270585917684379   5.030221181646512
0.545268398418107   5.125967924366431   3.3041730059743326
0.6229749383720299   3.8393698330100445   3.1730322694297013
1.6629812678767961   4.644148357541477   0.3489198395519625
1.8841521884455399   1.5318165919798898   0.7534462859240945
5.163588515657101   1.0930432149883842   5.709982918921418
5.23509014629904   1.692925787284982   1.8439547718010756
1.10681263323179   3.210771077682291   3.3313820056232495
0.3334763606956643   0.582541120220097   4.254206667896556
1.2238800623440265   4.73926430444976   3.9588462319259525
3.8093480995487417   4.11006315133858   2.609768325754775
3.7621555464802334   4.816967151590166   1.994788447096527
4.545322096337865   4.96012245787443   2.6836584637268057
2.1160183467971536   4.89181964124286   1.3599002104815814
0.4792019179412415   4.221908462001574   3.098981892424493
2.287634422875754   1.5160553999157176   3.929790636545987
4.259980364209731   1.099981534331219   5.287495354087442
1.0312635385399975   1.8581137772676006   2.885521757573172
2.088591283584863   2.2736620555832507   5.767058877392029
4.478490702543312   3.5272448570986823   5.316813939291515
0.20573551120263303   0.07395543557266215   3.692822210798395
2.3511967604029356   5.275722409779729   5.171189438565945
1.432245530858693   4.102440939297711   4.619197661578505
3.780431519117869   2.791164636840166   5.22172796022137
4.378460747755855   1.8926479749311236   3.793713123189615
1.8137667975249765   0.9903679789803845   4.844348877168836
2.715952524325433   0.8953474540461057   2.0318946237083737
4.964663636698096   2.2027660842519783   2.0295128160379123
