4.822749402924418   2.4361672071855494   3.1072924194716998
0.2026232529516382   1.5110850602307102   1.3342549189938044
4.464441533279344   3.83429002892445   0.22218891499173465
3.8433377947368945   2.549692969766832   4.664025106881821
5.042129877841121   5.237032714838806   3.9332080265841127
2.9564882864786535   2.624763898271999   0.5922048778391225
4.120508130355619   3.0859439638912263   1.8734897103059112
3.9219080695127797   2.390765456005796   1.48053935087626
1.8352023991567024   3.1830616717196705   2.2925792746167115
1.2818799333624953   0.5751196947623154   1.2532885235170046
2.272552939361928   1.5296443943920175   0.6783869177290796
1.8528860901141084   3.7021313974939103   2.0969615913921054
0.9994606344180301   2.179580961203359   1.2964780815860597
0.0900709785243361   4.405628905077963   1.9641808236793759
0.8045702928815306   1.5653973904728646   1.4644061625353046
3.9186961220602674   4.553153460138207   2.744246750785643
3.546037472864503   4.138885768237528   6.047366316565765
2.9309306998429756   0.357146190099542   1.6270645766184597
2.7199534427597927   3.550956800161314   4.092075577569656
4.873822025020563   4.896326811482345   3.804915692987728
2.1159713326047904   0.7533442863819917   1.5468461914407285
2.0103250505010033   2.0890391172077947   3.9028721358589302
1.5853539324333588   1.2658995227226533   5.041305309506908
2.6448343343343885   4.509909475825745   3.4863806232874697
3.179900144539716   4.888079870391517   1.1322782276492005
2.309535768976408   4.583344259411191   0.7532586843452945
5.028954042436204   2.3696347074977924   3.0176587874403236
3.8100952887367296   5.213738293791053   5.168601942358812
3.3315278403142408   1.0148862976077262   0.6107608901894577
2.3193389571532133   3.051427091687203   2.9764422966406667
0.23729941822016976   5.14209064971557   0.27193110747187715
3.9341299101950873   1.1566058220124922   1.4062197216914583
5.083088332994142   3.4348379267134397   3.072747039973615
2.6347294495117684   3.889935435288359   0.7365693616288487
1.9545294578068142   4.439408661122104   3.5033984407862953
0.4790672946385928   2.6355041382403703   2.9322394305935044
1.5831330222351008   0.9460906213428035   5.068846810503175
0.6189842685540217   0.21657259175084986   3.1215870220898974
1.8397724423718818   0.08803004601720177   4.2105445296005914
0.8606897594425941   4.607273980130981   1.062488371901679
2.42647086362198   1.8037808144777263   0.7583763438981849
0.31731769626044826   0.6303873861785902   5.427740522109924
5.196830465394551   1.8904138872619676   2.0919561920981704
2.4518847840320923   2.9568494691970266   3.0013496975895624
4.545482523498498   0.17984849229709243   4.349525707527366
0.908976351866662   4.759147857135066   4.166704621324004
4.815826477583332   0.4134325876293705   4.007989820622715
4.1615282228887   2.6703790976069848   1.5753820900816287
4.1811932634177165   4.408167865731647   3.0677919800293383
2.7921863881882665   0.5559184431175613   1.4574407420827362
4.892257455015309   3.8423763733256004   2.867992415418142
2.727170689111798   0.9389016227293723   4.107102152483797
0.593284437178365   1.0204853227073374   5.163875947572775
1.2158135434438442   3.3928483540556025   3.630220732081473
1.369816163099975   1.9314662753819059   4.907660643541226
0.013481683403857192   3.9767848176574425   5.5214931384342805
0.957737300025902   0.002183575672944471   3.3839262923848294
1.8584418274805672   5.158870896516566   4.280160627193527
1.5011285089538942   4.18666692353577   4.627840203754444
2.937782318483922   1.8754888634533367   6.194855989057969
4.527726931172342   1.480831035734076   4.651834311788208
0.08518036599122908   1.2218402784634212   4.629676004506399
4.4307562098219195   0.9467224619524897   2.0353584907372904
4.087746072438464   2.239671900263048   1.5032726439839208
