0.4703254025661357   3.577759645188711   2.8556723919217464
3.697913827012764   1.4110132762622714   1.4724466384563972
4.959517189540659   3.1762333177372257   5.8053693969397555
3.56733265733668   1.9660786755058284   5.018365446290312
4.09341707037625   0.31383990068302337   3.9003460693407317
2.5006093468505743   2.639885487597133   0.10322721550210105
3.4808436239393576   2.534578835922763   2.0608181320472716
4.672416994496419   2.5706846003939274   2.1767355554345684
0.2879793241421746   2.327229044420396   2.1620306230530018
0.48500051668300265   1.315043445947686   1.7078053644297249
1.6154055878293265   1.2156384787411727   1.8860072481348686
1.3390123583454865   3.1010431726304666   2.8379923848014523
1.6584103582691454   1.820206041142346   6.19416826958086
1.173304562217905   3.8992137650578393   1.6923093634582127
4.847782855839613   1.055771142753462   2.374365174566483
4.632322554194192   3.879956466833757   1.779681452994273
2.9017780809213174   0.48170421897584126   5.774524927570632
2.9507116025057263   4.513530277612477   1.6795159256366605
2.869409850047631   3.9237620116284013   2.3259452653902453
4.57788360300853   0.2277542439493292   4.069794795050002
1.6213548593053653   0.7696632326483854   2.286451503786291
2.184960275599307   2.2567412578361705   3.195097800295814
0.13484478388104737   1.4016599008437698   4.921764172691175
2.8732607386667692   3.4525157442164622   2.6695001457496987
3.559788006780097   4.5821978017286344   0.803350201697904
3.488619520530592   3.128675377924246   0.07725144324413478
4.132178048542851   2.9648795453198016   1.760200996629985
2.012907986050922   0.39287285435093655   4.814314733648805
2.64048676678008   1.8081267278126214   0.84906830899636
2.170604633006284   4.176397561659221   3.4684599232419258
4.905390128987746   0.3201859030732197   0.8346766925372814
3.228068247647635   2.200196226784252   1.8147939219781157
0.7184081207168527   2.004101268488881   3.006939179912334
2.64542137585061   2.3938208993014922   0.1263494243414724
1.9366569887535725   3.939564647472963   3.8225899266776624
0.25519273392857134   3.7106034062750197   2.914268158156386
1.0258724202650624   1.2926269520135198   5.0704092953768125
1.029565555620613   0.10686569242992872   3.269172221468877
0.8485873562691822   0.045398194076376464   3.1190667143948643
1.5422439693696615   4.582719913915007   0.7418576304209739
2.094589640131879   1.7913163815534991   0.6417921542153351
5.146994275800878   1.000183349777831   5.790100041626755
5.195382477720507   1.597205972982927   1.7300387565391808
0.8293270682902665   2.9524021028818557   3.3171840441206073
5.056953849510122   5.252955499721592   4.364743736856217
1.4350251412330657   5.162166243515589   3.6401550977710775
4.743318219645296   4.737682305790372   2.7241779587682773
2.9387935647316095   3.3264593132626734   2.6840472288500488
4.0567245188753684   4.3512185217741255   2.549937211636494
2.6263244254043423   4.986439903056075   1.4531022243146516
5.214418196430992   4.34859747299182   3.1214898767208488
2.686185043804654   1.4942365954843613   4.002744119851259
4.28879869880586   0.961590872134194   5.195085899866726
1.003428428627894   1.9536549921165747   3.3037094360123245
1.4637318734650222   2.1104695340521435   5.820212273101081
4.268649749131478   3.4704071977662005   5.382182181665036
0.2829471244810422   5.100605144126717   3.4309368997200993
2.5584446921473813   5.267529527844433   4.879439638779997
0.95508197512152   4.574545011557175   4.494089164114305
3.0472343825112147   3.0287040092218307   6.009448361644477
4.33904109992916   1.8099715619111167   3.7043912496903917
0.552894159445426   0.8659395587772035   4.851202389501135
2.3830926641479726   1.0062106217369662   2.1919384935258788
0.12300468847531221   1.952391876762519   1.912610345684281
