0.5636066845763748   2.641033901735733   2.6585949775357673
4.339529907981837   1.3798978408448277   1.8726276683358967
5.011343543313692   3.5446202882801994   5.684736105969418
3.918742763893923   1.799928821171928   4.5916806025412145
2.9727916343194476   4.535570972793153   3.3590852678850878
2.8746368288150412   2.4264726610517013   6.047776635437831
3.1128149486563044   1.8977245089494417   1.823203542983779
4.930206922469154   2.6045369260353697   2.13385493543103
4.994644781108255   2.342654178219818   2.34624269679703
5.0600265301994485   1.7251063757012117   1.575739714139918
0.9249958925968647   5.051579827657888   1.1082195511706476
1.74305755391231   3.4368415256300957   2.6623855141739714
1.36580070576162   1.8194361080923533   5.92630351441193
0.6457996231107663   4.751063902857815   1.285272725561405
5.239699841577963   1.0648778744621152   2.300652842693671
3.9251630407803537   3.1401211398618845   1.7019534223709434
3.2739867034120884   0.7814454983759269   6.20505169872696
3.8500797081033085   0.891811101202187   0.19977750850606024
2.7018473851911957   4.7175284273811915   2.938063943143419
4.735122741454067   3.9659037759329534   3.5096865776102577
2.583457763650603   0.5799577058385657   2.3813576058382315
2.4051814953020836   3.408012061835617   2.3615674390466332
0.07010743411339482   1.3649745565066422   5.125772255045354
3.0585500982091864   3.4055179969463922   2.763142672353826
3.527975215924004   4.763919946659675   1.6038671761734657
3.055566102363313   2.4050402718730464   5.98670864380425
0.438253546440339   3.003014792190989   2.9752909797638707
1.4268796339447618   0.3540044970727969   5.193056054655454
2.115762980674279   2.5243979958344194   0.8340369633671835
1.997546145541396   4.313956087381625   3.426524490492095
4.8300229890527895   0.004139513971801456   0.9237081771037646
3.0858795307265456   1.6161194478866547   1.4490376778172822
0.5802872294316438   1.8579450776444715   3.281989662609713
3.5299930773265027   3.4384901240297014   5.792099627672308
2.338197452398492   4.324020807686604   3.425234699270409
1.0371060432798995   2.531837991067168   2.512852937377033
1.2718070354261168   1.2946396438453245   5.296100392363629
0.42334674631389835   0.17339956062400508   3.8748944910259198
0.214425743828654   4.074140078704238   2.774964609565631
1.7067097964304156   4.5296868394047   0.44303458544994373
1.7027662435740805   2.5341761154182323   0.6747569501732686
5.172789948987672   0.3947393554530795   6.184722827973306
0.29277561713412503   0.9752946467645316   2.303066828083229
1.2708275126718294   3.4694907542795024   3.219832286441665
0.6831791719615261   0.5737841907152578   3.5945571987001
1.318110190574307   4.562894790599602   3.9648662855517776
3.688162753910307   4.300762261550265   1.8750635825710358
4.312019948811625   4.626992544924848   1.6100696265979144
4.4437589700279325   0.4047226066569032   2.42072979411342
2.1142320676607174   4.897073403801771   1.3411894108049471
0.2964126402090263   3.993962617300951   2.780355843415272
2.3934497294054267   1.5875633559097706   4.063642639180069
4.369596373803205   1.1139090428247747   5.185967315723553
1.0579829961584564   1.8170633806974448   3.2279547003791134
2.8186133574059977   3.4151026228144494   6.122946691154769
4.18078215564175   3.58881223428678   5.126267934938799
5.032210573451391   4.7728372854866405   3.970707778227971
2.788008262119756   0.06001398744116543   4.682779827883069
0.9470522002169834   4.213858934869533   4.961583192001706
4.508272909303533   2.5165239419945578   5.430828274600469
4.073422962252577   2.1094579742409696   4.105185213151163
1.3003080227302046   0.8328278405599177   5.029154412082208
3.0061684693221435   1.261607317325165   2.0257623023261666
5.252953359787859   2.238054759506761   2.038126071496547
