5.0700942989778035   2.9374824098378993   3.116304320100506
3.342996174014957   1.1056901746198975   1.7446369239493653
4.783905242706169   3.3337121035752824   5.659071801119057
3.8074298364385912   1.412270452528206   4.5965888135757345
3.9413439961533308   0.5755867790930931   3.545029349853388
2.4163132711141504   3.2902918181157315   0.13220928112633346
3.274203195308953   2.3294923030414023   2.3520326167609302
5.143533747916907   2.3738528030735373   1.9913108302615028
0.6440901212975547   3.1229958014134844   2.8162875147290585
0.4437355828324291   0.6734958507848503   1.5030010402409986
1.6795355997871657   0.8014397799511753   2.0134319363117266
0.9213015498168775   3.258377609521776   2.9717316099540017
1.8097942524208204   1.8310851850789605   6.046274704243506
0.5818315490334869   3.978905121526298   1.8002135198363354
4.782548058709921   0.6763240234562651   2.4899671779899735
4.3163643159397065   4.301712503672174   2.1146430072405145
3.5761507089425484   0.5348788368096608   6.219377118064824
3.045159126567445   5.07141354637405   1.6464433043193174
3.6728442755902573   4.239531485175998   2.69478622305704
3.689799461023325   5.185209069252139   3.887394060766804
1.6603304469472202   0.5630811410059775   2.0284031755947494
2.0775457139903266   2.84276184501655   3.403478616016708
0.1698335788829004   1.8650875345965052   4.824263820877245
2.7905925974681476   3.3941706333583785   3.111814763336232
4.447959086436932   5.215359274242562   0.8701576540693154
3.1703216351849965   3.7439667986178296   0.44980734117395027
4.025831955024293   2.699184700327549   1.21644344144
2.4059297611409556   0.27485885734449006   4.845716761900212
2.5951300379070616   1.4767166930591267   1.0007665854020977
2.4771583476752728   4.10219788766827   3.297704160500681
0.3464232708032159   0.28649563698025793   1.1483781750836366
3.32765579472091   1.9394832430265487   2.02473784117738
0.23687185817304168   3.0139462692324455   2.7498504295707886
2.3247733827411805   2.6796760207775634   0.2009511611350572
1.4774687468263308   3.898848761441885   4.082992562638791
0.06595967040177841   3.2084963097617125   2.901313650786464
1.3055324660757863   1.355629000824051   5.420454898301202
1.0858458975216458   5.083685591452836   3.063781958178522
0.4011122567217751   4.781688846396353   3.347688233267785
1.9642350709891157   4.745337027497806   0.8407207647250873
2.2212954757248036   1.3136613840654614   0.4218884661613504
0.08355876153425434   1.0119866728557205   5.5102073006002845
5.036761310045431   2.0507689669297116   1.742956845004298
1.404819298624911   3.143048882715359   3.1393124515555146
5.109642260545841   5.278351448830212   4.379325411636005
1.7662404081382368   4.608553764677756   4.165784164678894
4.8632470425366945   4.285501085654021   3.1335067243919155
2.862418301044176   2.379562518483593   2.4788443377298908
4.148276546727484   3.6145052564667566   2.16997156385007
2.2606346780418867   5.152444482176948   1.6566882593144994
5.072163228639421   4.737670812171301   3.3873525879715447
2.4164171040006988   1.971622118771321   4.04075048649938
4.526639944353098   0.8830976958942155   5.366907125106614
1.2222007091766924   2.2438011620279186   3.419273733326228
1.569024804128829   2.620989976002456   5.798047806372695
4.240155908261417   3.254043739887244   5.111223864589999
0.47235922786398615   5.082680174362468   3.3660355416300596
2.221500155223762   0.10662307692473327   4.816535069941127
1.3341254452018927   4.340275926214829   4.457188811838656
3.7075475279517995   3.8278291940091425   5.927312192189381
3.951030162847374   2.13258687895666   3.738593716642134
0.5602946596874415   0.9090622516916171   4.750532505783121
2.4704768444715306   0.7714029916407196   2.323116801497054
0.16832387852959846   1.5628687510139758   1.6754298907829965
