4.15302340371184   1.808736082800995   3.2321474310005356
0.612993891377102   1.6364615671877625   1.5287746745697057
4.035258146537759   3.006057704608545   0.47401702494069053
3.296294146876564   2.5547613003508896   4.523113483962666
4.445266200701129   1.2878074029557676   3.375305837657459
1.985523920333927   1.2730209864780255   0.6002675803393962
3.782780490299966   3.592549796081578   1.2719352344674415
3.5008341622428505   1.6524553479736546   2.245665691052695
0.9657144713011291   3.610123077672034   2.226116642053769
0.4510266838312189   0.9513600703552818   0.5918305209442282
2.566948311633242   1.2687563346368396   0.3850465367775735
0.5439097796228964   2.838599586246067   1.6720509216809625
2.0678889290151345   2.6377785261996594   0.6350584622423945
4.484560993067626   4.2429426308482325   2.482459629966749
1.4875156054723495   2.5075911836561953   1.1488278006768433
4.307854273338313   4.52692746657741   2.0813162299200796
3.749965565755778   4.372758034501991   5.580153258832722
4.263811918278598   0.0631307924410986   0.9497804092976622
0.8927689916104109   4.218282641619058   4.436818696208821
4.927218718033941   0.43900361848598735   3.6016502262490926
0.9286702750158531   0.4596574577051669   2.0766609510713114
2.0658497885561173   3.768537676707444   3.1698388454705277
1.4524022072011857   1.5848186192620384   5.544701331289909
3.428977222285921   4.301601308628671   2.705309414975849
2.4347359694946413   5.271902230771802   1.4507941696505555
3.248359869928491   4.917120186062558   0.3498643442213996
4.753149815351873   1.9845786634550056   2.648931620426551
4.583364388781165   5.134233302448785   4.422500276559049
1.79133855034247   2.711830651184313   0.6286322493245898
2.568183098522609   3.4039114556019348   2.8353069222304934
0.07756622810317548   0.23808120850778422   0.486806809293712
3.069684530645764   1.7624140441058547   2.0684170732622174
4.830767943751539   3.982921434084255   2.6271774819378204
2.870510984567508   4.110444466828403   0.6926332429643356
1.9884423612874607   4.775336187912972   3.978745601839842
5.023524781353717   2.821967016478042   2.325391339946907
2.981597659689103   0.509547396449228   5.359066425201041
0.3113564456294366   0.3611610611178866   3.5068557601259642
1.569099685985816   0.3032609534516002   4.667892784926422
0.2002156839510877   4.176348399048602   0.9721425029927953
3.0297110250729875   2.220742374610254   1.571397662094906
2.263855935981231   0.5862461244833646   4.699876124900551
4.696466297657205   3.041717937017127   1.7489195556373596
2.9019268559837106   3.416426309455024   3.2188529748303556
3.8888520606009918   4.9431374689263565   4.72348002258056
0.3053548930536228   4.964406528873376   4.433372378027809
5.04095251800472   1.273403691254416   4.424624319869627
3.928454641251347   2.5725516197473097   1.1540113041027338
4.128793711481834   3.6483664573815   4.278358134498314
3.608542237270538   0.270429086478169   1.1421742737736584
4.628571061653446   4.157554027769248   2.520312206671742
0.8428323728822338   2.2858305887667356   4.8164097723450165
2.253088654201231   2.07782350482309   4.511210776395133
0.463877515754601   5.147525492221683   4.139118580113402
0.8307570130568658   1.839677788615251   4.7950266860517035
0.7474105813956293   3.698094778559306   5.189013338742883
0.561120223024856   1.098537663931657   3.6672829779085965
1.1741426241363886   4.907563390545115   3.4521086292514256
0.3159636482293652   3.077831033913149   4.999568032140703
2.3551057588316096   2.741412902657097   0.6338403380676219
3.6652471880400723   0.9626745168432556   4.908023319062267
1.2212072917543395   2.4882121787455502   4.266150710123973
3.6602256392364243   1.1461457204608025   1.7893499314911594
0.1960949325617916   1.9878912207265083   1.5374287644411302
