1.9467184737147631   2.7972961722916008   3.998884692475444
3.8702588630736994   7.335707590177769   5.5956758304711745
3.7320685372619633   5.10515873146523   1.8949788422196305
0.0831835186254016   5.490067796926246   4.766513103610864
4.56639906278299   6.186157233146743   3.246885149759873
4.802707875604659   8.010740254384334   2.194408291432592
7.235699863110083   7.894619436073082   2.2008943130151986
8.448347831832862   3.06127332493306   6.257931698555244
1.4358627652710525   8.730881768542343   6.053117494116124
9.279470149313168   6.5064187697132985   3.506534677372949
6.728510418403995   8.927344863100044   2.781106578633617
5.985208560187131   4.812934624131815   1.414373084747948
3.5523699012035213   1.7769758251680796   0.8217276410367269
5.1408174919631975   5.225786530698395   5.145129215885472
8.278494983801247   4.842493069769521   5.469447463270612
0.22500375530343397   1.7323502661833166   2.7571805823733353
8.879714074131456   5.743484265622057   5.727569501959747
1.6069045272429157   3.775219025689271   4.791500951867086
6.043623964165466   5.890717972301446   5.575842569787326
1.0679945357733645   4.577453772249495   4.76247218272508
1.2070924665905731   1.8413693708200594   0.7300546130828914
9.601569267069179   8.048842944463177   3.86568547876027
5.293041485088994   3.7352047303740847   4.8385864492317445
8.331996683974067   8.216435830851916   2.2547776871996366
3.763810255867272   2.886692842899776   2.1787949063727314
3.052063854516012   0.7430719692922824   4.247478925903165
3.0094272951353767   9.056425543762485   2.26000890899406
2.72171618727622   7.988182818048761   4.928338725039114
1.877888014135975   9.596862057023396   2.9863028209218925
9.13310266601618   9.214496140323085   5.959618429578602
7.5636934646277005   5.395927654037272   1.3995615314773802
5.516725764628342   2.460554649022803   2.956259137332915
7.880707064474895   9.141221034971695   0.8936839241630194
5.323099416888366   9.269371742278485   5.066984893245784
6.252488367156833   0.3444828072621936   0.6155732641745648
3.60615923573205   0.05050865662614956   0.7720026190886481
2.099419590675935   4.919440612032961   0.38695805021114055
2.8652497475864998   5.665350014354167   2.4997458543052287
7.899391111323722   7.322268446069907   3.6083407606206586
5.523300230649777   6.9706688129487   3.066469319260115
5.845047712369076   8.031475434061457   0.17109892279898367
6.337223701975613   1.275758587873608   2.4478005931082607
9.028210502110525   2.3601583362469922   1.415066210602753
0.4532998307717617   7.03851009734733   2.5118883519357804
4.5573594157839965   0.6534357118947819   0.9515976302672585
2.6981249257030604   2.4391284884089712   3.900342710504179
9.355535037077146   4.55963528791365   5.356578783758805
6.691661485490446   2.6446729561501874   4.880151968553102
2.319332595505861   6.881298553432506   1.1227779759105856
8.064939208565374   6.146952996669047   2.816784269257612
2.703763057143566   4.172346787440912   0.6266036957815045
1.2898707989170801   7.335194441951733   3.645295347982163
0.20209662364828096   0.6729193993579278   6.064599648820051
6.630614986504589   3.5399141855897582   0.7782981507956486
4.36393140467883   3.6242096424576844   1.4319236882587787
4.440556648585   1.7295908204694173   1.8607071462736817
5.429738886413538   1.3192261948589898   3.4093386610196306
0.8761376313819784   2.7112673954527637   1.5990862290804018
4.016830869051028   8.64159666424519   1.0809470859315538
4.479137583183999   9.386352227733768   2.0213822443792484
1.3672848154695   0.9832030667280275   2.924520990982701
6.838175090838918   4.761591250968826   1.0329098815069488
0.5845809114833026   9.011101250358934   2.282499430978834
0.42461089249684353   3.5454101374666336   1.5395362467015996
