2.048922792165123   3.503686642174726   4.848482402005874
4.404202748351825   8.274400547286646   5.718625769430151
4.280466857726957   3.671055800253483   0.8973669252190726
9.805073744037365   7.489971939730784   2.3137681303717508
6.354597682903131   3.173639875376848   3.371788967929594
6.5893103403210045   8.32283895862305   2.5243208574241427
0.2562664162445197   8.871889045381051   1.9071076864343826
8.488021289911655   3.9612255723450076   5.809060011266591
0.9266769200925655   7.367503874477946   5.605019898466572
0.1795466093963032   6.624073307376281   4.615113839933651
8.399612372904066   8.462664050059896   1.5955365336430425
8.882211818909688   3.0228895125171458   2.9785949250364236
3.250711963591997   9.070585461535593   0.9350989755723821
4.325712568724318   4.694125608083604   4.375296730283985
5.934731257304421   0.16691888300121605   5.3637090513706305
8.192415376441861   1.9134032321600642   3.27765494086877
8.457521182356937   4.807596181968924   5.070092724855997
2.4875208728835174   4.461764310135869   4.3465345911191875
5.266354447985803   8.098815595893317   0.47066697955416226
1.9741450072860784   7.869762436403531   4.072084591341067
1.6320976160685925   1.3290651850586466   1.0669363233691382
8.981026060451736   7.773303421985033   3.583270639928434
5.300776162640362   4.532608778067529   6.156201206262554
8.207434556867781   5.691040252749005   1.0281314885821302
6.146908203690334   6.03151494937154   4.140658831143798
0.6568699356852585   0.32163104992973585   4.782877620133594
5.234297558418904   5.595616037885727   0.26089791149765756
3.5066062623535137   5.303275575846551   5.731709689375044
3.513389901459569   0.5252803807264912   2.3786115941695396
8.950621831016939   9.589141996589891   2.1025765392003315
2.40793688866664   5.818983412759679   1.2936802585018035
7.261333215237375   8.989330338516723   3.431845381127083
7.5861815812145315   7.625301967999838   5.627308760537238
7.597882316975721   0.6969442420515082   4.6301249675995475
2.3848833742789197   2.2980510127638407   6.067607578329204
4.585072609799428   2.7471047329711027   0.08144598532346488
5.337517366116108   6.442585630453479   1.429549083255206
3.2928466269654075   3.879769922888574   2.7185944958569843
6.564343295126897   7.280866629889055   2.9187927106984524
7.699351029411144   6.683187037034724   4.303945514708886
4.255529298255796   9.204532092095432   1.1796714922277607
6.42782943334468   0.9263652812489463   1.3751547685871477
6.803264392648064   2.014851365460002   2.977115012775685
2.3821646889187886   8.720058302572344   2.0781234760819127
5.580472312014593   1.5015428130310864   5.867994407945508
4.289546726273138   1.133246783416078   4.3437939002947275
9.652696725276927   5.401112775847945   5.109304676453246
1.4819369909716402   2.4214437922165724   4.335967576152814
1.5145677108437878   5.063155376611867   2.128811763754269
7.343891838734988   3.000707502247382   2.4709585889150474
0.6885995039583626   4.1536786966382175   3.7786464705584293
0.99971552603177   6.02296228101644   4.950475675659843
2.173113538590251   0.15465908598992528   5.503178872057064
5.17717273801588   9.226906208024644   3.6384708081513866
3.1229847280055285   1.5559015265875837   0.3333375604131455
4.779567803926304   1.9052469616530188   1.1953264335282185
8.501247726303317   1.0053449594991062   2.125101795249259
0.25901911404576183   3.2977572835937212   0.3474704728130531
4.284144304659854   6.978749808875547   0.6770951480021679
2.5770307244950756   7.0138527703059275   0.8820213526410385
9.603855252350726   1.0380345753531457   4.837843832218678
5.442292433336713   2.558606993141332   6.087679189760559
1.300126530131048   8.825748192011089   1.2886842395821227
0.06964861985470377   2.415028015071375   2.878685345048155
