0.6250788324866355   0.6444299714966941   3.6799740040391935
6.502512513363558   6.778494542142966   6.010282670511703
9.68711197482363   5.200732110985734   0.1621797675894537
9.017265262836997   6.332033014075454   3.1962025549207738
7.810401136005346   8.719118861873403   0.7359562260364865
8.72122384698113   8.437637646573931   2.3937417171026754
5.620131476230049   0.2605237673625427   4.509166915593203
6.207358990250176   5.0962384646073   0.5971147727289895
4.634504632907952   3.3322476234347134   4.609247429792557
5.429062806404308   7.2611238288775635   5.255454724665506
0.7509169207584212   8.667917152695559   5.411547690859019
6.981120155982184   2.3301916768243616   1.4427456016290932
9.617292129423548   8.975053623041292   3.0420790931137116
7.4258076160366935   6.267462291310602   5.205935533212522
5.018138080787965   8.295813223500431   2.999970591380574
2.933894013515088   0.6882483269752381   5.679428257727245
5.312818683736069   1.1102730002080246   3.844916049710928
1.8514586269786588   1.7984052474960046   5.86164682747524
4.699870575604166   6.46759076897954   0.7216362333356721
3.950577268392302   1.4164158709761148   4.381050917888464
7.972556188094146   1.9108115066184812   0.8069869160568255
8.192556154498611   4.5196065413908055   4.427640629856521
5.852124428504395   3.272571386107326   2.780913651980071
2.1971196432871163   5.181493613709335   6.060311740335295
5.778258516999159   6.1362385990962025   5.790595916134285
1.663903443810751   0.14400788898691108   2.1110494005748164
6.925254185321564   4.484524913103329   5.29314045421917
1.1793631786767071   4.129033543857824   3.513462146991288
2.8644629836268836   9.452025115611956   3.066775909398168
1.3203131009896356   3.07005417854508   0.0934846540918391
1.203823827284629   5.52634487410945   3.1299556989785833
4.538790872088794   7.524350473960035   5.209356350527351
0.8854634831202864   9.499517450187012   3.9949010035245163
7.89637097032524   7.124195421446997   4.079207867454526
3.5563419186174965   4.789256635025819   0.4383554059751915
6.726378924870481   3.5623461979769586   0.2107306799283358
3.7880862221043063   6.89816150941515   1.097565492123897
3.027817876439205   1.83141653309296   5.007568816553801
8.491700640647517   9.669391705240837   3.206551660829605
7.181086834223287   7.92858918133875   3.654957681935475
2.4829802550940387   3.802004521037517   0.4350354757299024
2.282777651799111   2.9136885474387406   5.474807837363307
6.7533623969667165   1.34991030351186   5.316970123731671
4.6807359594446725   2.435582769843571   2.9417348635616847
4.256584354540815   9.337409524013069   4.529754095897944
3.533255743110722   3.0341643452023233   2.251758472570391
2.4130523774312227   6.11638729743076   5.172932346420504
0.7773036488254579   7.3500478800528155   4.998524460917546
3.8753329119290423   0.3307153243413673   4.586911002659201
8.177483541184111   2.922587284213967   3.775729597598124
9.16052218167984   2.143112421481502   3.368799061646858
0.7207958654716433   1.8373799050745285   2.788871706324614
1.5862429465985262   7.912245949543435   4.411848530489681
6.796833724758703   9.149208051249673   3.8033781599250718
9.702423831604255   4.322260332457835   4.452246449887796
3.374103296223349   5.95925774606365   1.6698930836917996
8.712393130072368   7.3124965968312985   0.2945596113807054
9.273413023846961   1.0815020225931906   4.64097127701279
3.5708188159819936   8.428431301978168   0.7599033944225704
9.62000858023154   7.970260084787776   2.0109888022208384
0.9280069146706066   6.462580806800733   3.9110587356004127
5.769911852818452   4.162590978299551   5.774050375375754
2.3274013894961088   8.590761625924284   2.0752089384852193
9.632084903705827   3.2784333271749886   1.2242807762490575
