1.5418894752532766   8.04363108566386   2.7286473868669665
4.7830234902986755   7.700096887358134   0.5428718570240781
0.8637291904806563   7.466809590042369   1.289677423370371
8.681581347469171   4.558549206848767   4.891062005697569
7.2737058962057475   6.767836289775802   5.196573478523139
8.145186572647011   6.360619708529426   2.2615910392753484
6.867704504510112   0.6336017707021806   4.405601053460707
5.713283703156575   4.554929016286092   0.19499483155142275
4.515354023526911   2.5724005065867717   4.660962412990673
7.1704985214995345   5.8513812657176825   2.88909009886721
1.6414069791585142   6.16080525252613   5.655094192997343
6.190738956605712   1.2423487602782533   0.9669885039044475
7.596423968850942   0.02959891194995201   2.3392485543669124
5.733256491680023   7.861837476538828   4.929182537772288
5.276435619924287   9.637786595981815   2.9332484251259032
0.4381598078143908   1.6077347720895672   5.563880940749399
5.069383020867185   8.58225632312352   4.694727909464316
9.155678052272373   0.9324026768640352   5.384546382083005
5.385225067641035   6.983688493508813   0.7185113704388593
3.5113348141067404   0.3374298442894843   4.075530280675905
9.320233492926828   2.3583177091994068   2.7789813367575293
6.816293760157481   4.468423654736798   2.8785475695304465
5.616519803413483   1.9221672255385494   4.194278252272084
1.0325960896459807   5.27475578213052   1.1491969418846082
6.20939587275117   5.2850860662065315   0.34054609489705256
1.624570412017641   1.5131261798733533   1.3062134594733652
6.750553257197707   3.6353939293294286   5.798649412936541
3.5456320200584623   5.019986703273721   3.2836211733611664
1.996338254268979   0.5392981268896553   4.216287200281632
1.1883344909526237   4.153226179052897   0.2585863504203415
0.4258424097739052   6.476015446102922   3.6334708234133593
2.4484524862748684   8.33534552512212   0.5795014821413428
0.3186974280168413   0.5631371731344965   4.2755315049550155
7.954868396240727   7.937198362377872   3.748297409932614
4.822378088562842   4.680411815342166   0.9398241960148825
6.092548588024044   2.76276091259903   0.699933282091901
4.373830111805669   6.091717797704723   2.6760959869059815
4.49123991228881   1.3617734767415672   5.849813094516892
6.284343300630239   9.175919972104849   3.210804640061672
7.69531507713856   4.441099156838904   3.165639201222617
4.1336516113209285   3.4662821161859187   0.41156176875131767
1.6185662829846437   2.553396064830702   0.08776163767077261
8.171597606158542   0.7194694120383149   5.277067625262521
2.5993623088627773   3.1633920175415877   2.781866852618168
5.295576618344782   0.8097108605534016   5.0859440821848665
3.176100617119833   4.118560350779938   0.8730866052975906
2.2151640112317406   4.015339051164679   5.885064591520962
1.8862256996389328   5.08693809275484   5.642431951682
3.567536671610913   1.9598812878153509   4.702221990424303
7.711710046744069   2.639973265284741   4.804934921877678
8.469375025702648   3.4371343887949224   4.4881488102377665
8.219757298991405   1.744461723618477   2.0694869025913194
2.668639534210267   6.174739607344057   2.8882298782599216
6.766094618369742   7.723732764154709   5.449919055386476
0.04193797727442039   4.310867808798145   5.778374315744201
3.486689590292799   6.0956536771016445   1.9896980714717678
9.197567264030472   6.699824634663749   1.0353389309703713
9.195510669713574   0.010521874350787996   4.618492219231481
2.920619391237746   9.286637740014438   0.3578872240932246
0.4728819334127251   8.800967438930648   3.520406090516257
0.15649028154459188   5.198788649695894   3.41007019481871
5.540066628282447   3.669746354253923   5.53980314158847
2.738973191233593   1.504287634212392   3.077095882006922
0.055453813356779846   3.113554322840872   0.9670068163202725
