3.30893422049076   8.862336348880012   0.25962423200146834
3.4232765436825425   3.1622716733580076   3.6605432193289764
5.113506054663803   5.0228325227420605   0.9179235507494663
5.734775909703432   8.447926186942938   0.5425366742107263
8.540087087784745   6.073527172172539   4.289295461304981
5.198109885398833   7.223371080433686   4.514676497428459
1.0328548862740894   3.2078298126318403   4.958121129386773
0.5764671473176672   4.008557902718195   2.331796637038068
4.88366035611975   8.0821698510335   4.147908976730424
5.449205449919538   2.3079368226625165   1.0345101257788507
8.463002102001111   1.3321121347508895   5.906417762539174
6.118196921644646   1.2580897851680204   5.608001789897236
3.792613460500076   5.411216655187096   3.1618337006956994
1.7842470780958335   5.589953633033556   0.39420147600894284
1.6334545014460353   6.5804943594663445   1.541329310487781
7.677443334348533   5.217197685248223   3.7249739048242683
7.2068361416704505   1.3951958528932806   0.709211685025871
9.54571194542574   1.8977070511709546   5.997299237183461
4.714377133782478   3.781767713497671   4.017132273608445
6.597355858088972   4.3422435649821   1.2027210083916917
4.663301517964939   9.748653673265723   1.4613320645875372
2.5340422978667143   4.757238491149552   5.238434187464395
5.972635817836204   0.379029930114519   0.2623700095431802
0.19570322083656339   5.3112262131655115   1.8014582215625194
6.683395322335603   9.548602095119271   5.787408489328717
8.750983990621732   2.387475731515854   4.701141512287921
4.555852463273087   1.9321423022082551   0.6586352938203923
2.179505297715277   9.470448602970626   3.8715135103237364
7.733026319638775   6.850080708493708   3.287408981314848
7.822716727054115   3.6237658311335004   6.25105793925152
1.4804258440369316   8.316713916207176   1.1651591504686831
3.218452840846113   2.0642946311801547   1.5216988765152046
1.2724629894622215   0.2039144866727316   0.2049196734090839
5.485988425896132   6.43792158720888   4.107834669906901
3.019973173459728   5.64257950370166   0.49580614979368814
2.270087467502549   8.125094895738552   1.5877234388778216
4.943456393623766   0.7430055402836495   4.196075917243849
3.8101275239654835   0.8174334527428312   0.9516382106772193
7.861878776575466   7.8317404032622315   5.109955345990807
3.968556448009862   4.005970803048793   4.903667354148826
0.1466872237965554   2.7826280148846374   5.612546372265661
5.8349150592810295   4.135787230993355   0.9928198340786433
7.5087115938982745   8.635312423026535   0.4507402051313939
8.564474090817233   3.328828378280414   2.569025260240069
4.873663932605689   3.017908624772462   1.699825364237803
9.71988692192634   0.9335850205976439   4.501333753361833
7.895105189344842   4.374718776722762   2.678367426434403
4.457676896326378   6.733376588393561   2.790553197208391
8.737772698851987   9.658416228352634   0.38797801137304855
0.19457584165735015   9.719664978822093   4.452971744411454
6.745727267455811   5.196951720989131   0.7446788798583884
9.321348386033465   3.6312692599988194   5.493735972336325
8.932384179815447   7.982606443085737   2.0828897304346277
2.0795029187070586   3.9334667833343806   1.1101508011047587
6.65372704144205   3.4432914874794345   2.5681680856462563
7.508562610981289   0.098470818408531   1.4828632446169103
1.0522804068871854   4.995499842905148   2.9575886024205116
5.980638843967513   3.055409013442688   4.132865641025951
3.110252850841092   1.21396529270943   4.677975578863402
9.19730168470909   6.857048673104092   1.5152471905836153
6.595858449928741   2.3320089039119756   1.9393825060944772
6.922719039495447   7.710918297271028   3.5482516651217404
0.3628826703721639   7.798685588893959   3.246562681808875
3.3491887388730746   4.455679401901002   0.6182543893186122
