7.979707938883239   5.949326100198489   0.5915020902767198
8.972021435995229   9.38817265557888   6.019745693774049
0.0028707828531224777   3.892621965243657   3.6126362745508245
4.304766264774079   5.811460362690328   5.337635570990154
8.33033827932046   7.2269684086618335   0.9409385567986874
6.2408178954558755   3.9886839712028777   3.6650483593146186
5.563837342284028   6.729050266105594   5.995710056967391
5.479238966651911   5.31795279420474   3.9209463497114045
4.22672412790773   9.448778913150363   4.842454636980052
7.099575354047124   2.9987990647244964   3.9237961136098347
8.132870237087062   3.5695896219695347   0.22886821623350717
1.6738034172991565   5.796918569676658   4.500201494821531
3.3124618302999296   3.6627712262260297   0.11950631526355249
4.163646405256979   1.8378779721295748   4.948871245545285
1.618963522373277   8.152221399427352   0.42608862514846235
0.7025045270682309   1.2249710741770348   4.8917306506706675
7.567586081926608   9.609628826769761   4.477011344933197
3.6319410368617375   1.049206659224262   3.7685437709808656
3.2082589772183363   7.18742150597917   0.45161149557666797
4.817011864673241   2.6312659615009055   5.30601372443666
8.629520454450576   2.880610432339477   0.11817594013255553
7.000052958485588   7.955362745888983   0.3588408708318177
0.1554213455118294   0.09240625643812272   2.9521766914767427
9.392494037862837   7.42899242878895   3.791388575421706
6.549478505405473   6.029439540603435   1.8773468127300652
0.2183771095188879   3.1746444998106615   5.844341727677228
6.536013114701299   2.399300766875596   4.408057545509998
5.331973049152061   0.17767024598245157   4.8973092974076105
1.4633772969617975   4.843616920695301   1.9773269613438693
5.401951426831248   3.51323230192675   5.95613984057487
8.759816869034193   1.3595476513777907   4.9110285555032895
0.0640403818552322   1.7062747730046972   4.320095020139801
5.952325888932128   1.691435069385546   2.7212536676762076
0.40980665720716736   8.061593236055725   6.156448016019082
1.6423362478145918   9.55406577961096   1.5339886378024683
6.36868556129844   9.32532442637228   4.387119917209134
0.9050669561548956   3.7142570557322854   2.2072786368908046
2.9292463055576254   8.861258584594033   0.8490647737667816
7.633110131622885   4.664956538774924   4.894632298437544
9.281218244783624   5.7123510060857265   1.6096898061609786
1.0591809124928226   6.22135098032227   5.082470322966587
3.136336463565831   0.0928833137386717   0.5968969120577865
3.295749869903988   4.588062517852368   1.8890456178355028
4.2730167458056565   8.3752740721747   3.357481323978416
6.942696153199833   7.103707710377567   5.795026465952985
1.8816468854328936   1.7704699131099413   4.741894957881344
7.440749793301112   0.6694454260916824   3.9118638397135546
6.318494226608654   5.239980025030345   3.9854146418084317
2.219185168782919   7.04997910092495   0.4596001565637913
4.453288480266738   3.3106339988170514   4.6294018876625085
5.967182038566659   7.566447727508718   4.936931414482213
2.2296340476565017   0.561689020297447   0.2815496460738711
4.805691062809991   1.290606495481946   2.796408180014023
4.440487436544419   4.412519754049721   4.945015797484329
3.3623233273784026   5.90830341778982   1.6632285743843855
7.487348239082677   1.8032888812151342   2.414613096778099
4.370027746401949   7.1287250529043265   3.6364627721490965
2.626795542053043   2.621547176986598   0.8389699695790928
9.276337801799018   8.36165686726827   4.797815782192645
5.085897519607305   8.735537036566056   3.11259009849591
9.791541132726152   6.690786876127185   1.8853259076682563
8.246930741261721   1.8801201153111   4.364480004536363
0.6244887953077505   5.273456394922501   3.8691120976407274
6.000617246887571   0.6711609947916095   2.0253787982741813
