0.2941051949161204   0.27292382801210446   4.912082673061776
1.673723375889956   1.8715738230798056   0.1893277133172962
0.23700554417084735   6.193907061896367   3.1891447677436076
8.40167101706001   8.34943814291437   4.4395981042933705
2.3710801066627356   2.5434713403340607   4.721605493025275
6.247551566187379   6.2057509922934715   4.245732512779106
4.68226162104898   0.9898923124535502   4.8684904206139406
4.532741980637164   9.139176518684081   1.9357050742106239
7.1559337469539495   7.471511914670972   4.259985512143303
7.340853332964034   1.8424774803173642   5.889959606608608
9.36515364198114   9.329721576742882   0.37771934389837625
8.723123040313691   1.664280020094778   2.3648878589730358
2.681143580193278   3.578113905551995   5.652450832086965
2.541922022228889   8.762498876798828   5.262034353889954
1.5913884381414896   3.7323625170838746   1.188009943594139
5.124305368733339   6.314038630896056   4.795677269430984
6.846447401461176   0.9523154536603337   5.9879657962846
1.8542566480895932   6.393568816294421   0.5074253463710551
4.34689872321546   5.541910058966905   0.7306257403674349
8.654662629595457   5.123154366728539   5.589334638699319
5.181234241396068   7.494874190571216   2.5315691767295574
3.205562031347957   9.225168046217437   0.6420117102816307
9.298971130241597   0.47325976453287555   2.9202318694474436
4.716551015763527   3.7758798711779376   2.0551108289854083
7.472306156974983   4.5169522978348535   5.104150914810406
8.409559060832432   2.918007718693716   2.954211482221452
8.500193181616314   9.384364693451937   5.330244928496798
9.629736984632308   1.5929487569454643   4.406866051155187
6.491487926098625   3.454448636459623   3.0730350235277464
8.01251590600725   6.606513128825086   1.1483535055156353
0.4094468086774371   4.9726563394054475   4.381924178127937
1.920166275806829   0.046126654559774494   5.51234992680342
0.04417136990220044   2.955368069433499   1.1973925140322779
5.02685750032557   4.997856662050724   3.286164459551369
1.8137056677128933   4.644844688255565   6.12940464641377
6.0469195067872965   0.8997940894839525   2.521431660529299
1.45804867912599   2.603485329364111   4.506518622821426
3.440728171721339   8.345504425661074   0.20997176350642832
5.611604777594152   3.647472079522897   4.622009125069266
5.953900292281059   1.8339919025516456   0.8905388201641012
7.543327616774988   3.6412702535313257   5.255143934285111
5.189734924146396   2.6531397594568764   5.552077127100069
9.20522791697588   3.806661545341374   1.8247931638865613
6.246003020811607   7.9084349915622285   1.0560465964809256
6.2988754889392515   0.0628549246499226   4.241537020816294
1.1347593610867674   0.7246555126797636   3.805426719301739
7.150843002943234   6.429057232761595   2.904479162135048
3.5648062505511326   5.679260459224773   2.214799903668914
0.14211949827892845   7.290655731829382   1.2388077356097775
1.4867147677177743   5.401046813704235   3.658233380490706
4.2502577623563   6.7953368440738195   1.6294379654297422
1.1953469640158263   8.445930251825537   1.1181262890861725
4.319725318014391   2.5135629480932344   1.68824885655741
3.6284747851482595   1.6536177710460835   6.157553426346236
6.516889859388898   5.335304502426266   6.251218141935262
3.3757848247042745   0.5461718772405106   1.2512689996924762
2.922313374740838   7.407577331190138   2.2466438038196657
1.9624981760312616   0.9264282006963974   5.311768786507933
5.727075119078212   8.955639058447234   1.4455385736190212
6.117189127545427   6.9206432221688186   3.722971084201947
7.763097742952147   0.5416514143561235   0.8459795591551973
8.370540026128483   7.353423154624665   5.355759872388618
1.1492682987573102   7.029940031411669   0.4281848345665371
2.6145063203792493   6.173142860178262   0.7685712508667514
