9.344573131156658   6.769773056667942   1.9298636877769886
0.4399081494641484   0.7901305655779831   1.4097512566056332
9.20173064044737   5.305205763218912   4.491589759485349
1.686049033562923   5.2985855529575705   5.456256879687559
7.466579460924862   7.793130293891778   1.8038959162516415
4.746480700098539   4.2327386280422585   3.705012502032162
5.759598099317984   7.284230460978356   0.24082708475091008
5.5136781927703336   4.763791767583867   1.0407098624961895
4.056911839861848   1.1954034900321937   3.712220322039423
0.012860868191154395   1.515318029304316   4.56131099443319
8.250208377997277   6.872616750920779   5.719192086799927
2.5787639876263144   3.9578110296496076   3.4116439348130543
4.878649261439036   6.8730876460806085   5.8842028599578535
4.150596333231655   5.970365846233304   5.651633359110796
2.083647196943303   6.484196636638135   5.823344240953152
1.7500612918139244   1.1740926020852314   5.0720632393674725
8.392455713516554   9.12449728276291   5.038844332202645
4.16329830463856   3.2804839985753427   5.990487519466227
3.01658183460246   8.7747670996497   6.186336418915793
3.841439357646773   4.804971235924571   5.459357956713423
3.0646124306206866   2.6491115678545074   4.881234404480068
5.632970145483069   8.467830868447228   1.330530753323329
1.3110746415832264   8.445325641577128   3.202940465767407
9.085789873422101   8.311188356183735   2.7464455040547318
7.409109592888708   5.431786170855752   2.0716366406940843
2.0856008128850507   2.017440137748575   4.268089114340433
5.217079429183926   0.10179502255269135   5.1698359417598345
2.550258252609559   9.78898565756954   0.09897637636961214
1.729987424785594   2.776380280251187   3.7050479231985483
7.923147822864477   1.7261711781286355   1.6112756215947384
8.850372570816265   2.1943338611583494   4.186226611145681
0.8720825145211317   1.6655992682278373   5.095136507360516
6.810982470032511   0.01538477617907219   1.9642621369936204
1.0250777725248894   4.320430097099496   4.1366989673288685
2.182097615107096   8.222754932714516   0.32111573892617484
4.320257198395461   0.3591716671907209   5.613782504075761
8.806007554382447   3.067826031456223   5.757813337448155
4.535938527097558   8.94279428333769   0.03812991878322511
7.45212070609683   6.369201103381459   0.4317752003225781
1.4543260993557467   3.701031504026588   0.7148240006043906
0.09439754446754556   4.906827884580756   5.468381112430613
6.355344393019531   2.432748409556987   0.05846557935281188
5.5168456106134505   5.78189021456595   6.019831581377309
2.6916003603267837   0.8524522397521818   5.667896028214699
8.369467964438194   7.748768254971858   5.368787151039309
2.869690848738052   1.6914238030055688   3.073005567237872
6.137163031917261   6.247079846398137   4.547649537366028
6.517732700144529   5.22533093199904   4.720303359592669
2.252308870266896   7.300620201697851   1.172396899714921
3.099914904439126   6.639389324857232   4.1170290335011615
6.894447192459106   7.08940058618529   0.6977981541909111
3.5348569359075688   0.06411207711677314   0.7728719005361214
7.709259657062399   3.3302603371905892   2.566618867288896
5.301228967303536   3.0671846256393764   5.25463654747632
4.867892302515456   8.036277642898472   1.2545076497420145
9.167016932378258   0.2655635878900046   3.409764475905757
2.919555970816091   4.762714293566077   4.418046163176778
3.7092306469083374   2.217291586530111   3.1906631027565213
7.915170191610064   8.455197467746078   5.781419320212298
6.596738100548402   7.8367252461194905   3.9625553437104735
0.16459592292498476   7.769475014399179   1.9969514836775095
6.882893198782635   4.320835133472507   4.4944650693033426
1.027884449453506   6.88027365232393   0.28969123528957047
6.090692742327147   1.176439483647269   1.8836089811122136
