9.234697967899328   6.6973712756647785   1.580784507008591
0.7719630210576133   0.2330673961033959   1.324943224843063
9.35088684372283   5.671704226834116   4.399652814118623
1.7126953779462024   5.217582346149211   5.0404583688701114
7.466579460924862   7.793130293891778   1.8038959162516415
4.519060372035421   3.954619789485989   3.6567921946875126
5.96652452852315   7.239270749363314   0.09137341172969286
5.298039622994681   4.586602988641797   0.8152489620217562
3.9572103296995667   1.1846223060336878   3.6071572866571118
9.362509413041494   1.4343428631673056   4.415569163081889
8.421715906761168   6.509384648931695   5.529826177412882
2.1936520536479134   4.136590049837432   3.4890021115478156
4.842941763769845   6.518033034763219   0.19455888320540804
3.4590280655578156   6.323350455518234   6.114115437387482
2.3522592888294525   6.627013286002087   5.744441612457906
2.1151466588145937   1.0329834651695313   4.983422868396337
6.900738822431227   9.396350813510189   4.8815668662215455
4.23925450555103   3.0083920772800945   5.978264839909047
4.333091889654835   8.00983025880376   5.782220943932069
3.572556349786125   3.9910503101631063   5.6032186523450305
2.9925525235624577   2.467615338769039   5.186091346228025
5.305648327232457   8.723215458690351   1.2703215478849887
1.0670199061248926   8.706611341649868   3.399358001467691
0.01916292996314617   9.377435764529654   2.470662480497816
7.607036507209274   5.010178316285192   1.921933607266704
1.8013834673886207   2.120373080502945   4.2089584903945
5.155196032222187   0.0736114202695336   4.920165392057813
1.5797070105390945   0.20849276904726968   0.3451810098884378
1.250050038466909   2.7679494573706838   3.766600152959091
7.196866210880461   3.045094317496498   1.6634832885579978
9.272623585934614   2.4398284688440004   4.0158925663086285
0.998035051421536   1.359234357297284   4.703664972644945
6.775562204763771   0.5236248075975547   2.0241167440777335
1.094970824032124   4.505214961769724   4.086941522928272
1.951746715518742   8.559281224655727   0.21818322663474715
4.052567780973769   0.20755891421878625   5.922149935645421
8.217934444167604   3.0575871016544567   5.859574949053621
4.1084416703753455   9.245060688542216   0.40456475280873727
7.446891196117986   6.011913039967391   0.5843989226438016
1.4543260993557467   3.701031504026588   0.7148240006043906
9.76021908438354   4.822376659575189   5.964106768055847
6.135502886866374   1.4787516182881317   0.5345191597115307
5.298338526719294   5.70209706800391   6.039687254134532
2.958406067688593   0.701869760599275   6.073586223635481
8.582576434850976   7.809239135907832   5.086845674079087
2.8040508509545132   1.7061475952029195   3.0885297707367605
5.973780750672759   6.1303707849195135   4.287473332918649
6.74139931068679   4.995459668716215   5.061551314457247
3.1696524823875576   8.026768559485623   1.1668207736995992
3.6701470410076618   7.229235586889486   4.399583268947747
6.701195602902122   7.436202372929281   0.8617865434515473
2.8313088297529667   9.493330879995163   6.242107006992232
6.692164077170823   3.8079964985205135   2.46132854432707
6.36994957975105   2.42081189930933   4.50194827402346
5.1504607114658265   7.571366421203937   0.9186786624402534
8.322627829667926   0.5718627871042103   3.1449692151830653
2.943512898873343   4.948420814552809   4.804726447729107
3.8377875000642176   2.235779191148832   3.266989946441197
7.893941821238235   9.053132776474538   5.557880776955462
6.244519843561476   8.34839300488164   4.089570798338754
0.30956903258825363   7.43439385177871   1.9597253853984207
8.032411137890223   3.934799574038993   4.486971079015442
1.5198428923974032   7.449424883150458   6.281897806757483
6.068747673470696   0.068894266568849   1.510682130564567
