0.0209430209881587   8.525191449325405   4.88173983072824
0.5617847403989833   3.932377013058963   0.5153397098024801
8.237764575942318   5.69056046440927   2.3244693360451794
7.606304361559565   8.46332948173682   3.049270958566983
2.5014702500132295   3.008804254349294   4.1901135680945085
4.883119083619897   5.964178471197282   4.477782817040845
6.1363849306009435   2.4847849190636713   5.0660556398968914
1.6877524903440246   8.506151311364919   1.6346196427371797
5.443386379360919   9.742851002458613   3.7999236770868983
7.404290848701695   1.4195739392548614   4.06220557045658
8.175507259068238   9.186297660071054   0.16058819045895215
9.800691998255095   0.8541685987162071   1.9510659323838313
2.995149306504875   4.136378525977338   3.997190988115489
1.036749024649929   7.157634106659355   0.1597395443909258
2.1124639665038534   4.082490915568339   0.9473396180460325
6.576571142986774   6.067162633054899   4.116556709237822
9.230187746116924   1.458674999234824   5.8426467895128305
0.10528470400609519   6.577705931539888   1.2847822993137759
4.66714445149397   8.814184578226087   0.3272641964363063
9.048366324311376   5.528566846128211   0.8834449918485765
3.266439038928623   8.735887867127529   1.8210113966209387
1.6497219739226123   1.0327500643777245   0.4655614819885862
8.699204034732109   9.739212986244857   3.2470626762987456
3.694741945712617   4.245366884853555   1.962539851341952
5.973409736145262   6.965778101998642   4.260411962008816
9.53314997151486   3.6702158190045893   3.0045988228140152
7.032772817457431   3.0139485436185227   4.86079969414186
8.073482310840053   0.6252406948779107   4.849980820845911
6.240410579510208   5.278619125598664   2.059641943877798
8.08520160403922   6.732639053796992   0.5025304346932882
0.13912187132368248   5.595199567568363   3.0874672650946002
1.2901926520458513   9.737975116287892   0.32310735374689936
0.3251715220446449   4.664265574490653   0.9709209081182848
3.91230722750368   5.1582565388667945   3.45780226018048
1.2256249262586807   4.352460641144466   5.1207705967184145
4.113151352368816   0.555901189119963   2.7146918040386794
9.426742670362415   2.332181087491508   4.07858584674435
3.0443663454002126   0.5087991770515785   5.353782422174104
5.593711865754925   3.488646688999841   5.250653677786656
4.283067014169689   2.4116772540991422   5.502573380659991
8.423566118128784   4.571699862699364   5.417207961690995
4.848196817515291   4.592291103235263   5.3505063028018505
8.746060850850212   3.620198708429771   2.4210869808787643
5.23977678538907   8.00314623473726   1.7297634093054655
5.199547363821831   0.706461680608082   4.329119304135542
0.4352804611371131   1.9798352329572066   3.6735761741095083
6.303631276439512   8.101147695677577   1.276069031869602
4.072730311563689   6.58852973580374   1.8922112438611023
8.849279814918479   7.579303869182718   1.9222212773209948
1.2444389704814254   5.497557314962227   3.34970740464938
3.0977430034410696   7.281050032314748   1.0391318829188265
2.6169354157924154   8.187523446126017   1.7760476734772075
3.454805272747654   2.720011211385794   2.03639237119863
3.382991949447141   1.8539758786919074   0.17229297196656534
7.235004594623469   5.188515303889655   0.9566055174748543
5.217231909929738   2.0355270604447604   1.5265419984206783
1.9502870277668936   6.69765708257955   2.1162312694378747
0.4779750695115573   0.07885986474494189   5.349628265184332
3.907162424598828   9.445722530207517   0.962106650820073
7.326984624368344   6.63562352788974   2.7984046100373043
7.084342223471195   9.599529611960236   0.9853330699676979
9.104380816593185   6.426992945135969   5.08037817149731
0.22996773475664078   7.494827995570285   5.846572620990287
3.312643098940359   5.928211783862456   6.059357882608176
