0.35614222676541063   9.545879901804609   4.660146294123064
1.8962827180590827   1.3761606566934386   0.36189701006985986
0.04415718007183145   7.012003154319982   3.3452658776656703
8.699282953280262   8.435874240023216   4.692685435037522
2.763236850041038   2.2211416028364597   4.810777997325552
6.814517507461064   5.9821381441081884   4.44397862254732
4.620960120041579   0.3944670062523571   5.095338603898296
5.754416720433163   9.003208253082665   2.21888230323995
7.250402345026606   8.186026650442697   4.365701434009109
7.528522806167066   2.231471138512511   5.6959946933652805
9.259470822180072   9.275717246081781   0.2358534938733194
8.546468282647794   2.170847629176542   2.1203345195029413
3.22652849177401   3.179994523576023   6.0690072191014055
1.7374466745723818   8.56420041974471   4.761808189244438
1.6757052362841305   3.740802565283283   0.9574568629225056
5.46113791165121   6.24968712527588   4.857426208145829
7.083192661100785   1.32671851630072   5.6066194865269035
0.9424969801223331   6.503493045161354   0.2831414290729564
3.8677984349435985   5.273733963603607   1.2003994621938314
0.10341746794068679   5.686008439480995   5.7959012845945015
4.385052859448187   9.305972694396585   2.31321900268054
2.8360080292043603   8.801948342057665   0.0900284373571163
9.055794725874051   1.1660249166582113   3.0451281754747797
4.048668883477008   4.058664999056157   1.6794599475018384
7.036962500460697   4.899053687400331   5.004821028526526
8.199006126234563   2.9990398610153832   3.34626237345575
8.815081251349618   0.239429179735291   5.275374523459916
0.22904636301823622   1.9617401431647157   4.6208434710603585
7.339139927295943   3.306302010223028   3.150066262529407
8.755404526543021   5.888551173471229   0.5942809978741164
9.590964893908287   4.433194844708799   4.489089220117515
2.708654439123365   9.705262791939841   5.132176398577942
9.720019021364656   3.2901251646974328   1.0127783547066662
5.026695290895105   3.9349251121065887   3.4515897383262653
2.529525869718321   3.9266161734440925   5.359862650003111
6.441453072581183   0.41748038296849177   2.38083307876851
1.116720195290522   2.5212094033161927   4.8659964639783615
3.5040690105473153   8.19035183834985   6.135568253239533
5.579042732970892   3.2628077321767655   4.23282450312513
5.6676931976435565   2.422593452274206   1.2348324750655635
7.5130395902944125   4.050233932637596   5.144064934636131
4.117180260096058   2.7450890043714686   5.402884855091099
8.420524311984986   4.63324895140741   1.6801870278040862
6.610222114326605   7.394765991169464   0.9522150984675658
5.892805760209845   8.046192480612266   5.191038265390237
0.8281094994808332   1.204869920138682   2.830890508944379
7.745540338266327   6.111771203330911   3.154619216523145
3.011994155525703   5.225272484550815   1.7512919099507283
1.0422306381279673   7.704072429207822   1.6196769929285793
1.0915384351184507   5.049773855618417   3.6189477121074356
4.7890294376506555   7.126163537265484   1.668306593471145
1.4162921686976613   0.24129075481972811   1.5252009801606257
4.86076672287291   2.160715045313639   1.020195529522261
3.881854613327291   1.5055980151554786   5.895257568131234
6.017331518171647   4.014834484276793   5.9571554620956855
3.6017169627773726   0.21103793555159917   2.1561833448457506
3.574219474647595   6.220948549943425   2.242170515275233
2.6046728677350077   0.8601008094534811   5.199776549120215
7.324777057433215   9.400925872349752   1.3577976399556067
5.982815088214995   6.863945317221723   3.5438198666447702
7.96332511018875   0.7127703416251779   1.0883140220989782
8.507734428660104   7.396471071230172   5.588928896513904
1.746591671257537   6.3011995355415555   6.1354279655822115
2.6529066696412995   6.2381848521781516   0.942152865013943
