1.2596449114727815   8.352449028440128   5.975293515986493
1.392309069000948   3.076421559847007   4.1745349025472605
5.318801244118346   5.877675922601586   1.0756205671182335
7.0578904528423045   6.754026112243642   2.0971979896536386
8.213422001865439   5.003695026783584   4.401509823877821
4.664672772286349   7.464623940150809   4.580690036914375
8.350004565109796   4.029092958214458   4.696488118385256
1.7488734148161875   4.9910062951645795   2.115852666746836
5.029145456910768   8.963193288137587   3.249432446036781
6.087999046595391   2.6120701852674615   1.430426126929555
7.409562261957282   0.4600801972518   0.04731778626696287
6.316653110211706   9.762320033045995   4.74435268938799
3.374728361221884   4.6200917476949135   4.07018778220587
1.3054568266617288   6.4722558174604   0.9212035048300706
1.0516658805030863   5.195723617564053   1.888825325219506
0.16028981419653512   6.167252091298414   3.2683212165019766
8.964651986191544   2.0785969539569233   0.9434611057493278
9.288423144961898   3.9303489436111243   0.6004978349909749
4.5656726691120335   5.398080217682783   3.901844930163268
5.338522805408289   4.905233607687523   6.25931270158515
4.258363071870085   8.333983083569755   6.197846405426655
3.9557668799127645   5.833746302462973   0.4319491829012352
7.709975476684535   8.784304178544433   2.4824573075158987
0.3003822487898437   4.279140621210144   2.2614635405766075
6.407514929984006   8.163132829159203   5.75929190651503
8.766447845102448   0.4000052401988059   4.1188333773524075
6.589905107130172   1.461404383911505   6.04132706508608
1.0429939583393044   7.463731573429372   3.791074833964887
6.721888709363537   5.096936245061023   3.724795305619128
7.5234905313835165   4.421874688343287   6.094705280871787
2.876189262627826   8.366051689601605   2.636760687802033
3.6188971808163246   8.851207452430524   1.9238486537290136
0.18270892032467423   3.252623406640931   5.800335489086105
5.9093510331431505   7.089073280149308   3.888558194377133
1.9545365263574777   7.415185851738894   0.3131713040092494
3.820044544519667   7.38824446475546   1.321221644973124
4.168826110535234   1.459722534472272   4.699598568597726
2.121360414946836   1.9068552567072232   0.11219021688724473
7.834428094823075   5.937451047573983   5.887878189494695
2.3336641116554535   3.41031343906702   5.7258498772632676
0.5615619069466684   2.0248948688028943   5.216752546930199
4.738188951689021   4.37216316796867   0.8727503895964641
7.177556322322285   7.964072769749419   0.30775191125910195
8.333035417738822   2.8255068138828534   1.8089045867966607
3.33706753314718   3.2241222132740504   0.3285817274672621
1.1543319139893988   1.065596462823971   4.129307863580927
7.352732133248792   2.4383348084290533   3.0948574253672803
4.867476306235463   6.591082587380685   2.8326819413107565
8.949584400847117   9.029404434411346   1.1860849400054712
2.7616701305234503   9.505996797721984   3.516679330430132
5.578716233043709   8.072437657545851   1.4278491566304838
9.784615157445968   5.132146941291234   4.499725729667487
1.134191075260369   9.494815162858625   2.6648325341321812
1.3108326162024495   2.319542404635918   0.7944335650744163
5.659777015503159   3.5511716703182246   2.3817897903105
4.6189445781433   2.070775305490264   0.20324147371481738
2.3745643456756667   5.82401688570331   2.819416614807039
3.7197553794513483   2.201183328561877   4.037168715511728
3.435601638678895   1.1893350841206793   3.9265906621836684
8.512545395984349   6.378623314451685   1.8533965281887423
7.942702732994608   1.886130376015223   1.9402163215880346
9.274077206766153   7.524292816921168   4.0020669525205355
9.663675743577338   8.385943344576404   2.853975604066526
4.739088647201714   3.301144572705972   5.342365431094447
