2.6322280341680306   0.9292597828069991   5.371935539162118
9.784246662437717   2.990893425130789   2.1735423942459215
5.609262850319791   7.541845389277772   1.5496344676696974
6.677372538087077   8.163394838976757   2.6614897342112265
9.526145968633523   4.723370745535773   4.081832867021285
4.252874445344293   7.562889069910178   4.676755390011719
5.465923671795689   2.198070775561093   5.034420079781124
1.221785938532316   6.531987775569953   2.174055492833066
6.671803336990239   9.158818915808311   3.4863419771321538
4.7397232015212785   1.6753126976198436   4.781356602540266
7.998747543208236   1.4575377833729037   0.15899720762568467
9.80535932669902   0.9530146172119158   0.7669987723241578
0.3375127825213239   4.03275059281729   4.462146476408608
1.816269332040089   8.322253933127042   0.6218573885898365
2.32295776154986   3.192144381042869   1.742372741751612
8.729793892429177   7.649449604175521   4.217031408320844
0.5900852112450695   2.043406061684007   1.1600112229202164
9.14586051806589   5.486640825158566   0.6932988992508609
2.094428452640537   6.5849519193426715   5.1755935808148825
3.62886212661675   5.731998993138832   0.3324916945537272
4.15100745205168   6.642233168607539   1.2984151458238704
2.7050228328786394   4.29323785586101   1.6436206562490963
8.444278125922624   0.004158399731253204   2.2988226666527325
1.3312227189887813   3.3070815475074395   3.3418101512040637
7.476479521608788   7.784876769990385   3.4280675448941804
9.233942479067824   1.572836895197487   3.540718506753511
7.018253780492166   1.8039233200741451   5.984022983598526
9.51863917110472   0.1899956840778394   2.6307114328744667
7.149757638152602   4.733913440547687   2.690633994734741
8.154666367943761   4.337786818734454   6.176003810185368
2.899588519252207   8.299281017142597   2.58500519428577
4.79726662101964   8.841244476769765   0.9781475430875817
8.771477606999563   3.7273202892060526   5.486856232579146
3.7817561231847083   2.835930927272142   3.5324821698942395
0.48636411551215486   7.214835037598151   0.042233696957835895
5.974016692601732   8.800729123684079   1.5998397848536212
7.219056797254493   0.41002770616536227   3.0830372804000987
2.50997503328401   1.7490116794422554   0.007130022084631982
7.458349663674027   6.151653850601763   4.151500596799248
3.9206460563063894   4.507510895129235   6.019650561430954
8.452150554661284   2.712518566722572   4.938531954521611
3.180680447956509   2.3224869320039283   5.9976567946343105
7.91029638280136   5.227067445556707   0.2759255290437975
5.053311994426521   0.8860283208051762   1.5513580442170614
3.596670643450237   1.4207079929508972   5.861871335635093
1.2012936568258756   8.974479931585158   3.6971902090077764
4.9492050400144345   9.701879585127262   1.895197976992757
3.130628118459691   6.4336753788407925   2.6911316243879946
7.8684828988245705   8.702275316127231   2.0382683429111808
3.8339251452418672   8.244908603254487   3.0694524269569508
5.059779771855291   5.3429173459388934   0.396217860078034
1.867887839894522   5.650616937841227   3.125216666394314
1.7095678139006383   0.8482040989229859   2.3958792946546406
1.692826151478179   2.422724301051053   1.0885919833537876
6.565066862108591   3.756178841614728   1.7424164398080146
4.394963828735152   3.8635531063477204   1.41093937265005
1.2627736264236606   4.67539890254863   2.7598778898628993
2.199024651292785   9.790467390515039   4.989071919519143
3.9770962072642666   9.216866980470673   4.936063117965664
8.630030225919466   6.133670964259288   1.2354105591478381
7.729384898403715   3.2467208312610913   0.8650728360030129
0.17262648199203878   5.538316243116731   5.677425218863417
0.6309457674915674   8.224225389203419   2.6079140061568076
6.1061679734965315   4.91533568973929   5.289054917192749
