1.487246386130172   0.0736575249021012   5.63237306007906
2.1492015117420094   3.1723863734472486   4.429868370255887
5.243976334411857   5.356747361615774   1.2971392494469536
6.4432894658401905   7.43988430848299   1.34190013595765
8.314848820519982   4.743755219763409   4.579712707786442
5.829684914880968   7.997890242171563   4.07222436379073
9.599255708912882   3.9680619072986865   5.339745669199792
0.8945057576979154   4.4795698383358395   2.274065052273374
6.143555161767095   8.947896931113723   3.829614154311585
5.4654270683429775   1.6992716019177645   1.7751759570193526
7.3893611872031695   1.2157532024345932   5.7127025315308755
5.946703553844203   0.03952445271691102   4.626423209020978
3.6402506766592664   5.646387423757125   3.1370917164281016
0.9013632605440796   6.745694264436217   0.4954989180314086
1.063605212011762   5.829879298021575   2.5190053584708885
0.016940988121387335   7.467008587814982   3.6093730270414834
7.917615754795155   2.4521655665316686   0.31555600291311336
0.9284384754858815   3.1392952369626226   0.22593589892074106
4.472452891906186   5.046829069095604   4.14682761089763
6.727782895686077   5.268032958365054   0.19068829510523236
4.419724399100945   8.429888082184451   1.0847610956484477
2.01330401712665   4.682697742314515   5.8846567871310596
6.947426449241655   9.55355410200871   1.0649835499845457
0.3445685807617256   5.07483558490546   1.8977353819451177
5.034678989388467   8.98476867395226   5.826661233264651
8.355627946643374   0.9715305722091816   4.70742044460087
4.41307159303537   0.42935601967915443   0.09603736060980969
1.137783143100631   7.709467850279482   3.7956755774271835
7.925737405953798   5.5287162088547195   4.103434099367577
6.996743800619389   4.536553345109994   0.40491674706410885
2.6470181603890834   7.9220304313232   1.9472290938677856
3.17047952407023   0.9739878253081585   1.0240778461047255
0.8269163417213938   1.9485531571759538   5.905179704797568
6.3749652144764735   6.663490168178502   3.723500839291696
1.7670993409436795   5.436548722887008   0.9676480285941687
3.379495191705018   7.658109435937297   1.86296571944662
5.131467227908933   9.765945992906783   4.325621777747194
3.341146038985303   1.9212480816413031   5.679025515380713
8.881620311421033   7.603633065669098   5.969355458928619
3.129678653381753   4.564532186790638   5.417004355519084
9.59932115545236   1.431193028370092   4.869679914018855
5.9308494104912794   4.2148645119649935   0.7735248571324378
7.862734666850747   8.878928416204861   1.0131031137543132
8.580292527548567   2.83416600060501   2.421460204055981
4.189512952065201   2.823081857718643   1.346821126030432
0.4099189894983615   0.8033734467154117   4.334987623643187
7.964248529866384   3.6682015388716835   2.5666068907147004
4.3458701932056005   6.882994435949045   2.439989294817228
9.070477704836044   0.03242553828024963   0.4992558114962637
1.4634848145616655   0.8934271227636716   3.3430733369861634
7.257727083178006   7.0817586545067455   1.1954161635990106
9.23256105155116   4.6021080352488655   4.6702216057468515
9.313685252670481   8.766299718542742   2.5770395961754997
2.1870668896450933   3.9787154878183904   0.674996811761552
6.740297074458627   3.681471860261095   2.0044162324335772
6.8559495075799886   1.861615794294099   0.6569943736666861
2.0943449765913438   7.094547621392943   4.141950163793575
5.40516159262754   2.7908594890054763   3.59023594034786
2.3492420732034427   1.1407900168706928   4.416365737702366
8.892568072964481   5.469514948016576   1.568665861506069
7.19975534372608   2.6785738633495564   2.0375907838634495
8.092153904003375   7.0793154426442575   4.4624329620901015
0.5042353753783401   8.201106949111487   2.909106278978414
4.112845767808203   4.151036770665381   0.17467969384730966
