5.31650827507761   4.463718497969428   5.378286788815034
9.459122930872713   8.828574736258584   4.136972277694453
9.2373585596592   9.805823491728516   2.265954571378284
2.6347880409133833   1.9043838598357108   4.278164977720964
1.6873389277040862   1.0197638386057588   0.5789462658097257
2.2447262615187618   3.7555468610994094   3.999888295865814
4.506571078795884   9.226182424387959   1.592093999794228
2.0491446918696377   6.915205928639438   5.6941198250013265
5.312114586823307   2.424180878776025   4.13747027961941
1.459552548930672   7.6342048555738025   4.35774270349124
5.790129067728406   9.643759556976875   4.596904488032772
3.0727094528631826   5.346421657070997   3.1943316780062316
9.236843244285708   4.67078110229329   5.661206300014939
9.430438739366169   6.661194749211802   5.421112859430484
2.8531117290603065   8.315493415901292   5.691277415470315
0.7320907024837047   3.1376345822986926   1.5796657169097987
9.400793475064656   3.480429707870897   0.914386706125969
6.3385942851366295   5.7442454595124435   2.099660784676113
7.895115150327483   6.094851422076354   1.8098374269613782
6.6265361826933775   0.2225537777725311   4.491407154508431
0.7427219537079138   5.996017944911649   2.3496527166658816
6.156043417797902   7.50361850261847   1.6686302916054379
4.998774582465405   6.708034422265564   5.7566763846265445
3.88252737969259   8.286006529609049   0.7330645893794937
4.6031413806583625   4.743098717787421   2.786514638662331
7.469090239197122   7.008934838663868   0.6178248277406163
5.614240840335818   1.5761496564678876   4.199572062730953
2.627244383824957   9.549790892511199   5.221428914414266
5.97744570239098   3.3936591375114515   1.638369210857978
0.7202414888152404   8.879888594602033   0.9394517421171467
6.841649115977709   8.73871356042747   0.8413734145252623
7.2137692202881105   1.0844842124669956   3.30633724465857
8.410854194484328   7.46632719780297   4.900658909478488
4.151432494830095   4.027886031597843   5.875534015896438
0.2533976793062074   4.223916694771668   3.0970179547232153
4.355414346684506   0.5984617172720395   4.946771920794023
3.8766100936476477   9.833839201744558   5.336087235673678
7.411412138941102   1.9750340355220068   0.35201788517292165
7.606200016844068   4.708598273334182   5.203381834499502
1.064735530473393   5.195000353990182   2.5671162132575276
8.277021099011257   5.237602982247354   4.6910759220651155
3.2356256426672108   2.8663635244243233   3.554559645915659
5.089145416217178   5.472181915578271   5.999984635273111
9.331594890584082   5.919087538297845   4.371578142713502
7.071858931199823   5.403065995837729   0.07628759577822741
2.209062265583199   2.735808880636279   3.876913978010493
9.93589286478373   8.25590589920526   2.5978638766909747
7.633033105875493   2.743198849357041   3.076610628008633
3.1113410607926295   1.1729553165194653   0.3635912254712531
4.206040305433172   6.63881009191081   2.5307944853777977
6.106362238313758   2.1841234798179987   0.42504126529027997
6.057188153342471   0.8238271775518826   3.3360220080874536
4.058897412449355   7.385025834266381   3.808167301296098
0.4534044594850454   7.594275477518584   3.3116226377178823
3.0431767014626563   6.974397718274485   3.887459235159147
1.1233155659139427   1.606138084639467   5.969762332136827
9.905886529068079   9.420927703474113   1.1365916588608007
8.518882393249022   6.733274250971725   0.1492104810420521
8.293098713527534   9.14770442871245   1.440044030521922
4.4919506659358825   3.357478840349831   2.972394245397555
3.2336157827788985   3.836536825131674   5.141775065937058
5.332740379279074   8.90349175498052   3.2289817251274506
0.2774589211406515   0.9291286828698153   1.903383176866896
1.730485164733401   8.364699353504234   5.453459037075626
