2.104222747181518   4.407494624765055   4.067305882726802
0.6565338065061768   0.011902493934623948   4.038413705274689
6.655130595404637   3.792221796882141   1.3941861738178272
3.9276004531215865   0.1687580479312647   3.065839095964458
8.577749240268162   3.931288554160964   0.4620553609584145
3.5937473813608674   3.9280918621891794   3.2454560802534598
4.450069297684567   8.223196841894055   1.0682670120663502
1.307692635284949   6.979349379237535   0.7781981140689578
2.7036175624625045   3.4501617111230947   3.6149822704586234
4.240867787791359   4.227211497371747   4.098099877920682
4.645559348757183   9.923855897867888   4.068073267543266
0.8166104728202981   4.122144299867894   3.0059693295742274
1.866210321398231   2.2594742207225025   4.190890691773543
7.2970967706612875   4.5159313235452245   2.4625623548579294
2.9197769352876537   8.795830685344042   4.5797627862678985
9.86581723234893   1.8049963414570482   1.0616921747209782
8.483177317696438   0.860616009861348   0.015211106462659885
3.994319201384816   3.259687133318602   2.5110395201238878
6.754326689699726   9.062671886230117   1.9523425289152303
5.182192504942514   9.559400672518416   5.38197129592674
8.998510754657604   5.663828189629848   3.47370004417012
5.476574360009835   7.0383350668587426   3.332645747078417
7.181266410427256   6.840713369044682   5.249639827883359
4.9406509533769984   5.133833668611754   0.9818184507386436
3.4010406671578006   7.156057407954928   3.3019433781044967
8.009134390462151   7.223247062855169   1.3383985519313375
6.59182208042622   0.8207283888269756   5.084996621147222
1.1675980138271735   1.6298948435414675   0.15859624734572494
5.262734621828022   2.196736666391871   0.986741366919254
9.959324374941069   8.345925249304356   6.166711734233528
6.136026428384603   7.434295313333452   0.7021228481822034
5.997070722204921   8.484589707983273   2.1486917247394426
7.924197076555887   8.81755513266583   0.8259790198341387
2.500744758150636   5.809528143308484   0.2104031931984081
9.226223484426026   3.2864318406711   2.589590364847946
4.955827993847406   0.6929433499256152   0.4412146688736923
3.2914403963671752   0.5621958503096794   3.4565640015568504
8.499833000784912   2.2410122154682712   5.108810951091643
5.487552237802457   5.82129308081198   4.69145699682069
1.566132723729878   5.500875888785528   3.4988245395267277
7.124993032526816   7.852336459790284   3.877526867136865
1.8913854042612241   3.2883003481167377   3.531943735238292
3.9829707679691033   5.0961132839206575   0.33084135507580115
7.978190556789316   5.98155312147899   4.889772961742901
6.332635133402387   4.762053137073542   6.255314714941141
0.049419215496807056   3.695514577878324   5.690317465832389
0.9683554318708893   6.350587812643428   1.8159568004519582
5.03965377310185   3.691227170953262   1.2527086799689153
4.331001366187509   1.0790095976610568   6.09996450930807
4.610003656336703   6.168538832671849   1.8001638758232243
6.83582433446742   3.0383030454277664   1.9166020602169485
7.03341491819867   1.6219795110866333   1.9057428126732108
2.4993590712962472   7.518289832847195   5.094683414103337
0.4712418428302735   5.841355328639476   3.3510909897923575
2.1146556236372613   6.567268077752487   3.240732746667886
3.326721350536291   1.8783101795132886   4.166135766203676
9.885075207233832   0.8702769237419336   2.0017235252152212
1.8009428261203895   8.959754054280271   5.230378283470184
9.217722308623733   0.011896327534282491   1.1875541417902542
3.3404167769295006   2.7784569605213685   3.240518088119249
4.510332087100473   2.536877625548993   5.377690092554151
6.115278964473703   2.408919772457205   2.721576180693441
2.221873344447504   0.18606899559383006   2.5412475293031953
3.750988067522537   9.136315483764173   5.398063995530772
