2.6792982613381997   6.723333596689897   4.506603974138741
9.355604557184542   6.587496034715629   0.3415956728995242
9.055607395431743   4.576161140585034   3.017984652723766
4.928804836073481   2.0673730795091965   3.055516348852332
6.600823022971459   0.847227711238931   0.5559598500812715
3.171333300394413   5.785401280997871   2.5024759358990463
5.577855493249386   9.515802873722704   0.6413531685231798
0.9508959149418609   7.836385594007906   2.395013571497612
0.770335859257994   2.883226725674896   1.1577942410864515
6.0743020944000605   7.863681071431522   4.4605983823465865
4.370847634898564   9.89867883386074   4.114362298287729
4.4773294404230555   3.064052072252777   3.7143804354783962
0.012386478707069604   5.59619432537466   4.122159022081915
9.747137910620566   3.789231931013984   3.238840265241182
2.6730085157781236   9.401961234924514   2.972479382176109
4.671176813035296   6.105969550758564   1.7941708841668944
8.938747398315936   9.84108673217873   1.41007517229976
3.05404362456172   1.2346298480598503   1.753085788419132
9.74901950611611   9.343450230368182   2.3796615031975605
6.373012478106361   0.1810096420078452   3.8034989455270183
8.042212729071087   3.143405673301383   2.6948883832254507
3.190856612022822   0.24633067995645128   3.847651909139816
8.874166146196409   8.92796030731798   4.842317253938525
7.299774027024493   6.320299983168917   0.27519246694012667
1.6776353188347892   7.6058935366826095   3.519982098953351
5.726036617711253   6.002502992767092   2.7575754741553915
8.690173200292563   1.6071805801827888   0.676465464118407
3.6450841575518167   2.515267793283581   1.9122821455720884
3.589082467769489   5.166271302699038   0.8037476165821132
7.715023031915641   7.115255061970164   4.701394689158599
7.733866136614023   8.292324826120272   0.11233489371373673
8.708867738476144   0.7544597311912761   2.0443329295160946
6.40131813432299   2.149302405630843   2.3502075935989413
0.14171872073880615   8.115362705418411   1.664039526682522
8.39461906655522   6.611721953623109   0.5566645747813604
8.286339645065445   4.117866092004921   0.5232328614331315
0.3326785011698051   1.1438958027437796   3.6752040024908004
5.101634779384095   1.0746425899736938   0.5170670925452672
4.536433178993222   7.569992005564017   5.48435299669959
1.1529388966295377   6.537409475604862   4.060151727598567
6.51253725179668   9.382075317586027   3.2826277077564376
1.7500665251220815   5.526138174882114   4.214527982643912
2.9428772677813706   7.747655252574402   1.8785103888453054
9.11179576425556   5.752714276069805   5.234411424671558
6.976387438290741   5.455249236806604   0.19436021613510782
1.564784267627168   0.5734169784698464   4.4964311304435185
8.889284347211776   7.948107094488709   1.7335971339065293
4.385659743350626   5.261165672868463   1.061951587927942
4.009300636406118   4.3123009489616075   0.743052397561813
5.37452424431012   6.730512449579709   1.8049539565019659
4.142393916674156   9.121408551658583   2.084553743977005
7.764662207000254   0.390425743831738   6.14200788946397
0.6674507507609118   8.673365123362414   4.6526624526301505
2.03947617159254   4.8060898124954115   4.461867089469225
1.623140789251505   9.301689467759005   4.277075355667735
7.535007929179116   4.291409116587923   0.0810222935039803
2.385831662664813   0.2871184206149168   3.7724004611801667
0.7746401076874646   0.02747678507139001   5.085989926521432
6.990742241237267   3.3456697317487314   1.845133720077165
2.728408885078391   3.6258589694003955   2.1922954890957596
2.0282255527669992   2.519119932128005   5.425611865425842
4.802197055816932   3.7772220386349504   3.6491622088499756
0.6577338044876959   3.816218570224507   0.7324906540587153
6.866133959239111   8.631633209494877   4.4215854088272595
