5.7508714000508805   1.2825922011198654   4.604267734941931
7.670314580270439   0.44537069598314105   0.8483323661434046
6.849534600705718   1.2361658564722835   6.076769442728037
5.031974422879492   2.5522668161221294   3.932288930140659
8.811822446898631   9.526169125239576   4.605612316864905
4.444812739677544   9.2012930782273   0.7920558565517373
4.674011604674776   6.242457593254151   0.44630683337619037
2.0862104309124136   0.30353649200777194   2.3463317744809435
6.158537654775083   0.17683753109736067   0.4825923944537368
4.194403623735001   4.893234707041862   4.546867010613954
5.559871064395898   3.644631148078515   5.367493271574138
3.163391538179191   8.038239337892092   2.144846788869242
5.094162611671713   4.106833838060859   4.288727254177849
2.8057101316233486   9.385981736533273   5.032029419692003
3.568387749456766   8.968636884602487   3.0128346805278885
5.763946748825882   8.252011655162404   0.3825918641309657
8.91860834701233   1.3643384323009784   3.665161867714059
3.1647276753881877   0.144123451861437   1.8241211943443847
1.5363845461428265   7.068863328141068   0.24576354540109807
8.355059125290545   8.12547864324758   2.081803809920195
6.168081357636998   2.4950440571140478   3.9356677842604024
2.222383407017127   8.651593922461464   4.513777232027687
5.303357802862623   9.471811449565934   6.115958831778607
6.292856159327147   6.3647547075586095   3.3396201096236684
2.333694142252178   7.408482936570308   2.663535635165171
8.190872248931964   8.984218164399085   3.584906060212627
3.3036835441875008   3.5597259719022243   5.703514503300527
0.3497066997071391   3.3185372178321697   1.599408035706345
5.616378371923043   7.1014467598522035   3.3411946209308674
6.642021930188141   5.013674910346002   2.801150104104435
9.853386019318297   5.108277272916777   5.085792055091587
4.025205278053962   8.16767118003165   2.916698883579445
7.557530713749951   2.7131119911931565   1.327883281193647
8.591755062911911   5.195740709780219   4.840907762357975
8.694069977510724   2.457233013593987   1.3926246395377317
8.723221878288399   4.069332700885005   1.3298226868273355
1.9995995798903585   4.85523248201397   2.2006606743730615
6.186781832067622   4.304134996740103   4.894453294020311
1.1673438282159005   8.234306392911108   0.061234160549057365
8.964638147598416   6.463648901955188   4.683064180473684
1.148264899354791   0.3273029709444638   0.07544290460496497
1.0246257447557718   8.945886157281912   1.3993849115835988
0.6135710726552731   0.9804519429598306   3.1213092038848087
4.245779463557102   3.65090275758367   1.180081200715181
0.7493748417233581   2.1513808574647975   4.0410615389550735
7.571738045401005   6.205192406423718   4.658897917885273
5.59018302588582   5.071982279364977   4.00753933725174
3.9222190371712955   1.4568504443238908   0.8933725650265301
1.595422772538095   3.342376761468314   2.6049539455794637
2.811785597103837   2.49355106606216   1.2981291616025916
8.06584450706461   4.762650479369503   1.4920824538008943
0.2668530294305054   7.798868538922719   1.5764802790756178
9.323296067086778   3.018021853904717   0.659931132673282
2.7208210999315883   0.9161604092403092   4.040957546981802
1.0951305790712291   4.2713725560704106   5.005008754553994
3.4591047047436803   6.319202386316805   2.342718772548032
1.3243266180291642   6.29699878783154   1.334761739532419
0.7087793386024416   6.6483605294591515   1.9631664095404537
9.467253556919763   2.027014561915495   5.239210510868784
1.224690895788872   1.471054459105504   3.4293984544506464
4.492255665891824   0.45548874440197695   1.2815328600714597
1.7964359713606466   2.107621573860745   3.348209796442688
6.926350475095841   2.8359148260366984   0.24807382334249214
7.2447517924544975   7.705235886413939   3.9796749356474392
