8.558575282741966   8.319639695061632   3.992438337475509
7.8107301975883425   0.866081290051083   3.5430103873265604
1.6579426763545126   0.0714295619028879   5.252524751058431
3.0714218317661013   6.10127644388137   1.233284025966467
9.362362483621538   3.0822770310678593   3.0627120709854063
8.162743287328802   5.36652852255318   0.6655772165570683
6.431218903991713   9.55669936555316   5.269097127285019
4.39214542257877   5.841959847588338   3.8219932112984
6.0031814669065415   8.73878627890281   4.657222017887699
9.5106393746389   0.75213728131397   5.6282373967441846
9.399781926530668   2.2839985967066556   2.0545685881313545
5.709189642103705   6.012271792133283   2.49329260081307
8.417243006554665   7.195074497857589   2.893596554662263
0.539161948832358   5.023097539275805   1.0734576350207692
1.577141977514963   3.982668404797683   4.308667490179771
3.4936852487497108   2.045922752763788   3.546728027312625
4.387338595449111   0.442521479370545   4.538477382492017
6.807951110482094   4.34660971321479   4.224449596183392
0.42091791569162895   1.9990790426495038   5.799032548171101
3.7031315463772647   7.4868431233588915   1.8792675267276369
2.0362391003932263   8.009955688529   2.818473287265579
2.9934478209666726   4.229165879902461   4.4755843178559065
5.059981864921415   9.45656312462863   3.1353025930269616
6.444863978762303   6.657644879930085   0.12553028698527527
7.756465510958745   2.544160498355308   4.159015787583848
8.557253539716553   4.044081270828355   2.3290888623762283
9.232682044986115   5.365374828987425   2.5506812816987807
4.893808514766885   7.553475207389679   2.720561843819269
0.038840854710049943   6.789562342735683   5.019823187079465
5.389717318884081   4.260703033800714   5.723742742593805
5.524693534594293   6.763298903160967   0.7189871741419473
3.6790868602253965   3.909403537929513   3.8290452694804187
7.340332646383681   8.908600467909547   0.26846395104194887
7.315464213906021   0.09711664694333066   5.924803973230629
4.830556581290612   3.676715892171568   1.8159783854532765
4.418555227939562   6.802721979647226   3.407283965367614
9.582743668113357   8.07639687430538   0.687716772424336
9.521262327125914   9.182181124154436   5.7282421365425975
5.143210230253263   2.0863168159880203   2.7867575608407513
4.309006267955906   8.42094166661616   0.9174317010177198
3.2809759224240205   1.1903969249181001   4.9689347605346095
8.415546063825818   9.373259860904572   0.19804123956113104
2.634331428167221   0.24551167838501942   0.4877987841413698
7.085704602993312   1.3974436600390705   2.5751659857808966
2.934748674809532   8.984303373577587   5.298770803419924
1.711144273399361   4.834175649546954   5.64197901766873
8.533168406031155   1.93082256760301   4.313225793854142
7.610570843781552   4.05330080803829   6.247569017042871
7.250572655825617   5.543042173700034   3.736097271920067
5.862189043926113   7.528390534964609   2.253069271637062
1.5476203599556337   2.2427841706377536   2.4996526943886703
0.5050387311494184   3.75797065020099   1.1034488144034738
4.396357018149592   1.579342329600811   6.006434064594562
5.856901534298251   1.1639548265744737   4.312512731063792
7.632676683808398   7.785725324949761   3.0239053883977656
4.442194626092241   4.979634240290213   2.364529776679298
1.3828574320622238   3.00237783081933   4.018461249895764
6.568385408073317   2.447409537092492   0.8716923396189115
5.0755168091883585   8.558335201852385   2.7352372147959065
0.517212134155123   8.890136625363287   2.9726899888655853
1.8759705980530899   8.976238985028841   3.56528959210958
2.5467660862349377   7.162467131823106   4.1167803836291545
3.485643752065158   2.8510502875170602   0.19817685362182813
3.250545005384887   5.275523316451144   0.5205783486044192
