8.020795553926007   7.930018037893678   4.986413540236557
9.503996234967964   9.110215217757029   2.8489051013111735
2.95512632568699   8.83722992756527   6.085703826843873
0.7424433733264327   7.403905580148669   1.1215919805519152
9.80444274304847   4.38177349208231   2.5713859783863158
7.84261706413453   3.9668246285428594   5.812748389386065
5.427990229178859   8.817961795962827   2.960875942617034
1.7751287497657784   6.662306670459632   2.4269865396312253
7.137223093085844   6.99223291100323   4.435155065410945
8.231311865031952   1.5422804874404843   6.115374745143398
6.388178144451942   2.977715989970314   1.6691883525228641
6.058687613919993   5.301217499478145   1.9694135758682558
6.327973087624753   6.068768072182178   3.403438651651105
9.21464588214889   5.35824845697999   1.3973285343410897
9.697330270528804   2.6827064409355765   4.045511024043581
3.3470888862370756   2.070744551214859   3.541794379283452
3.672503496583385   1.0662600099335289   5.217599955146951
6.985959795422399   4.22417688092784   4.1130231601948415
0.16671559490238702   1.2685304295125222   3.520256243091435
2.1509177993167308   8.655687076966096   1.4069658963790486
2.9992212158582365   7.785036508470231   3.0027803787607046
2.4879974372635387   1.1422718488225918   5.156085819285409
5.139559943022322   7.996411918008658   2.8758521884543753
9.212157253704913   6.902190265541776   0.4328866920455864
8.73447603019459   2.7922570183306337   4.231921653347271
9.11938370737123   4.203420983718564   2.401750963050932
8.395167257230712   5.744431986156858   4.103311846729177
4.948196695535869   7.065157264758186   2.1930291265678434
0.662800917350838   4.968829768041434   0.07817642821782639
4.502380560439527   4.756147075469442   5.077351507639493
6.097904522786169   3.9849235540891943   0.9029675459032915
3.6515617770404445   5.134637126116492   2.924080428788921
7.44365658682443   8.95237439364585   5.2238838943944135
7.150285054667443   0.27729849392819617   4.922022651176371
5.2950291887474545   2.0647618522291022   0.1170635216180882
4.933327597731948   6.016874119468241   3.3020959473001983
8.56039744725573   8.905332246443088   0.8741185144232236
9.47726680134846   0.43556812569831815   0.34887823562899434
5.0161249359115185   1.1713563515571241   1.9916943665675584
3.9290602190741697   6.12815051724728   1.457584373373566
3.6862606223023286   0.15036165032003174   5.300905278647129
9.354846488572553   8.344651052849422   0.7776951389629154
4.10917151946026   7.439296370882046   0.8448400816865381
5.765640347904611   0.9958419166951911   2.320063023815727
4.567795963979089   8.531052065470364   5.944200768500553
1.8527917304767927   2.2690369044590595   5.216564701265182
9.140716171831157   1.9552096897200806   4.317194214350209
5.1300664415263455   3.233629334443296   0.577273918964608
7.630453679004468   6.227289595720887   3.3492421586424173
5.838114882775714   6.899325372036195   2.2585870339092464
2.1130022769328454   9.527971023354004   3.2642701669410927
1.5390388121959204   0.8174868252065677   5.616990214525528
2.732232098603313   2.7121918274679557   5.280446717227765
4.9093619315309125   0.2049915318088909   3.2636568519372897
6.43619591717063   9.679294311089752   4.189116457383768
3.0959479431752635   3.7099234074240357   1.954300615925134
2.327953008307933   5.253509588341503   2.8663540141582335
7.2970769389379395   2.273173869135556   1.2520780882988984
6.154572906046526   8.558659151244303   2.260286163046771
0.3353678881177759   8.508809402484458   1.9520218147811028
1.9828153915460023   7.38064768005871   4.394809468524641
9.769912892713187   6.087225436388279   4.452455467091723
2.015049791968632   3.070635660860526   0.5111875230492701
0.9953120480645652   6.4176111747627935   1.622287651488999
