0.9152821285921056   1.3809933071920029   5.990994976338441
2.0017011944515097   2.745205241369537   1.7184847749605152
4.142908781979002   6.3284783908918065   2.3547155447664245
6.422736344707366   6.751186817535693   4.421768539776286
1.3449369240250242   5.515222006849723   2.8471601982925776
9.2966706526384   4.442660873388917   5.855107350115861
6.471110264046037   2.931580777279195   1.8125362369078488
5.511964258559239   6.734657232984027   2.4963130864498426
8.755954860145108   8.260768381637188   3.76425523564551
2.0826599632708818   1.6205675695294723   1.1862212554376932
9.0588346689185   2.2245266050652313   5.1842925707525085
5.8402415361330275   3.514498002611498   5.140306135822032
6.974822558964707   7.458480631427665   1.1149019665610442
8.522449909253423   3.574047754939503   0.5904544715678195
5.186693424648988   4.348928255559012   4.030709597181833
0.4349314710769107   5.976267932436462   3.8109679150834213
7.243502553010456   3.6126821920645593   5.612775060644463
3.6383598524795198   9.5957601808854   1.7771411732182614
6.76993333310531   9.278389091164222   4.935939634089552
7.61911444694452   4.9236862288975685   0.2043194606466489
4.161322360486345   8.738052860499094   2.729610287566141
4.6503753271221155   2.665398543400456   3.8129993219810827
1.602797896004179   4.491470723345502   2.758631632558521
5.723532180622189   9.318349384382467   5.926655078458783
6.984140524003585   5.347217726264256   2.9943085914692302
8.72158550282246   0.14258143187501737   3.0083237932841707
0.30886642251195595   9.02133500994458   0.7284247879656887
2.8905670758635225   1.019320073615443   1.632193434616144
7.746842374711823   9.44529508250934   3.087808360544564
5.795106507864553   0.6471108023313263   3.468780395159624
0.09434681351474516   3.3126121378874473   2.871643007957903
1.4074942065625324   6.873661204697743   4.298196012561206
2.7170070186336943   9.689101927650258   0.20010392182649653
8.937074726727804   7.120959283211973   5.4197262375910915
7.975320472940178   6.859783790600742   2.510677024367456
5.505646367174636   2.6273192411265502   1.6687005399342605
7.9885483566365565   2.5832129434585784   4.314959986262702
0.7581695097190542   0.27061259620890965   3.6575782353654405
3.6607432935568007   2.9052727591185192   4.085320177831915
4.143110229939776   5.105578818466097   3.3232838162534333
1.1395217052467659   2.3888911334904797   4.779273064392881
6.188592254099113   5.9466329104232   2.7856637658173007
5.163980019419056   5.852838215012747   5.322848039379762
2.938694869882938   5.383082336403799   1.0528202369284787
2.235430543814677   8.643407024479353   4.7148239238486624
3.4192789713328975   3.890556008635041   0.8326552586508531
4.439890211429046   0.5875094515450194   4.59261502702548
0.41291947050366223   5.137675369639328   1.0082355743236948
9.756756910508589   7.625305041115229   3.3929995173183367
6.14657421949425   8.68302325207988   1.6232650841945606
1.4853994844220488   8.083900581674127   1.7128228748274155
5.362803288141098   1.8542502125726248   2.828409042149084
2.3985139384179774   7.438729375508734   0.8080037212869854
2.6394945658459   4.656465786923379   0.921642623137311
6.714146290512634   0.3877065207229707   5.048423633424319
5.063922867950946   0.1482850766884063   1.0162099240978082
7.662431413941318   0.8957638190244974   4.527261479394079
3.766581232789299   1.741266458312032   3.7101309963911726
3.4963042026984184   7.3751706248293205   3.9192137538033416
2.382057828331534   3.600464296930493   1.826439286316848
8.21779898615742   5.571097215971625   1.8097203969274647
6.252902045761547   4.47263231049269   4.773184729779106
1.6117874271094799   9.164363833008553   5.658357894396903
7.979760880612018   7.726464934657988   2.8315024450404263
