0.6239794851092056   2.021787570517301   0.992200361841165
1.3223551371056912   3.9333858749034816   1.2127238038540153
3.9107458856296025   6.280760797519101   3.133389877730796
5.145182453795845   7.844882163394993   4.412778356817423
1.6123791792560942   4.718322481956583   3.1833206433057555
8.956202994728748   4.258478531172797   5.354283618245987
7.382249579988124   3.300590963224715   0.7628753153036536
4.174035912372762   8.375718283081396   2.3652773308225186
7.365184341217037   8.191686858408188   4.27640676787034
0.4619424925887758   3.0000455894985687   5.880593825446704
1.0243088672012153   0.09115023173048797   5.363320137456736
5.618134723767315   3.9935456051224336   5.550969687136945
6.839992918673478   8.68423473633087   1.1455019045378236
7.750587882252862   2.4538913642072817   0.37552997492343665
6.22200043981967   5.150266903727765   4.800361758777467
1.092018800815183   6.927981812047917   4.406161198875404
6.962830643699732   4.174197962616629   5.88951653611264
3.6065215838021514   0.7703383542712927   1.8984408266517183
5.798946770674033   0.2307431716013788   4.6300456360929605
8.53514161546461   6.867767359513939   6.280189527031713
2.7979232122295836   9.055373217400884   2.941273269614926
2.9229895600649334   1.1647842971592859   3.8712347007899464
9.749722753940643   5.302957618711498   2.5561504259558627
5.19900010222413   8.931876868096527   6.173939205112844
7.8689606428562975   4.478664215007424   2.8089691223404967
7.884159179809157   9.337625878341115   2.640604067142998
0.23430584419346165   7.904659141938964   0.7689327713178242
1.5448066191004686   1.3405300069526902   1.1944976772303937
9.603707935716406   1.640810636239392   2.467093962271103
6.476654177828247   1.0477604028022514   3.0670606660212147
0.2852840626325255   3.843004502115662   2.376726078413383
2.5314198424392913   6.491136906492482   3.410476952606575
1.6929289686216518   8.969044020397332   0.1655970819064998
8.79804578439792   5.063033650017985   5.846343813088761
6.037249422256648   7.913649655081093   1.5993160491140297
5.0760855550087784   2.0789808394204368   1.878066016230457
9.50337993912469   0.4617352533949713   5.015075987885426
8.651562969315265   9.68076314585569   3.1767295119980363
4.105162000776076   2.9512136524289   4.426933482517119
4.8468603183263   5.231264219044469   2.9237677149319965
9.285508768917042   2.479573277480413   4.308249136469511
5.913397583964953   6.163104274636797   2.8885460644354066
4.753105615869928   6.61187567002382   5.743495378545269
2.6659783135529613   5.617136664625139   0.5227977335050285
2.4042692926807634   8.141692766510866   5.627536422277277
3.6248232449086517   4.989359921803096   1.0512304720817798
2.3100088323496935   3.625594573881038   3.458081176474178
0.9578297035904053   5.821382710269992   1.0335414278132804
8.786877820437763   7.746341870190594   5.075526127360775
5.551917095646273   7.031747283278184   1.3503660213132256
9.182100584496975   8.879766315259781   2.036143669666368
3.8845963258535883   1.4824230705999746   3.797120077494829
4.33418663164561   7.2745530704583645   0.4172472069650662
2.438538720496889   4.471176313420271   1.314497839029936
6.216330915622154   1.9835898180719944   4.63523836898737
4.928926206434876   0.2641305379277276   1.9473937888587496
8.539431865364369   0.6239363704379726   4.0525922799809075
2.3574094259916176   0.2582142476337115   3.6956349575209275
3.3845304880089095   7.716686880989321   3.6942773616239726
3.326795367341169   3.5986727807977914   1.742190663281042
0.11310148997534386   6.979292225783436   1.1967357550158992
5.552883987380787   2.9915120329874463   5.002068463020899
1.180342267280269   8.270664771897623   5.730721473850728
7.559027916738135   6.904925374945473   2.1886276166344416
