9.658853489359172   2.1063976306325256   1.3279363608894172
2.3724050225026856   3.976595587550251   0.9683282922433939
2.8122016108138492   6.3903175634840235   3.9368596778492195
3.459782329923937   8.448874796535105   4.807380867544368
2.106648185010277   5.9666889784747426   2.7987803556087445
9.051039906183497   4.374491486323922   5.444577457626639
6.235784252410144   2.517232389122642   1.1927054592718707
3.7920932039218647   6.476031439084952   2.546892343239536
7.041003637916235   8.34046465942012   4.125465952492287
0.9603078245653194   2.4684751486029906   0.22476406393642512
8.13647527071074   1.4635498528250008   5.335856028991379
6.2229291872783365   3.3053137182665036   4.022061907724316
8.368381267545674   7.528006489232002   0.34971995381755466
8.934361162284633   2.604054557466657   0.307448788314311
3.9694177416758034   3.692460737803408   4.754233811030251
0.3884043273486311   6.3597651467537   3.328121640497532
7.266851805392558   4.128008689668439   6.093178877932505
1.4042671030572693   9.086856082737782   1.215309029399211
6.5108463072205005   7.279367806180899   3.6008392700195317
8.147812682438746   4.26435652887799   4.761285466516295
5.600584591161082   9.573363359561487   2.1032955321299776
5.149032465912945   1.7017315956757786   3.352340980797623
1.4827750695376376   4.763907752356848   1.747542968340047
6.499684854146675   9.539400181805874   0.8536192438091136
7.671184667249492   6.9157362515912215   2.9353793816011073
0.08754973919495213   0.006655704698642406   3.2107107711087717
0.19905556873809455   0.930670560728442   0.5953364764209921
3.0280064464160366   1.6973504230466148   2.296243448801439
9.060941148408045   1.0785310892354194   2.8053591855705124
4.785973678610601   0.30967389982366345   3.740109859647409
8.168765782966513   3.2709322296110916   3.178672430690286
0.41756600040006314   7.829788046230629   3.959064482176044
2.473896181976342   9.09737687661201   1.1693938896375788
9.691250835578332   5.356711806652508   5.099039278408631
1.1938771060827333   5.999113473466878   2.01299560445196
7.367453115354758   3.2132615528920088   1.3613550164756636
7.225387319157975   2.16958170938966   5.205367095896323
1.2450623078208558   0.35925611799884827   4.224574000352343
2.040665219262656   2.990039881085378   4.00810909698929
5.638778439340132   6.6822406730690895   1.9841886541093312
1.6764133132150931   2.133798478407408   5.701620870895154
4.88246759879997   5.57381208241292   2.392457332641675
4.53306675504085   4.622485295269437   4.531916800486194
2.945559373819054   4.783400466258618   0.38120980199281185
2.053074721346266   7.735400918545845   5.551465769460666
5.077194837664834   3.689244616297717   6.221093335186716
5.74118508311735   8.58224978060416   4.281902654482881
0.6148111759909229   4.6741378003481024   0.3184024635343258
9.261173200718668   8.101342963404601   3.9369688395315414
4.5408303335778415   8.948367613678395   1.4071986645260028
9.757489870222559   8.770743439186212   2.3805216565594205
2.9027558902784416   3.3342011398401263   1.9479365990950712
1.0466543278537273   7.0673006767198085   0.26310176382384703
0.15927507700735513   3.5420706331933607   0.38544279813873517
7.759522474397066   8.885915059365239   4.743825263791691
4.063371917901404   9.762383369087795   1.2586742871073284
6.081145692593618   0.6585950993733812   4.887089998344819
5.350768384759156   2.5788087777178923   3.678025195656057
2.890443550606927   7.405761051622215   3.3879234489649677
1.130140784576476   3.7737897739581343   2.2318485381151087
8.431582335912692   5.3026836480540664   1.1293599791541538
7.391451985118504   5.440774163242022   5.432699894896531
2.8470721084347255   0.497021177005865   6.240503055887396
8.651190452805062   9.459612124510329   2.5729037070046736
