9.59002073616123   7.119186914981488   5.996618338117653
0.0006314314682391853   9.544829881336023   3.3978402584209233
1.1754817939818882   9.614395169541803   5.428080581684857
1.8362245860012691   6.868012002442586   1.0845349604065646
0.3484254744744544   4.529902499145176   2.4190808301795435
7.70469824514787   4.29968354167365   1.084860091014802
4.977930708700546   1.4856322448191088   4.340963977221313
4.704737842495992   4.314412938152834   2.5523355390799636
6.450335907768049   8.726786681710257   4.39371772557603
0.27097123389674044   0.9780109943919619   5.622930153107933
7.436056276550912   3.416583946293229   2.2324965883301306
5.496539348248635   6.3367041564164435   2.5708875079504674
5.761857064696824   4.471355928222219   3.4827378937846967
9.506601959808133   5.854856725167715   0.5465691913870057
0.4080181262084537   3.3081303429252524   4.162125388452515
3.1626874011553308   1.7273208206623754   3.464573043971708
3.4365773927748156   9.405459887922804   5.546238818311537
6.638821121542503   4.166351005524116   4.630502328245009
1.1311985019740272   1.0181585136596087   5.475077476189182
4.243458710871838   7.772464321913587   1.827704776326054
1.7288171540964756   8.089281740712739   2.6338190131433663
1.9793831308182137   1.9226098413941348   4.1162871459762025
5.319995553315316   9.425164232750099   3.2754141963512753
7.881075892343388   6.863278995141356   1.102993046531814
8.424628316701831   1.11813084046055   4.457943211046762
8.637844582802684   4.024251922387043   1.9885586918378386
8.700672008899897   5.9605440770053475   3.931365845036401
5.705134042387445   8.637961891400415   2.6502823140940945
1.5759520213925304   5.989678233098928   5.62348481027637
5.761629136115953   3.680849351535937   5.022322780498944
5.0645928285868305   5.282466413443292   0.6341423061165842
3.790553529776595   3.4920434658705135   3.5874702484954524
7.755604994513803   0.3150325212320697   6.104726007696283
5.590609077658304   0.9737601219859598   0.020003566495272906
4.965755743328745   3.351752357511246   1.1834720129920147
4.291035811471088   5.978920704610751   3.2804921998950336
8.626577703073762   8.812153314509475   0.1509544175486232
8.99502264093033   0.5819110328802881   5.916937229712862
5.883552907395736   2.0654007630969695   2.3921119242442
3.2309125492850646   6.9234289590598515   0.5963613371712359
3.5333486256535025   0.8310108197746164   4.371305197096154
8.456302463017252   7.815484301642647   0.3502076683463987
2.6336006146959368   8.695702122574632   0.929765061040944
7.018800416368037   2.3051578926464606   2.6453234826022967
4.505565488885284   9.710486013193224   5.203893214738206
2.6553833751211355   3.85893807990077   5.260424876743752
9.372770920398716   1.3386768759368217   3.486035506805752
6.194187096102651   2.878110529704103   0.3500686222254391
7.8031541202278   5.973833700171503   3.5454312710822693
6.843747451939554   6.435893771488217   2.2561564754476375
2.4747970825245944   0.8735356373293521   2.25288156397426
0.23168772156744005   2.4766118375253647   0.4248881975036035
4.420251173053694   2.45519783558265   5.029458385386582
6.557179756685338   1.4940407976421746   3.2992341355499284
7.445853335140424   7.6664240378676904   3.3457448253390853
3.3865003955078383   5.285972820710697   2.8785295949337653
1.8449408131525018   4.445780350140208   3.3509981176555956
7.396238469060674   1.3130490434371191   0.786561998711622
5.688199188481255   7.12854050759347   2.065286607387833
0.6747656121750032   7.864474785181972   2.8640519718248365
9.599497743664042   8.027369167048517   3.3974689193744574
0.9635290768054877   7.022955701071631   3.141541072222083
3.556614140595068   2.518395711451669   0.27017834406016017
2.440481166713802   5.297766858320062   0.7844594848385579
