3.922111277465115   4.8068141784056415   2.036770342268829
5.108951968243493   4.510988445031012   6.123415070649921
4.299117418241622   3.753011238768185   3.5631335001921256
7.8404711229635415   8.003540316447326   0.3431221348618043
1.190120171626565   7.444234259867316   0.693654419933385
7.139348901323179   3.05130749444403   2.646617078432059
7.207621511151411   0.5748237510893732   3.3209485475089497
4.354541398437155   6.627565213083324   0.25998745360600106
1.9263866649703334   0.9514477850790395   0.7337663424780286
9.153959886380513   4.939953645894576   5.445160268100126
8.143967596865942   2.0080650342223927   1.3000766676227533
5.111232863063592   5.8357553796335235   0.5437611749767373
1.5487005209433495   0.0811678741177363   3.292277943354284
2.9177549578656063   9.304697380323883   4.933717653630621
1.7175244335150555   2.073067881378777   1.37676789968182
6.313138322603814   2.7560040322665262   2.378262613044699
2.2792615645350285   3.1377337313640457   4.067593322064693
8.435614279132189   1.0234627830470875   3.5450645896607442
9.167067564283828   2.0418990926543357   1.8094327176591134
0.3436942553020734   0.8207503670662832   0.6416879933472514
4.079184038307212   0.7114776013313452   4.2437891059435895
3.542663224507188   6.836447228363195   2.615147988868344
8.267812923602845   4.885648667608638   5.211846916845553
8.51682464004737   6.592428772900024   5.579849927383644
4.717806554588842   3.0055256909246806   2.899842596252416
3.5792434407807954   1.574689091636486   5.4850995781202725
1.4719312822034396   4.225334687012886   5.058497812076775
1.3447004632281851   5.4782011007440286   1.892677201432852
5.54739934677386   3.5893055759908985   0.4496495573983613
5.484034401802062   7.087193319098805   1.0850465822015576
7.704885860515333   7.225435374320973   3.5650495707904946
2.727169167876093   4.920035427971267   1.5114086004818819
2.854466497955695   0.17898038740696764   0.3108627941970171
2.3270577863126296   4.014059733156361   3.8280460486876335
6.184389117456251   0.8571571651665513   4.050752909361869
6.16342516816804   5.7812795359693965   2.1198672322001144
0.6696262599599255   3.4453609522398474   0.2795054279871776
5.301566886863736   1.62316779116922   1.1065103598147377
4.184349564155463   7.757453258487756   4.991658655230132
3.981885235145165   5.651774301713815   0.5033115498410816
7.731180341332557   5.469603549371082   3.283804279607176
2.2837080428686494   6.468162073155726   2.219255416938022
1.9555634595413158   8.880431615550009   1.0238773445524312
5.52470737983196   0.20410876197034744   1.8786495009967439
6.256982762046409   4.6001574992180085   5.18278183033972
4.029133492651919   8.779269749167185   0.10971260800554539
0.05727804816127985   5.120139693015472   6.161029666579402
6.928033549837964   5.164480905276814   4.4087740603140295
8.450257896388194   9.317198398399285   1.9865471940002397
9.549201027857825   7.7191538315586685   5.647315086855121
0.40249634006416946   1.6981391705695559   5.0477277945329595
9.324637885804014   3.296238825260345   6.26969644937182
3.0409950198858664   6.193002405547338   0.7611928828276686
7.5519483675912396   4.151146785988926   2.2809472300632603
3.286884754182286   2.380905877517447   1.5004326658753473
5.321374657145472   9.13628666456982   3.520740145308359
8.403664855223802   2.6068947571893952   0.6758412251314578
2.2275236097882596   7.8826809812674   2.2808588836532278
9.827131545547863   9.753984530735615   2.094380366025834
7.258829252918005   1.707188660233351   3.065932354526996
3.1612329821011462   3.2530079806702297   3.378822727944178
6.763114140172173   8.934308981132371   1.4745523270098513
4.453425532300861   1.9577077347828022   6.278125038692036
1.203657845216764   8.878101858990687   0.2299494031118155
