4.558096236917323   4.119127209704661   1.8730167464999834
4.906676214790998   5.15366927632498   6.029325143394026
3.7108635213948546   3.1780475441515654   3.510804713445589
8.121244457005716   7.235747063623334   0.6837268664035774
0.937619535142868   7.0686421169598574   0.37915982750645083
6.6204368463263465   2.780705029879843   2.711463349171807
7.107303703093904   9.609867401918876   3.520996157230815
4.485724879957564   6.871847263286908   0.4112218770912096
2.1485981883155123   1.0145006668664815   0.5938856011861474
9.25676063263021   4.52570953143487   5.688107899281751
7.496757303033208   1.8130656953394126   1.1131323976301428
5.369003202755109   6.595252567361248   0.5716939217193391
1.7395105860377538   9.624864329110672   3.420050826446721
3.3500300908072465   8.867049970981979   4.5412545501286345
2.2350336293727406   1.844644771941864   1.6900525200799132
6.0136858780539475   2.02894005325245   2.402893360075505
1.7174454808901318   2.5508388175890264   3.7691113083757437
8.94046429169315   1.4652607457621825   3.300891822212489
9.314313305596587   2.074490962642328   1.7826590369186595
0.8782032411204672   9.799722125270709   0.9516753587721523
3.9047621364143783   0.135059390093609   4.735595074424056
3.318135275837342   6.70993850048785   3.196045761954431
8.040175937627517   4.586819009907141   5.30977410640549
9.144393415093498   5.881725446526487   0.2635275449553239
4.8124304102075   2.8824801465485583   3.052054423845901
3.408626528562886   0.8149468651961526   5.492413424007647
1.0764312753021303   4.489135282216736   4.620735702396651
0.47876652816755483   6.18077852997031   2.0827291816531313
5.595457846750294   3.139193888107446   0.28274400204876093
6.633722299756816   7.080025953140408   1.5764462797274283
7.09172210744108   7.969107570931341   3.6388356317191546
2.6122827505925996   4.8720318657994195   1.4552938871107397
2.5730312599425202   0.21544388080615995   0.5034293965425607
1.399277920975449   3.790387190663596   4.249057364173628
6.321205292174767   0.9398537369196722   3.9019020364981714
5.624733776613526   5.670743763573134   1.9666782024862974
0.559562371508638   2.679942924925814   0.6991064420998966
5.56385335933682   1.2245634216935766   0.5798022432437899
4.987814870323754   7.616411593872702   4.935840301731299
4.035472319657217   5.78170652120461   0.481562874992818
7.731473764627805   5.620423894568742   3.319124657066729
2.2383400538106515   5.78097399322389   1.656045722075741
2.725197205569166   9.367037770897843   1.129960059987586
5.521461795653763   0.38923476589157924   1.8125640610013194
5.8946685534382075   4.407622029082969   5.154158175154649
4.287106240410489   8.373587200884726   6.23891116213198
9.852888175567646   5.609228504811904   5.619915294140049
6.684045478581556   4.416443053756956   4.315251901348567
7.891826444501604   8.521520435810492   2.1698353289153895
8.765178708024779   7.392310069012099   5.788362686163303
0.23033007277367118   1.0630278834046925   5.690516746149454
9.37322445033888   3.460990145420228   6.133087521717343
3.167867771978526   5.5211135035965615   1.170318090964939
8.281846642857092   3.592602492390939   2.3380428967461584
3.258710085101871   2.4312400130446585   1.563757367916834
5.198747760193919   9.593312392367132   3.2378174181626065
8.6819157459176   2.934690657301778   0.7596453011804776
1.73546923212363   7.763822071565798   2.1338117311412916
9.158233683635666   9.635519635357417   2.2515030862086545
7.999225201898203   9.644522451737116   2.573980817931712
2.955012745343309   3.4044125158520115   3.503456303367497
6.857219002881923   8.787208498264613   1.5835289923222169
5.058667022018724   2.0627895798559353   6.2184740241535605
0.6628487082774268   9.052361801980698   0.21287034450336548
