5.58864848964629   6.389969349775842   2.0359042181081777
5.409266931033635   4.67307686665792   0.5219247837717773
2.965475751190903   1.4805078990887621   3.302031014256243
7.4861909359053636   8.530872829806443   1.395232647093412
1.016514714708028   7.49963311358309   0.6382775019683256
6.49909843732523   2.6904658249217412   2.782723658459147
6.07544971679619   9.531548183185107   1.9069387292932811
3.3051210960131945   7.904655431709916   5.643181440103448
1.7522632038310837   2.6302711773697705   1.3209160553286605
8.266727976639087   6.324885971074089   5.0578234884247415
7.411298249781897   1.9369451184799793   1.6074077385619883
6.1020938849764805   4.707406826706831   0.0600891220438573
0.2698811821073063   0.14449572287507484   3.7838784041636058
3.605869071069415   9.951543541904151   4.220847512330207
2.129179643574167   1.9199608730911313   0.9684349098396794
7.433388014911351   2.800996826306228   2.6829272954210115
0.6965906197165745   2.3353532040767755   4.002845549945425
7.659835228253838   9.756761061858906   2.970375689337007
8.667930007534498   1.928655143004168   1.852559007345238
9.229353750942304   0.5793916445692819   1.3855513466250615
3.3359050908778314   0.8498428986306067   4.492779992359395
4.260863130823291   5.153080498302336   3.630004646487189
9.175335838838725   3.3080102475263353   5.972349241189298
7.287761732032098   7.6599235057873205   5.902350168363561
4.291462780737724   3.047493378005613   3.0789041756568287
5.520803881701659   2.323792526157535   6.224724591451569
1.8168670711502037   5.811221769669649   5.676506727997121
8.681467218521318   7.690081903291159   2.0606980028627113
5.8715350403111595   3.437492828993136   0.5533435702580117
5.989622228395472   7.576915967027073   0.9921662399121081
4.981716665614742   8.658458371919634   2.035651621243594
2.2889458716352538   3.8381565624378573   0.7498142560342791
2.976135349557741   0.28907474324111926   5.394062336615599
2.76047820765534   6.508789349558435   3.810166893839279
4.584063605483735   1.1551364683739513   3.869121869961385
7.8307937444931275   5.541185415910389   2.3553039731855576
0.10481109523233378   1.9652111295346013   1.1491914106555199
5.141535431390659   0.3802397324819715   1.9275083617005333
3.11158762758231   8.731671971356906   5.473714116681023
4.332884813603939   7.146668325834897   0.3157565532273633
8.64272627207456   5.464028751611468   3.5450774687283135
1.7588214255099168   8.017825871987448   1.7695208566831873
1.7969737651812256   8.747952301851072   0.8335258441384595
4.310075857072895   9.66771878200812   2.4467264469051107
6.730408979326265   3.719633734511455   5.299767656706332
3.7722131124375524   9.027007647070542   0.7000101099125808
8.973844412966129   4.640367104575946   5.571381042054116
7.440634651426066   4.347499469451094   3.7879548645259207
8.964610359081028   6.860209577024369   1.1829620148395918
9.808276611783548   7.587775629018667   5.010948879196833
0.45434025600122674   0.9850147726266488   5.547890476024218
0.05230874834805854   4.8931340138777895   0.8883306758092583
1.872885284913575   4.6986003049594345   0.4628177715294274
8.01769938293971   3.799457745566916   2.4906631421748133
3.5365308612113058   3.357998481541184   1.590138977983196
5.891237924255157   8.372512452983175   3.436345446419696
0.3046583434567931   3.5432796852368393   1.9354309651064066
2.4635269547098044   9.678930102772014   1.9913451278472587
7.578227881451883   0.5333513973157017   1.946642743885475
6.2781864149708095   0.7836502375200292   2.3270160535949764
3.402703871501388   4.270787217052135   2.5871177072764393
8.932961874348985   9.12281781723892   0.8880970781441363
4.222503936222285   2.0709316124837174   5.2766815625600385
0.9992608943061146   8.859235747064591   5.873412320699961
