4.205205970324677   8.326514957968152   1.1448588163391051
6.830598257350215   9.555027954177241   2.317419404284014
9.457778168425945   5.700553133794397   2.3344656196826925
5.35652896871619   7.157210862015888   5.656660208475942
4.1097367198727675   6.738333837270144   5.215334525080375
1.240278386321219   2.7252224577528104   3.7407889795780163
8.441234719699562   8.735759400360477   3.6470197722961757
0.9285338094058082   3.8326232223891252   1.18618445821095
2.8291981045623866   1.8347382037412192   2.918030096275096
8.127611051118416   4.226867478344649   0.2630194643343594
2.843406259522244   0.45781627584271645   6.106218194059485
1.807626852039518   1.9660045599669074   0.8975809714147375
2.274340267899019   3.5690350142588727   4.558434909213712
4.423414903080186   4.657234777906875   6.002332300671593
5.404607878023458   4.537629434101922   3.3939852404461357
9.767052281652116   3.3394604293014285   1.4854313209195433
9.80056465405822   7.587321949534635   4.498723175394826
0.858480666144341   9.529475194766379   3.4965210337344472
7.057018944153188   6.283944898160579   0.5267768239877455
9.217067330760568   0.9302511958858658   1.740212585762865
8.172107214377581   0.9286162484108929   6.174329089787241
6.938044816075216   0.4290900755200012   4.577640355166669
2.9048807422112355   2.9574306936443753   3.1174079297241084
0.815199604432691   5.087734966434013   1.7629198887263546
7.409940324848172   1.9154805580537093   3.5597934036605086
8.27894382383451   1.6138650770861802   5.222494216892182
7.770973429189628   3.1310022544937532   2.8742529810863466
1.2206152002430573   5.9632919901237855   2.434644048695919
3.4832354408823516   1.2816768017290554   5.218802178024993
2.1471515373240564   4.513715858416208   3.170663162153363
7.735998393103948   5.4916403626365256   0.7903389566418718
8.608882662344667   5.585812325056266   1.0975968834466698
0.6356506280579528   1.6234365160806972   6.171795835888977
9.140838775559924   1.8852457198830779   0.3099260671719624
1.4781198972289673   6.699733552309353   5.532640227148511
8.313749761875727   6.578315437586088   2.7217471776770563
4.0521336181066365   2.609193172714013   1.0661044274115523
5.8723294580623575   0.29811274197873416   5.513097094013903
2.089589200683229   9.135104920495655   5.3816488106162055
5.978500256353618   6.038437260522421   5.477725911473423
6.720430215410645   8.070711492922072   2.2227784577401297
3.580400265122192   4.9987967886066125   2.946021348282436
0.8028489166533856   7.011190780496438   5.96994094345721
6.306342571246424   4.498747383370862   4.300779689058104
7.221319405363526   4.857211709993486   5.227402387420774
7.5764390094393885   9.022533103472583   5.679026640221619
1.1251210824173754   0.9065989278023805   3.308541361075191
3.224253704558693   4.032193527316432   2.4767184579958634
9.12967762044212   6.3826084891190575   3.701863099406331
4.537344732736765   1.0968967606852904   1.7336644804330383
3.884303320181692   9.278095285307568   5.377365692351559
4.946043150334489   2.9318710288335152   0.06218264245145193
4.556191035980814   9.645372306584099   0.0988870243331764
9.042289110138015   2.766873406605001   3.190333754423245
2.8377744554460937   8.48345930179137   1.0779602830866049
7.146065599448448   3.748289001895624   5.445726234927571
8.910978506531292   3.6991981158350455   0.8717066260978363
1.8007029472068061   8.212541829809199   5.188902491927995
1.7764031477253055   0.336210228483349   1.9689476527539471
8.98033368385045   9.80297299036171   2.963613952960395
6.443595905907697   2.371959745651153   5.24973955752197
5.400558701635453   6.402181736756138   2.1627577680517387
5.385970245953443   0.9187805629917385   5.534679212299184
3.9160317009304912   0.38299651798873097   5.2392310256816845
