3.5634086435771803   8.487943684086343   2.83825098495586
1.230120206961871   3.460842184507994   5.362309777084596
9.715129473659653   2.221322935867997   5.51561008120275
2.7519068283631514   1.9208424699298496   2.2011252897068285
2.446080615123055   9.107701151451677   1.5460301497540154
7.365628109271255   6.82813912460715   3.2934544268734802
6.068043320741959   8.256613636889542   2.3497454368523782
4.625234907501992   8.36008124439545   0.47560659488035234
7.995384683275286   9.313105431809397   5.863372283140672
8.92292191319154   3.4291507372079844   2.521313528254084
0.7123149315517542   2.537139997866274   4.873956831425526
2.1338767741969127   3.336064652075219   2.8127610620586774
8.759806012621183   7.018588712722425   4.694516624868002
6.340741912384466   0.5325387258743731   4.666798242305451
2.5907019122700903   5.966295137158523   4.343128402013665
5.475474351584574   1.785042786019809   1.6587925204915759
2.863807920425675   1.170086232836964   2.3343665828977924
5.781170926044633   9.167672409235303   1.4247534063094798
0.899011965486587   7.423157645987861   1.7794490246795092
6.885892442610014   7.718814505559534   4.056776332288398
7.671727347117771   0.4963361996026444   5.9824565533892144
8.970643855435657   5.960031725133035   1.048261741674197
8.467592544427559   2.6253265189145534   5.13924717475818
1.6209502497392125   4.191525743692722   6.2545578608319445
0.5358707857644369   9.766496897240371   3.1968752889523633
4.291431768226171   0.5290866989236065   5.187953243276777
6.942246895252248   8.577253140076907   2.9407796437965517
1.0125985906501922   6.334907445534063   1.1184036560393014
6.059993368459167   5.004805433086205   1.985276091723696
9.866646328369656   6.736688631134481   4.303034904217128
5.760173793390467   5.689747029965939   5.335957055063277
2.3692034122352723   0.06565598030962577   0.8259054615503885
7.981127258198393   6.345842970146662   2.7938156214135095
3.32093911128021   0.11879754771968365   5.75121600727917
4.1112760006624445   4.801461911822299   2.707076532165212
4.50179744164651   9.11756229862405   1.51861251854223
4.500775062966541   2.4002244593560627   0.38788605793468445
2.4003104492416663   8.055407855781542   6.153051247734785
4.291002158138355   6.833828935454409   6.257637374844119
8.493977685122891   4.894997579159249   5.509802625138545
9.199948717054307   1.0980787898115456   1.720113226648449
9.669523295957932   0.3412298491736352   3.3931987859411943
6.49761579517484   3.4202520872243514   5.567721462986742
8.409357183372908   0.947191677960882   3.8879026515407276
6.946483547042697   9.762532496566122   3.7687661605050167
5.278571738105044   7.286119778677775   1.5881999129186728
8.838560358463871   0.038011225141612925   4.4983315794797685
7.048158851296455   2.130781996043608   5.508078899913854
6.2879143586813715   6.882702297636686   0.047719877704368585
8.875258874652161   4.326600035192265   2.4842042861611837
0.9330561952751393   8.378443588896676   2.342131753503786
7.996059193704512   7.250916460077892   1.774063812830432
0.4568414675321879   5.437865283837359   2.8989771290891886
9.78762894232667   7.541851262970997   1.0067256315668027
7.79988840849903   5.346042758374646   6.07425353665258
1.5928610695888799   5.661701650060553   1.7616085890462894
9.901962777679982   8.976491089806817   5.835153124945128
3.8268170897081415   1.7827500672423142   0.7343571129294794
2.860794516429052   4.717076843090571   2.37544581232438
7.139779553744177   5.002691608227089   0.3291763498445587
2.1835365423273445   6.915605693271617   5.016555789123948
0.697743736946983   4.379173562253353   3.4728267326559887
9.060206388335496   8.007676056910833   3.06601309857958
1.6857558155249712   1.8125330525824572   5.531903476582883
