2.020336531171054   5.426132483526645   4.842122866112228
0.7619700962694359   3.5851084533735325   4.791808276742274
2.3378146493229255   2.8433118392957275   5.623233220740409
7.75479853910449   2.2130675516414624   3.5949257374266024
4.344555334253138   1.420494711598353   4.035582226519657
6.411712337213859   6.995553335059484   2.9981316051839215
7.981319069861496   7.147302099140568   1.954742825079781
5.3019548057637955   8.109130617598963   1.6599151031816781
1.0184028475265339   1.172311844200473   4.074756926512902
2.9542679450598386   2.032527108188245   4.099685835912029
1.7033047349003114   4.054306782611878   4.871546369467947
2.1721698422789224   9.189757888327955   4.132301031774792
9.864918441491376   8.266052091451146   5.73389965744319
1.6285203423599734   3.1048037801931967   3.792134608255532
4.052128368693762   5.096416482899678   2.1693013936580297
3.7593554713333757   0.4177226541716766   4.683974390797876
5.806591788822248   9.859747173948575   0.4068203356319372
8.958397394513884   4.106902966275862   2.4149852800594847
1.688467020847832   6.237710758132835   2.6568561073262473
6.706133146572586   9.61229907300906   3.6754194747494586
4.962658957740665   5.10367518275921   0.8934290497449953
0.05811755584037326   4.480172743640503   2.0924371512772173
7.5205252645443075   8.5967833074564   5.297632939987213
1.7030829939699548   8.559962380359714   3.934953950133421
8.366179818979534   8.37878622917237   4.011750635785066
5.159233394755906   1.184870118019231   1.2197793276316287
7.067455158292282   7.01222485905858   1.627384504891303
0.8364897330583594   7.377808018304555   2.1237070204331774
1.9825220026433747   0.2786750916856867   0.2883340875968033
1.4300969729700908   2.2736072101931235   3.3805214986557326
6.024389965025026   6.420948044849047   1.4765384850522512
1.1828044138594236   9.55322383818436   0.26930996641458227
9.673243883397948   3.731833443233348   2.1312817399281627
4.588819886601368   5.98552524289121   4.642550336574036
4.503509072499485   3.033696581942598   2.1083235650175913
3.5641563429890786   1.1717728885792102   2.4004156958213385
5.156578304831264   3.9175588413128386   1.2592718663996645
0.43277428155456127   6.334913817293955   5.797935570367732
9.529362282488265   5.846964266992954   5.321182551359967
6.048264001465145   4.160417489233862   1.0167895432326925
9.303422772395205   1.6090798750241961   6.196913548037432
2.7249388953928   8.613248223498925   2.8300083517312564
6.579297135201926   5.944932332772403   0.3507768956436041
6.030514886383003   1.0100651149841662   3.5206674247226055
2.6723418640585384   0.3307630544529073   5.488638117426896
4.427238302484716   9.735932541589499   1.6372097000826638
8.666666816534086   5.8857331770709544   0.0016081255106563108
9.058596518734374   5.0095363951043765   5.556528899607545
4.113033649779288   3.806465785064532   0.9216691948572616
3.794696985764905   2.271709368519229   6.249883152969598
3.8671024855821194   8.558158580809238   3.1177391588023355
9.352168064830812   7.0818818392177185   0.5828888374968273
6.331524046052262   5.087173665175233   3.3400571281261917
3.7057495347792657   5.791387296339167   0.8861098687772411
3.265201621460331   3.7092287065240637   6.21569742359513
7.392052805591236   3.5081933769701727   1.5175492308498566
8.36408396001988   0.5832849352513569   0.4690646858276314
1.1310977911325488   5.701587804106362   4.140607487841926
8.030458465680617   2.7765942913739248   0.3758330803550378
7.7247713081510625   4.620241665916817   5.988420322127316
5.760994124288942   5.120931947625096   2.387739178627366
2.2671366232483603   7.2912837382860864   3.161261456673472
5.076333522323351   6.5976543559282215   0.6332746488332743
2.667018810829146   5.53505833612711   6.11745300250401
