2.4176063726980717   4.719417829021457   3.2432988786475154
3.084623886722367   9.289148824953827   1.0340485779019004
1.1042778890065494   7.468974166056736   4.696402931023557
1.3730381546158705   4.300523949306682   4.15287541184921
4.211944890624405   3.7999905561862057   5.02030615122745
3.269312296254713   5.3127432171228754   3.027565803655198
6.6980852697923625   7.455215584155154   1.0399515767249454
2.694739015717289   9.836105131167852   6.2302916380263245
1.1649291757304467   1.1776087544498273   0.013320749743740243
2.017118600986418   7.469109601989705   0.6672185591778139
3.771813352590352   0.3946712922504172   4.069743039072009
6.840902985221888   1.883617561022453   5.71799727281124
6.947262104524984   0.7619801350025251   0.4446861365643707
5.497646164376477   6.107663166576387   3.628572428049516
2.497515269833741   0.9863810059085039   4.251684734074537
7.493387586028045   3.892803965043045   4.615588961305211
9.462610456726408   2.050643048117992   2.0373858135740504
3.8967374757215163   7.727117658296078   4.610484371029075
9.20752165054657   3.2554960592628905   2.8989061346976293
8.489872088386253   6.2346047776507945   5.414940711940848
9.081827432442344   8.265593715596104   1.8425820251533631
2.838093698215457   2.345056316792388   0.8636897935399083
7.913492975173065   8.952490009695484   3.3046833517811303
4.114761944007009   5.794908375422573   1.5408738211484558
1.953468556643342   5.335868824710849   6.155212545606986
0.4884757441595567   3.176813753310336   4.471854553765966
6.703534713755224   8.311205181005883   1.271447066644122
8.676665884471891   6.983233959421037   4.984699233286225
6.663594002558409   5.412588050195599   1.1053642620135642
1.2546538980172746   6.556231849628132   5.213112212498346
5.722596436514326   4.752735962563195   2.2720913497706396
8.438225458767409   9.564931954689893   3.237025437286312
9.898484435078505   7.338484495763611   3.719402468843519
2.9616714759519693   7.3193245228191115   5.6727515478798605
3.2563361885429467   1.1188032011408677   3.1531030283627848
4.730078531902667   7.47462684587115   3.06664445897096
5.259687250063591   3.302802658963458   6.065969783395474
4.999291107397031   9.033563965951823   3.9682230204409095
2.44470094064878   8.36989237645202   5.404783201300549
0.40207240164745517   4.859389554820439   3.801587465531652
6.288724128332819   9.603848854825612   2.9063548618566064
8.24078304491059   7.321902218982303   1.836793103280665
6.054673973693814   0.8673394400170071   0.29090960194750726
1.791410746128572   0.466275491179444   2.368628896323017
7.242185034498536   4.696466158763673   4.676253661631772
2.143686502566901   6.308806992653789   0.1662666582793814
5.391082433472146   7.0379803741996065   5.324591789195926
8.61603850045504   5.157103627756023   4.170677360872896
9.821820996036829   6.1122539517931225   4.213272306582437
9.706482383036047   9.92486194326079   2.4617279321082997
7.584405257486093   0.06581397064691841   2.502499092352632
1.597938669587207   2.7497778288080434   1.7061483235100048
9.104877991946486   4.627720392047376   5.14188505983493
8.832114207798512   0.5965467051377256   0.8344281343876989
6.5175456804185625   3.991157904883117   0.365627800291915
3.3502394959818242   3.8685204630146406   1.8643546063754526
0.8966196010253493   0.04917299167522238   1.7768765919635192
4.340777421965594   0.9437217678671413   0.027621523856968616
0.36326790876590986   3.9691460252607844   2.765113505951299
4.0460409092372025   6.5209257289673666   4.651145735589257
8.731338549121276   1.5219470023359731   3.3523832341623585
2.002096927025151   1.744812914334918   3.893153136910806
9.36082457535378   9.122968914579541   4.69136727670618
8.367773175174493   2.668965380490941   1.7207335435892328
