2.4760470352181816   5.959100693686599   3.9136062691144344
0.47992506734372475   2.1078313215314006   4.5674328996659534
8.538785299794345   2.9710970383160213   6.072056981903094
2.4326295386415526   3.910835748394877   1.8317534200883325
3.5479559960510767   7.782214243164755   3.483389781469618
7.439933547727306   7.634886387960467   3.7019317377074383
6.457608100726194   9.296855245682355   2.4014161641650515
5.386054625168593   7.189442278541211   0.500575812406315
9.463421123843629   9.096622235958968   5.76972850949153
8.077563110185997   2.517503054947797   2.9080450651662426
1.1883198293584911   2.181333791288276   5.465906066703435
0.8882736915675361   0.84281867261724   4.306329059949254
0.09417218497266039   7.040626115243372   4.450372274789866
4.311752356303012   1.370177308611041   4.111643955817438
3.96603844804278   5.746287064805231   2.414221600618184
5.934241651216636   2.410694612403476   2.464604981877805
4.408188288397004   0.36664676116347455   1.4356633001498325
7.889449319261009   8.282872375178329   2.509034717445034
1.1466568758172255   8.35741996945901   2.281686847819568
7.934556174654794   9.770607819438018   4.097019397952584
7.217045528449934   2.72107593464146   2.0725653763825895
7.349747315298582   5.674499514743644   2.2907748237516814
6.7454732966696005   0.23927859596534035   5.819129079113834
0.9728800538790845   4.492041338903579   6.001437351258558
1.2750007869108722   0.0021791687216836664   2.4238246102189653
2.4833741167543413   1.4340716446557913   5.630976109439072
7.2315974916353865   9.172652066510082   2.927725998229471
0.10134580626205036   6.07396283625355   1.0393899800627582
5.215959915710731   3.183435807564768   1.9109042322908596
1.411694491610371   3.7166247445969622   4.045133723261699
4.809070705686302   4.663572239395394   5.803649463017076
1.6463227526717212   1.130967176423864   6.229029964275971
8.95609783720884   4.457280053572562   3.8167561661776555
4.146615498057778   8.52190973712226   5.812108721588998
5.772552235095148   3.8711828935130232   2.8445714147422994
5.636515497389763   1.4158837283323518   2.0157178832434117
6.560389893817387   2.270842742697908   1.439570981222687
3.8016142301479916   7.037738204535797   5.4407427507143264
6.787824096826578   6.936107110137154   6.034575831065413
8.742945799753636   3.6873072337841486   4.426215731614617
9.2822789890109   0.26246537601073994   1.1290599536247334
2.2799687467152543   8.863592977444508   3.642222974094148
6.971536509653483   4.7712582366393805   4.931302818459097
8.48412770127225   0.5437296010120558   2.588549519633555
5.652296195247999   0.6711126177956968   4.475609763603394
4.689026978500559   9.224935918068008   2.6115292191418176
9.259171749865082   1.1707831187017919   5.771808121929037
6.993468466274246   1.3733136020901222   5.080747834073079
6.442229179954794   5.530663575798111   5.809454994378255
9.679888679895438   2.4219029981037528   2.0740605625043758
2.771957003030451   0.025309482014488793   0.9846148830210952
8.342723772577648   6.696453840303767   1.2258751318411105
9.356901980197723   7.045447294831196   3.5252498992269694
1.2900506724678098   6.538639924760252   0.8295864390110353
7.610444455985925   3.734773065067619   5.353592881664703
1.8782796925843552   4.906246837033321   1.8664977403470964
0.4644545643624943   8.987771219282111   5.742833282909086
4.356633516840139   2.993523922401625   1.3024396192254115
0.9116663412008603   5.3226009165414325   3.2171255731969
7.748635745804176   4.880011167857229   0.14991663711159112
5.539312648529701   5.277206636855577   3.4840241183220875
9.79550469080381   3.34973532171245   2.618236605347278
9.097570987466723   8.20531139702366   2.1210659128300535
2.427221244048932   2.7292879205758105   0.08218147984459334
