8.190289848350895   9.29384778732618   2.09132431977299
4.563657798324833   0.5486210715497557   0.3321477195256841
3.74543772767368   6.556478290863883   1.1415750864620138
2.098673527365782   8.796757752088322   2.6519176077872144
3.2267160298035202   9.353829064808359   2.5826999955460104
9.042380801028717   3.4191759970504045   0.772390702706395
0.8255335667264032   8.616920999063776   3.2629169872495063
8.658824402938876   5.674472926830942   0.5004770079692243
0.2555037400695729   6.177755145890871   1.7928306647887358
2.729654083121747   0.9249239874488486   0.3843542982296058
4.681141182363353   2.4472993392702023   2.0509966689651398
0.06985312961461021   2.7017045150802947   6.030450972617578
7.200118014740192   9.650322460374364   4.513037068032755
1.383631323450253   5.262341103331557   3.02117138628447
5.849163016556049   5.207754975107912   5.337241353307005
5.298355277445048   0.9661216252479295   5.9524106236259415
4.303339290521749   7.030735991398375   2.9157504661804183
4.610093003430289   5.171410482848588   2.1065929022565992
3.2500024096960787   3.741787748566562   2.1260646998577575
2.1049356562204937   5.66975169789254   6.066925746951383
8.521299068474981   2.193851986605047   2.9674602025183026
8.052968483824454   7.276490965398988   1.6810013584950299
0.7261584046437379   1.8059662929085318   3.2522688901984553
4.887713343479582   9.50191662864619   5.569267756535616
9.672656657480282   3.6583273449562532   3.5654069830408646
3.308891575237638   4.49628060293734   0.8921029059727954
2.727304410249883   3.2682574013742673   3.557803152850644
0.6762273049401798   5.16022759483654   0.10134486802504927
9.19921315132828   8.882186196059854   5.7537202497010735
1.3484673282129427   3.3029752428655303   2.439240589862819
8.942842223207183   4.220577739686865   3.2700991657957768
7.6484012069754055   5.633846697856999   6.095752039743001
3.4836956913398307   1.6339835681549648   5.897735794179237
9.426240569848813   2.1357816302205235   3.6810504813847684
7.243918003082351   8.28831547436419   2.753254187110866
1.873868026365975   1.9222226814718935   3.760891238113132
6.303665512075381   2.534061637229792   3.6614048588750716
0.9366155491205603   6.977602097746988   2.1737945473637774
4.069604194838765   8.739508722287137   0.8005530680493915
2.8393777230865256   5.197035773837985   4.248359201455192
7.650054626476636   2.7018129241028395   3.6425888420045998
0.03828867169204919   0.7307642734163626   3.0752588257953177
1.1298295426581713   7.768622673312085   5.122185206144802
7.163951217618831   7.314376155758504   4.3901064109551555
6.849348563721051   6.067321162565287   5.852459165273231
6.465036145084338   4.021576378926434   2.400102749105773
4.810373804510897   6.208452406541465   0.0464369887997598
8.219937501465791   1.2607844527261058   0.3984110993884327
5.576822721161929   3.4273748099969734   1.8448873374883312
7.492240374388045   3.8106079007286033   0.21740802111263813
9.177642757985454   0.7805514817044632   0.12091997435394447
3.446414975049714   0.25754993590486086   2.6195579632835586
8.018700869169374   8.43220671637387   3.886793960554143
2.1984215920886427   4.484000606555195   5.510880245041045
9.908108616699442   0.019272502712703476   2.0342322441665406
3.457954529456746   2.445355467653217   0.9799551572634322
7.121131372194862   1.886930305895094   5.983964346701409
6.1143870917579   6.937969753570384   3.9753151548581465
9.85768521715107   6.973937740119845   5.825067274940348
1.5456377036073545   4.470321760895173   0.12172799083990532
7.7234170509397035   0.5076820248807602   4.101841572434619
3.1520942299874397   8.09325451790174   4.671490015208216
4.442498906428416   4.231293012091852   3.7412772985077853
3.0858747491562313   7.238715034229654   6.238597270397997
