1.701492967616977   9.131970668913956   4.743714782679616
6.620110728943115   0.586267075883808   0.7444210435539205
0.033707584373722455   7.245723265207076   4.847005310437331
1.6746384224390933   1.9376292008329081   2.1301729712909125
4.522726114167909   9.36269723740359   0.9803443440996022
6.32779228337265   3.592440816632559   4.9382581300576645
8.65282663403948   4.600541827105916   2.0930975676540555
8.15430017382154   3.020183487080974   4.805135386396527
9.794499535643553   0.907925611514858   6.043202925019527
2.0338566482850857   3.1443512529458397   0.2571650460952233
1.8352085514469996   4.3834814307942755   3.7867798070696335
8.337334670092762   1.2007674244022246   1.3857514738446441
5.614827360652817   5.796778854188893   5.128775167779077
0.7039524440204731   8.456308646556641   1.4177861656293764
9.111024925493581   7.449115327533611   3.4214905923482215
1.0116365987011429   6.770898925326102   1.035124141732876
6.3516648009974475   5.222979433144499   2.3763957185486637
3.1962762186907248   2.2314264897543596   2.949521526638912
4.11784003518188   8.742530245013679   3.6103644096994563
2.7420821541413556   8.391753184390618   5.692766341033696
9.456613761896405   5.371312750274398   2.86634007287925
0.08728360539037361   2.3239219658043053   0.01980891919609057
2.652195490282417   1.5055267653836646   2.298949586059262
4.921067860461069   8.17579459823715   4.524716516856884
1.0177189582082695   1.7193576948642457   3.2192459171330245
8.017889803320415   2.2659324955588467   4.640330483692302
8.961530781845289   9.1553054680182   2.571342792450279
5.269708452521026   6.887064057258922   5.15737191101639
3.1796056634539283   0.12162498212581296   1.453380806408258
8.378185987043619   7.1631617097547124   3.232482158928633
7.468715152521823   3.776307659907539   6.167848691162628
7.629436355800233   0.27838607747273236   4.392463430764638
1.6474563805051525   0.08271835166436325   5.5509042426320425
8.950605819033038   0.1384736203696768   2.451248497528896
7.033632165575066   2.9019672158053336   4.212821380910791
2.752361981071287   6.834116287753552   1.13857922488451
2.4158580843522373   0.5741023761294893   3.6132001372813587
9.215281977787686   3.3248806571579976   5.689232285554178
8.969259072189546   2.3856181616226824   5.639379534113935
1.2016577399034454   3.4852875249984145   0.8182153463025595
4.295405567208011   6.129755896633698   0.9019204328936319
3.536212968480226   7.253270364281052   3.6407927976929253
9.692505186559483   6.52330002596262   0.16594029096605306
2.908504908561247   5.34977881623484   1.712724970096023
0.8217741674699943   7.592483089964271   1.0363214849840912
4.212855977174069   3.6925874018741496   0.19033340267387736
6.651645304457618   6.257320887539679   0.6380063112187476
7.276961780716662   5.419250570238244   0.718694689527792
7.550616646658691   8.657906572759769   2.678713512723217
0.9103092290063829   6.057981467193933   1.7786083995204223
7.709375520542593   1.2864024342477005   0.3149165665867275
3.3875181717016862   3.1786689933255534   1.0431420278603338
3.257229399585892   9.15802054396083   0.8981717520519811
9.962256063820384   3.75426491729155   4.369209903665296
5.428783706860836   1.2015043767683284   1.9979501637128132
0.04465832619281862   9.61385308992351   2.272885566904936
5.866917197637236   7.734580860554523   0.8586570535434657
5.009900693803379   1.8438819792758006   5.665603198860668
6.047358891230433   2.250236193031984   3.146463104364531
4.463955347150967   5.292748719756502   1.5259805217079374
7.263167909624963   1.9447016736783667   5.573893203817115
4.42397128136505   7.250971734760807   0.1339507954046721
0.5121653615234544   0.9389170090846565   0.8420044303028273
6.855072045460032   4.3461544107023595   1.5560785604026905
