9.625648076190794   9.347597316822505   3.7356602029637553
9.815182083262082   4.090023606567408   2.0062568926136173
2.7701848184530204   6.6557056255675935   3.2989506029994917
1.5246885384416213   6.455703946537241   2.031498418487415
1.487309747023187   8.616562073337318   4.289368281012929
7.666204090422636   2.6009518498679656   0.7229493409538825
4.095268275600235   8.29381224210834   3.6410168571685975
8.155896782274667   5.48670325307051   2.2968686822668687
8.899713899765688   7.262517771094803   0.8873849040668234
1.9820449303923602   1.783706802940312   4.512178782019053
7.212836018308228   0.9066050252237068   4.065466341479469
9.888879822590477   1.8780236615830352   4.947394691886367
6.926071443039992   7.042870789850348   4.371623142810881
9.92307106549873   8.55419720425445   4.527830120083885
5.3050965777686585   1.3131338491823648   3.60597490050257
0.477446346496901   9.258236812162647   1.2369163430616172
4.04283371002996   6.327912237023622   2.088283801923997
4.121691095799188   3.083462685791501   0.7345772578132513
2.6289874681817285   2.9776742474170326   2.971495945901321
1.905864374668652   4.949640838367179   5.216198161524266
9.47333582743493   2.93318803325024   2.084673035626489
9.157112964652537   5.055435657881462   4.253585904975035
0.6926183390061676   3.208386406388192   5.609525772848008
4.856648788747946   9.44007754224593   3.35409145789333
8.936349668613023   6.4688909158258525   3.6411760327175924
5.117246790179927   4.278900995106081   6.255217568539557
1.9676903777390833   0.9523308965121825   3.887941127293676
0.6017510086558737   7.17940101362727   0.2102970687436292
0.80830449758885   0.19039100772835285   2.6541221535039696
3.365132227360804   1.3921930547848438   1.4268791871689825
6.679755627063392   5.656160346909423   2.581603072636731
6.237999682734802   3.728460548506296   4.69037956484575
6.252838350929544   9.349194023056109   0.7551702288607207
7.957190787112332   4.64421357087667   3.7666110943488578
5.216818181011092   7.960189243274703   1.9649193556128943
5.314817453461373   0.08777075940179768   2.529589219507772
6.457712974026525   1.363416946771085   6.039222979116718
0.7272337610638457   2.388376178017415   2.7186611508012803
3.1786308102656875   9.195704412248821   1.0500375855193786
3.768993609886137   4.613013854153241   4.076554754404132
6.000362829584001   2.8537836069528613   3.3005982142658525
1.8690693854045   5.893024569035213   2.5901945423945247
0.331264751129745   5.055630086025083   3.2878211167756053
8.926525284528786   9.395523418388738   3.2702607742853433
5.591634234337834   6.054481946524209   4.727690340832364
5.986433508572668   4.378374292267923   3.4674969333655983
5.462385803898701   6.8501427553487195   5.507688114052826
8.8590738630235   0.3413736220021424   2.178713331259943
4.4057234933273195   0.9139791590001233   3.974346035412262
5.975407902599807   5.3628941805865615   4.997871277333725
0.5362824835430682   1.0490862372691945   5.93373949366634
1.3949871043254407   9.400626350286473   4.084951221097863
8.12545996617628   7.744320011914242   3.5836759052375915
1.386741471921808   3.7928313008725287   0.465024565333658
9.134253412418094   1.22953728917927   3.7493618714217027
3.048111860357471   3.920684852683342   1.73663310364696
7.548339538529285   3.768436335053867   5.748683943963657
6.83616280090138   8.35866413915399   2.344636842665246
7.7905281963020885   6.21125582674282   5.478735000393367
2.189552007278642   4.393378015126254   2.268085134626463
7.480343967264227   9.852366249700893   3.4870538919736767
4.642421318463938   7.167197386187508   4.456061265680993
5.135647265321612   2.7266458289795805   2.178180139039148
4.446185864026918   5.263772335093943   2.1504637849970227
