9.697065067710511   9.15745013729543   3.7660308280292285
8.855980934477591   3.722807083220565   1.487024266388553
3.4580476326621374   5.316296274590028   3.2311702579264847
2.183695695607544   7.00073880769106   1.5319656436980906
1.3270980604843206   7.653830364408578   3.9324954547519746
8.08358670942675   2.0606288835946955   0.7052771986808247
1.97082530636067   8.544101274101982   3.833131042116146
8.702020846563293   5.970318001504386   2.280665411843546
7.93563056294521   7.69134936631792   0.8170523154695909
0.6197414672530492   1.2999324561018508   5.002164230038024
7.363602854414271   0.14874964570232113   4.360448294684474
9.863806540663722   2.0338229279088296   5.445023597125456
7.0852701755683585   6.879999029798515   4.241758702323428
9.05200952986038   8.451842117887402   4.432320794552196
4.512834819400136   1.4832974913844954   3.4188115381863713
0.5789879470320983   9.168871893685811   1.2878124806288618
2.5628848785283314   6.440236393198253   2.140079772251797
3.56737674201958   1.7663703360838394   0.7584996107411759
3.1860460110726914   2.5610060702682738   3.1030172470611967
1.047881300607314   4.773230425375582   5.135527136500727
0.7414455393492151   2.5602400524780036   3.16890300027458
8.224724446365292   5.257624125066464   4.192396650641154
1.0080860361720594   3.829268759141365   5.593877185361713
6.527879369452858   9.476775380842739   3.958420160140106
0.14214917994848442   3.8387364156219275   4.7737589293030345
5.35326232526925   4.863379403727942   0.15371977097693182
2.8948145922862007   0.6906962040247213   4.183266933061993
0.614263358935619   6.878299714743582   0.20426827874335882
1.5904380239053286   9.507222172975506   2.3507593626164036
2.1206778189864073   1.9325866094578203   1.0425691872518308
7.3453513527641565   5.461021890062592   2.647881669036978
5.290899731559567   3.113952528143925   4.753543325897423
6.0689454946511745   0.14816520156831636   0.6700270950612348
7.705674234796661   3.951050168930621   3.79008923168797
6.09219583390983   8.325956095966497   1.9070426893561814
5.233244937121459   0.18810069492375425   2.4142709137403653
6.988509019291826   1.2486833444120755   6.191626180280866
1.9454636846804636   2.8112304385295492   3.1941027703911606
3.6990922733314506   9.505023847192522   0.020152463565812795
4.526974197601591   3.726510653477006   4.231746766570144
6.614405842599941   2.8887496403305466   3.075788494974191
2.5067478977921067   7.8288283762846245   2.43622660874984
2.232668444612096   5.47037640445365   3.948331712990188
7.331802798104271   9.392992775458012   3.325540884928324
5.447975261404053   5.953924766751535   5.198392401656271
6.065244607379218   4.001531261290122   3.5959513179058025
5.325610443681711   7.44270955931602   5.8939294592164755
8.63783239386899   0.20307775587513244   2.022463108036032
4.252929436570842   0.7634735758651611   4.171226737210221
6.566815574552205   6.067717728351789   5.633794217788185
9.732070429344155   0.5488064087628781   5.911369710361617
1.511109990295817   0.45840259899475555   3.970406634898452
7.938456126873527   8.573664960343466   3.815921534575291
1.67324356230684   4.1953991435559645   0.17945997156664434
8.960419499259798   1.6769786292175772   2.524515693988634
2.4654634542257052   4.098901569955533   1.6553909446869144
6.933568695648691   4.933916636418016   5.767569990338222
5.697934944013851   6.884364502995523   2.8700951229484546
8.822792641501648   7.145526015454022   5.369287878203063
2.4557423899616007   3.3894486618110116   2.2991374883181654
7.818827291759771   1.2870812871275654   3.4568167808801697
3.4328641177731063   6.892194679233248   4.549465432759588
4.620006929277967   2.6421301509129798   1.900265317421646
4.1598311840307165   4.6140335390290605   2.3447235964620323
