8.878891266246079   0.6035773013345812   3.512847018954718
9.910285791869102   3.618249359758102   2.0187183171704377
3.7181289624920875   7.154772793615832   4.07098778762806
0.7410042146595204   5.813403682449749   1.4355931686774266
1.012321291416734   9.585900145473493   4.4139878089720055
6.834105629520299   2.991847718385791   0.7601253334906288
2.866819614125745   9.085150942354414   3.675917342380205
9.04940340653884   5.237436674310276   2.3835545223819845
9.712338856845902   7.926125463916496   6.147656133931444
3.404981097028043   1.332138068699227   4.238879487287311
7.81994413178001   0.02208215734354191   3.5166478082826353
9.719575384579827   1.6504940126252188   4.567304340485378
6.154509088699905   7.598444421518087   5.26283703790289
8.987653023200094   8.223643495011673   4.166298074218373
6.805300056459274   9.396323591152642   3.670175407651858
1.536326381204949   7.872290063357294   1.476340475768978
4.919649107028658   7.867332647658427   1.532418504985599
3.7211509105091736   2.1438513487763595   1.198532972396695
1.6666469630276568   3.1857938942991533   3.368982288983242
2.9443752104812453   4.874060351922269   4.903758981832819
7.599005564342374   3.0105188144729564   2.343308612767971
9.876714900220994   4.921695929758364   4.472662462050993
0.8210065511260733   2.777885407587853   0.16049302198429594
4.366909481324719   9.456670347587972   2.3238750166072792
9.766523190684907   6.336780196989652   3.615037386657789
4.305438779280109   3.906005549883404   5.842619453038638
2.341893016335135   2.3715313907409965   4.190718287611526
2.1950102669987115   8.792887806198005   0.7456868257718027
2.1507710801542763   0.18299794540931008   2.5930101715439764
3.530536471413214   0.20528807230917678   1.5760449983990212
7.266155165392318   5.29438862570064   2.4825686658455375
6.197519298594421   3.8910805356723204   4.848484311414953
7.573349937747072   7.971431340252585   0.3796434768696803
7.917705712624866   4.9509847743433575   3.499684754794586
5.623707920521966   8.231576286394501   2.8566283067172717
5.700645383667463   0.21547912455315815   3.037217537125901
5.788634359000318   2.616651892498335   5.597159560564385
1.7834445445948877   1.3618519780566471   2.251436346789825
3.964396317455971   8.774581268801377   1.44698221712902
3.748749543707798   4.82614577748202   4.020769722858636
7.532252245811123   1.790170033367074   3.4189828614371587
2.86948650407424   6.47119142986554   2.002415525375366
1.8620860581097975   5.861766289189417   4.062056834338778
9.688998989628846   9.055467736076526   3.56635935316269
3.7115843749044988   6.295776877796732   5.970617462692441
6.721435721554867   4.832502583124448   3.1356364989992747
6.880719555009199   6.236053563291677   5.113375816778153
6.6842914874518105   1.540912109859347   1.9223437676475257
4.571114798250446   0.5699876329920615   4.314626753510298
5.585016287805975   5.662809101255149   4.97880183468684
0.09890041198537958   0.6202420218547495   5.5262673323098825
1.89260017746883   9.563305869967584   3.7961766467871096
8.844709918669984   6.90013284948288   4.278916122573039
1.5782184488800803   4.227148839771165   0.38349147110710785
8.881548295517192   2.1770847099756105   3.6550119424678393
2.5614129464838773   4.1903607016896744   1.1502646924136162
7.6343903544881915   4.0197752648397955   5.933224386321792
6.73605367778263   7.141887937135168   2.929381951833799
7.745301895815936   6.9354437300107525   5.116537931692583
0.12011461302008641   4.311631360940654   1.4791368398082043
8.476888428686406   7.6039437386639275   3.2386514241764157
5.395549710470503   6.698168078431099   4.588393536914993
6.929109124858853   0.5304771879502918   2.6629458074519294
4.970668804710626   4.932034329019405   2.2509821521706086
