8.8568307604663   1.538535160877884   3.1967044983548436
7.746705455808387   3.5631088406401075   2.103273588927569
3.405773660847149   6.870861063350219   3.7320533384752754
0.5901746603873   4.989771175116141   2.1083109782162035
0.9542976418190482   1.2530966675688262   5.394924175907682
6.820768679018621   1.5063593494152774   0.23466616711678506
3.294492921605209   7.82594632154652   5.14095776937339
9.901649027716147   7.416308313714008   2.2172688631957334
0.9308062355208585   9.424424039385633   0.7399071436279439
4.146536812453358   9.76136146985065   2.7854184012949337
9.310482425950585   9.784550986359806   3.963353525321517
9.942352219108304   1.8099015350606253   4.403487770549651
6.039794429222187   8.870582256937775   4.449276375549461
1.4774111099353455   7.882410116309024   4.319610922154101
4.6393819020154945   9.052915703443533   4.516522728293202
2.0820845870624454   7.513284855639132   1.0639130739018323
3.2997355694090187   9.084497904882058   2.7712503370489934
3.052242195451417   1.2328556906370312   2.5406751193367305
9.283585407631437   3.78848343162467   4.559061918978299
3.7607030500438503   5.317638267181152   4.006138764907184
8.645863241823205   3.2402454622470898   1.6607877543034257
5.989494603956168   4.126669427774747   4.689437848149669
0.891540356150089   3.5920132566392886   0.6972651416434295
2.5082642275294145   9.24154475415718   1.911963576733439
0.6651843920336651   5.745990328377492   3.3523140013330117
5.55376933008424   5.1656020705111505   6.006916357331477
2.793494590720209   2.7585185809847097   3.838601931653749
2.46544285913789   0.3129546419460717   0.23843151290562642
1.8208792568855032   0.9658535748999619   2.853560228432744
3.3645360082464912   0.41249202256182405   0.9626955626819225
6.687509380846622   5.921109373568442   1.7159402945094935
7.331186343814381   2.215881151493771   5.201630227296088
8.072018016828851   0.43606108317272163   0.5931634551686686
7.704132722602203   5.036638198611162   4.154542627952374
7.7429415778588275   1.5680809456675289   2.7372395606274873
6.287229991892004   9.693433976685936   2.530932656157136
4.07324591235039   0.5891624633745616   4.30116182918235
8.895189987805765   2.466430164017349   1.1207908591794071
5.208335775154536   0.544437187260022   0.8945867957612631
4.751911067301518   4.135372167613482   3.8927864429247405
0.21267466034161697   9.167970865222426   3.0782673130536837
3.156165070819267   6.000645371021715   1.4954982987747387
2.078965938528613   5.494320654138899   3.051025333859581
9.94640571764825   0.7767211903829965   4.08355831192339
4.215715687954518   6.282985031857882   0.01702852173576641
5.884683505622352   5.772499751458492   2.919503931399736
5.320296803332596   8.37768660819918   4.776252098747848
6.138032034203927   1.8912994142600819   1.7698669264778775
5.747154682866788   0.70946357204255   3.9555246730188878
2.630243482357093   4.022193527329212   3.7668729650010313
0.5389803842483332   0.22689815565289306   5.414831291163575
2.1630391544924428   8.548390835395587   3.19351608124449
8.746501277673266   7.478406152153995   3.9558177737505105
1.3776501126546588   4.495233548386578   0.13340858416605686
0.4218895074093621   2.5579300865045713   3.6059868006698115
1.3331206068302364   2.256091104590927   1.9655571256877964
7.173247234877319   4.21977560989202   5.760722801359882
8.252535599920284   6.189704318116611   2.5766131022196515
7.390954420160279   8.09470492215174   5.915878139125719
8.965879665930656   4.973288372156584   1.234526209273252
7.319952902537047   9.839949112513718   2.8017548999496587
4.664112260674568   7.087320031569409   4.317031723017457
4.231753261257734   1.6048524926314596   2.201301363629336
4.582004268054101   5.327541415573578   1.6599841036771676
