8.032944720416703   9.078622837586016   3.8963367894080987
7.6517445938483   4.854159592057139   3.984524464536003
4.142083777454087   3.6985406971048014   4.336824806738472
1.3409382675041126   4.751427820305823   2.7612575097321255
11.07668961465976   5.782286493375864   6.217289773510815
13.554722341932186   7.680082897467925   2.615177046197496
4.44987505813264   14.01826640869711   0.601443156756764
2.483525439176615   2.6487254516485996   1.7683759533634589
5.574577285799402   6.52370688467603   5.435417243100574
6.675455871558916   2.9225214333323812   4.494641087424447
3.421636671119767   10.269343248493461   5.868360079324602
2.61710162291618   8.197397313831726   4.496222466795157
6.900068112026601   7.335317994278759   1.3678394379976928
5.95760877584468   13.573880712667687   2.673603620170936
9.251553909115303   6.647551964271986   1.4332221782444132
12.112401861636958   8.683494644628741   4.428234675979342
2.3080580383270206   0.4707828769537348   3.372420568354284
5.300175138149047   2.328868806895508   2.7481720772608536
7.799855826418432   11.915394304751679   3.470690651480525
13.459487163880256   2.432164015494328   3.672935173328601
5.513352503615013   10.625458633669494   1.4208247256637911
8.619395281895999   5.472424316807053   4.9609254180113895
0.6403917890127524   9.158056120883773   3.880927964594214
10.007547926839209   12.318946189611868   3.149843766460815
9.550566877185862   8.850207858498464   1.0841676071416093
1.4682381401927076   11.211518466448997   4.812621001408013
8.522109862700884   10.871063113218497   5.79819347116211
4.891061126019073   9.550648858394643   3.7340701391018563
1.8009048801191265   7.2600644413438244   2.435678060344854
5.7134620677088295   8.24869783046845   6.054019544401712
9.873526521184608   5.142083532528897   0.1495021672325949
12.669930758331772   3.6597583555902062   1.357191326086673
3.2350005360181764   11.87698941413702   0.0007220372384573182
11.180121439089701   10.093007061756774   5.97551817976633
6.721544017521928   9.295408558122656   5.102266754915102
4.3011391603295746   1.491720568034239   5.302354830863153
7.767265032334053   1.3330919729155641   5.128311600666223
6.040703871033804   5.281111589764092   1.2314621062596656
3.275625634159732   1.8838495414486163   4.199447593150083
13.309621744636864   0.6519195560592868   2.472778141891216
1.3459572338327062   1.2501548673945326   3.6102534205442023
6.749217477790534   11.97910670749259   2.846516339604806
10.119137592332562   3.915601145473784   5.139776909576589
0.26048859120549805   4.637481347518752   1.7780648178731386
0.24862317279944096   1.007133563396085   3.674148239940206
1.852120228534199   5.850668983737525   2.155640062046029
6.456287661505738   0.8313094762779826   0.39218184665265915
4.688130050255722   12.833647011379986   2.1587806962235363
7.813727132749471   13.121911177179193   0.6770804580601738
13.410587977284099   10.454777413757109   4.958666943714495
3.6064110318303357   4.826102933179606   0.17903788759992748
1.3800820895352328   8.219593918899228   3.130749514831565
12.217441878068174   12.994577940589114   5.087452608753167
7.547027760590409   3.4927311791543407   1.8671657737653338
10.002152737960202   0.6714138956013598   2.210123966310751
1.2090819393581989   13.022417624084426   0.5538837174687526
9.265308842737698   2.9530077768481267   0.982725811057223
7.357162761583451   0.08204121319648233   2.683063552066297
11.060368757236434   1.475387759891687   1.5189753872424263
10.308175240625294   10.792058456893706   4.959700911789443
8.528977194253672   7.4683342575218745   4.480857392935442
13.344288640464091   5.771622222849247   2.635219123056381
12.062146273124226   6.500250858486646   1.9182478252068353
2.902863810077322   13.95128077500563   4.956181763150897
