8.244084423452163   8.299785906836487   4.118266554677023
7.086381195621689   4.568432946164769   4.094575747820515
5.073480874240027   3.5249942485896093   5.104233184501027
1.6703773764316168   3.2782603774372316   2.3313099711352936
12.256540334765695   4.9753265504501965   0.35583315598219567
13.740484486430152   8.171129907727797   2.964021734408659
5.949271689332828   14.04686400913618   0.37067966046670253
3.9337930259782374   3.655727355700705   0.9134165723062515
5.550759704413902   6.7980518899241735   4.94675884105423
7.220659305507594   3.0491193343674956   4.484038727460334
5.349380712478068   10.92711357125605   0.27156082717529434
3.3270374221299672   8.321967986939828   5.2286520642311745
6.898491716497397   7.928924496960377   1.3373429909186754
6.057757842009806   12.653403904288911   2.9822277946501115
8.130738635222983   6.931216659660636   1.711127701477579
11.543574231694967   8.519899749468092   4.255937947710785
2.3885504800296955   1.791533856100547   3.2805032805262573
5.946664701010891   2.108032904016925   2.666047994034789
7.435904157575909   11.838055409172084   3.698264981836306
12.876283476644671   3.229609093577266   3.4789628816063773
5.816110030457147   9.913668157339655   1.3796711066484844
8.716155875340014   5.80119871061739   5.02748591677135
1.57902037159864   10.922142037103884   3.5141340040201308
10.654171265210945   12.151689969074233   3.0661356471794834
9.332930027840291   10.059196015918445   0.4759979139869113
0.10418828591290491   11.834215564068264   5.0917565483335405
7.988916537516826   9.561135359546343   0.0462226846693925
2.8986490875341913   9.708993955221468   3.644263799788788
0.7776573257377823   4.671746886923612   2.4292223516358824
4.99838376089423   8.646122688804006   5.95154765794434
10.529551955393195   4.7799089680741265   0.6458648613624293
11.895503653353853   1.5478940840003426   0.805449974476306
3.3394948522368324   11.93280621462105   5.923259029153322
11.59462640913163   11.190405161710464   0.3503622740315331
6.627121024878094   9.0039220650786   4.903429984515883
4.606736014463654   1.0992071909880956   5.495530889816443
7.4356336498420745   1.899381731545272   4.537240166794751
5.915824129553499   4.485840584367759   1.4250768419742061
3.9389547783694963   2.005691554971311   4.04594639246438
11.14701026150585   0.8222423409091828   1.1007173876686809
0.43647707634369726   1.3982916276446509   3.388120425521557
7.153788421475257   10.39107398678573   2.848874246878564
8.932387335070993   4.682720402890891   5.5893346656076055
14.33762829604497   3.456989070291333   1.1826622739506814
1.2949328678166725   14.10955359562179   3.6971188706658666
3.4409200929101984   6.961245492693176   2.500468116696205
4.267667517739161   14.286224559891973   5.994129813765199
5.022847267696858   12.356763844076108   1.690156243408376
8.764203238559292   14.010547113350139   0.28289941962404036
0.1612892782892068   9.261394369535658   4.680158998056899
4.530622120212513   5.4455676374444595   0.010871512436489539
0.5927679636474975   7.002856771219282   3.2523543393647687
12.944944991710189   10.805255915613426   5.088440374948882
8.403857157867979   3.613549465922713   1.8618848813036069
10.778406750860093   13.733143166136793   1.9920920995816251
1.797458278914466   12.882339566111572   0.9488811450720376
8.941081400523474   2.1295830453991025   0.6503632957085397
7.132535871140703   14.356583442652095   2.8621773679807667
8.855915131462119   0.8966287434702396   1.2567463022472303
9.228747740587469   11.246924022840114   5.634178347446099
6.718381470064793   6.195514380114756   4.63195156179642
13.68545662335181   6.54636803510342   2.2810997303896974
12.088051676028659   7.022525139937801   2.634390897537571
2.185223435448996   0.2966764731831759   6.001192546139764
