9.439837801430253   11.551496158553963   3.405405899860931
4.5598237219021485   5.535843746554104   2.5853946573342537
5.779007498996439   0.08833451123019198   1.4195896728287511
1.8624412805083557   7.842493376489558   2.3105331021559983
14.112092045822969   6.095829847715564   3.351731853066919
6.654382497905477   5.0188332091280055   4.9623871166297375
10.673238659282474   9.422103230989753   1.3960048158165175
6.4172982956189095   1.2916714284100077   2.2501478949780886
2.933408827322003   2.4287238471416854   1.7425918945654095
4.028885731613306   8.398023096715068   4.958233963347632
5.068658146030739   9.402970627801317   0.9309998409622979
7.009256496102408   10.774017071377767   5.969392470396126
2.9571422739685795   5.632662539867862   0.2982274031034305
7.6370385479128995   5.908210909216675   2.0612975990375197
0.8606805105283015   1.9097053267089537   0.20959009566237846
9.917514108609753   4.309879695627509   5.372114417555432
1.5793350612410677   10.040281722843254   2.517211607208147
6.402629158824353   12.00160259185127   0.3668802125782252
10.06145810748706   14.306816362729377   3.891821210969243
1.5810500227674285   5.066557747920724   2.914640427480495
8.497801219784966   0.2700385668196811   3.704257183540111
6.224576338351666   6.929875440408055   3.6996946714394996
12.429338583950669   12.036423543829494   0.009050289226457092
11.724348259592796   0.8552170974055653   3.5608399344276784
9.595263989252345   5.468077209976221   1.0585446461878782
0.23052497447161535   13.097576113692364   4.822489600361551
6.42664079645998   2.9441076915357516   0.7085366019289682
13.650059918893577   8.330479659220417   0.0643072389857462
0.7944548692198137   5.815898140118604   3.701065665405112
4.975420073453652   11.379813259631417   4.580940565254425
0.12642501784393334   2.9951941584139368   5.023217773541744
11.298919814930693   4.394339827755338   2.2428759249777714
13.250678284317496   0.373606947394307   3.7896096430549187
8.652341790543044   9.511613613030757   5.434718366961406
9.600903968520937   9.99312775635081   0.924963195997796
2.8104724661086617   10.247236606672653   5.860439663975949
13.294060494464812   13.701082876174475   1.3730018435611615
2.72230038228617   1.1344314527752304   1.0969006880050274
3.4444796870652024   13.783646399056448   5.238638426084245
12.328402791548108   10.902726930856193   2.627710715905474
2.547769221847775   13.165086656039428   1.139483340318786
7.501017496767406   7.625459168075186   2.9294350537242866
13.800210561282148   2.121644354664703   3.896887079271163
12.504376730437377   3.8472734618917284   0.7831013600524721
4.3140334574414085   4.197472578640993   1.3359349494520865
4.05290879560364   6.714377454000273   2.860014645494826
1.452246165843968   13.856555478985735   3.9464324143286493
11.31415990718677   11.291101935686878   1.425086568829288
6.667795431067616   9.58727080999858   0.27595958856066916
12.760884574870914   8.957850496489668   5.371625194442865
0.18402629194159503   9.47010158386128   3.8112915036059287
13.415733673615927   10.244383828946999   2.0602824739552825
7.081663830688594   0.3526694663483633   1.2576504673410553
4.343485293034132   1.486995378956451   1.4304344750237477
1.5444746394666191   12.013542752672972   0.7803838390765702
1.2316606120619422   3.677221375686723   0.3950227574787558
8.486643768273495   4.845650681316517   5.9647087900495475
8.173806871411902   1.5191474805970226   4.447547514011715
13.913724911424595   4.551965552178175   6.109033050700895
7.604709667638944   13.571872410406579   2.800912025778569
10.839428626861277   6.122458997515926   0.01578771358120612
1.7492211539850344   6.62366704497046   5.184016408778535
11.889121917854219   2.578062213463161   2.2706565404307892
5.307095404509441   12.638553678138297   0.9689881925718948
