3.533232889915489   1.1618472882614208   3.958533873511385
5.907932435938668   5.376826389863059   0.043312283971713245
1.9949060184001386   6.185359575027776   4.1051545595580645
6.404758214248247   10.750268883444873   0.08483832813115821
3.248368335047149   9.946425778813582   5.015806914902965
13.033378958845663   13.85203119028381   1.9021402171319415
7.654488226068022   10.291964612803003   6.208736312614988
14.271063143522031   6.760318898173939   2.94940998081429
7.853959193143839   1.7867513650069133   4.704477815244584
7.056325319818141   3.065803207534574   4.812374871259777
0.7556901125047066   12.385851918920197   3.6299897506797034
11.59978318858685   13.555386480786709   5.753984050057666
1.1331826464931873   11.152280825533484   0.020366840997644076
4.649287784268641   8.713723136698803   4.481931696625629
9.835964219439411   0.10156194312522437   2.4247959823625864
5.468780392094365   0.795776304059732   0.6220309393535487
11.406179549228254   6.198546606837877   1.054768166911793
11.24989370451021   4.022855945479101   5.578800095101395
12.37822942878287   10.910501425802046   3.367298298311358
6.520264136332219   4.4634059471432295   5.039699262431629
11.539781262686216   0.2687504002321937   4.837298671936587
4.309747328460219   3.314252941560672   3.3957857718050675
13.692481468946838   12.154220409993448   5.589078550925043
10.990016296284704   12.583803467146353   1.5429537296965516
2.3491755315944314   8.53271370646625   0.1363500874858985
3.197381373829396   12.37237603894732   2.1133784992365943
12.891374594126187   6.518861662783246   0.6051037325857093
12.967364682848242   9.780910371560607   5.245602907123224
2.2942062162925065   2.0084580722012513   0.6974835329747182
4.344829570277691   13.29259226021344   0.07309155824352676
7.131407770196592   5.36837710852251   5.316430078341525
11.289144958734246   2.9178879098591803   0.5697353647355246
14.329323859838926   13.1224347010932   3.777317108914878
12.203415605683809   5.426074071559751   1.4958749295679068
13.182648855521546   0.9249215819703519   5.606659909536739
3.403824460647401   7.008966591773975   4.739801212444659
12.202276225575984   7.500146266506867   1.4862399455740718
0.8091581989411093   5.408049408740757   0.3187738762766148
13.778347234274179   10.889246241001949   3.6791083503870174
14.315470352132255   9.068021793520037   0.7317305941714798
1.7676900572881065   3.347499922858103   1.4901969217329236
14.381310153342298   2.53832669010361   2.7403346534072046
8.673363042351532   2.9381976219944934   6.1087322547084
13.288766184473788   7.911503002738085   2.0734244658483973
12.42793712718495   2.478766001562144   0.24616447081908296
8.701080556383959   5.406392301628799   1.0286379599639235
1.6177153448043997   1.0579462532645136   3.900992032240164
9.121412815791434   7.148431752869227   4.275251072711625
6.565771349680943   6.567690825737104   1.310488836784034
0.8237021493535785   7.908136261297502   2.088740741962298
0.47056290126568834   0.05893580986397673   2.495438563863707
2.2963075137887987   11.451741357922188   1.2496153809248007
4.541450050167076   2.2443974506986057   4.951723287224021
10.417590579506642   1.840800556595444   0.6002904818642717
0.5753388040216946   1.547631114030617   0.2411849611236179
5.349954616194218   9.825271431279727   0.9998342713063165
7.348094446115761   11.609917817361909   1.3615239965793307
7.632568427543996   9.116474408078414   5.710882405846029
14.019718034811259   3.665236670883372   2.3786297289417315
9.017574252005486   12.042668909700852   1.593788566815785
10.17134007396593   9.99000447704266   0.4417292316542507
1.9247532052133343   10.300043334275104   2.8063182991795457
9.979883702545255   4.0504011459461235   3.5046360331745885
6.491080031115876   8.99954300296223   6.188710184981538
