7.955973628761173   11.666867478956714   2.995868243024797
5.227679097825536   7.065678713757598   3.8904430089576505
4.946734338581495   2.622314980963819   0.7260347734713254
2.3113957412204558   4.727548364171943   4.5795768300735595
14.39670031992571   7.895901770211399   1.54841664397899
11.12074660612555   6.973092547481592   4.714483888434368
3.1550455832024533   9.961529468832092   0.3789358895649916
7.545386243545919   3.3386964102593333   2.2418002390808613
4.966654714958185   3.716353910774917   5.974218291383691
5.636926313226013   6.07629828076006   3.4125475346880485
4.057963238525855   8.600207647713194   1.310847948732509
2.0531676247134465   8.240265459125473   5.2032934374904425
4.608141015733996   4.955825137610401   0.7650714368743029
4.141661396757337   11.09190304112964   3.526301579811086
11.899578231092356   6.141626671289595   0.996118131353216
13.81036285048678   10.877941533039827   0.35323437187896634
1.182923032117029   1.2445852927382144   4.455467533926237
8.134475606263104   14.091673830065156   2.679604412856906
10.624829230972265   14.101132590953219   3.7794423144097817
13.647757539945273   0.746244177379007   2.6428204067819356
9.53117228321533   13.11366144287746   6.1008535324213
8.02257118050053   4.946051916707171   5.844944545548868
12.177241568757873   14.325372656302621   3.697935562525468
12.609004316394564   9.116858803019259   3.273194316720368
7.382455891868388   6.969492604660897   0.5264469081100436
3.687953561971223   14.044416090392064   0.015466499255761157
8.225249033472512   8.501678631509302   1.2298836781151252
0.6865882458572821   11.479978391243659   5.095465609002838
4.222673780133059   6.200981946488921   3.155175576275866
4.370101675583568   9.80965030072313   4.677118205784046
13.27722661214946   2.560753025887667   1.4113870262877604
1.4486296740206648   3.9917554401168083   1.9016053504974597
13.742497126553253   12.265584953660426   5.116605435271037
10.032401628829259   8.166664047575653   0.19194076793475326
5.33581572416617   8.583452795664565   0.31809244211762466
4.746304456509653   0.19420146395881038   4.655474762755603
13.238114237879556   14.138044305023385   2.518598793856718
1.0106355391019362   2.927160116992014   5.329906982684051
2.727422081480965   3.523096726855327   5.092122069904981
9.278917654661685   4.5239765017597975   3.594765572001939
3.67391326629838   12.516764010112041   3.1316319456627917
10.006041103524806   11.82611482291801   2.4080359763246038
10.381812253402114   3.4781016306412638   2.162749764439544
13.159077504151119   5.776948767751616   1.9175083250699299
1.8994029296572754   12.65261625185799   6.066260730500286
1.1203550793312766   8.835919178164149   2.92276094749333
10.08622381955271   0.9501529202749601   0.030363056517976966
5.985586213640577   9.734504821828217   1.9559591053374044
10.334165750871536   10.82292966123453   5.577280688789096
0.06691005402696515   9.730808933876315   5.65813819236985
1.2644655250283467   5.551068099217285   2.348561817060104
3.0600513581371303   11.37709873257199   5.508625199179188
12.589347000220041   13.075717480093239   0.20509152438347944
6.57106142199476   4.592409171030486   1.5238335905390024
11.998432084155388   11.324672441135572   2.7310232225019786
11.84870015501449   1.2058496171620254   1.0177665808317187
8.665160247759312   3.4041420680956707   5.6652050256430915
6.904598898972632   0.8486955377495757   1.8981373167503475
13.681663719475456   4.073740709240109   0.5067336739790101
8.964022049932181   9.63793588945627   3.4011846829374965
10.544075977520746   5.840452239824996   5.636356219320808
0.26255125095227605   5.093706147289309   4.827233781013866
11.996019417486663   3.669487701852849   1.691409249543835
4.8277641523271635   13.403895646859146   0.24613612431909887
