8.405439600566833   11.417848463700485   2.4633332424973893
7.974442113593434   7.714282013810208   1.5076320741068736
2.8896507997440706   14.176297158275196   0.8233799864034514
3.1444101530024677   12.060831670691803   3.7240760265601707
2.027313480293523   2.668126533382835   0.3621859034726961
5.797781915922359   1.7694539562618303   1.1279796447637989
9.075426759918843   7.6806937074647434   5.542073045168623
12.214894084858633   5.98411059931907   2.178850542123035
4.3571003593897295   1.7403129596805003   2.5791102790025695
4.889322957237493   11.88970380867844   0.09369588313748052
7.891513897613081   10.065134176283207   5.879491206217296
10.826562643952128   1.1344850467197793   1.0182895079804295
5.412050947077972   10.905394706816764   5.528366296286087
5.270543079896795   6.922221561394722   3.691432413045051
0.4312531747870679   13.471081690963075   2.446647340812099
5.524657470952706   3.826982270210625   1.2630024222989356
13.862876165763847   11.778656272292025   2.5435963272467528
4.731811770508498   0.6255679480212565   6.160472440126359
10.447331209348649   2.8473635744603363   0.28469722534150343
2.691440071038362   4.530246729819364   1.3873450447567361
10.210956430293741   4.242455222720156   2.2409827802750764
3.6379900333283883   5.259027437138346   2.2407870590996395
1.6747704236621996   12.248685720751089   4.958171161709728
11.153108916705554   12.710194416240933   2.966965061190861
12.905650082713594   6.947268811755196   6.2391514615063315
9.985137289587549   12.375914447447716   5.416653656648041
9.096191972600925   6.133012654688396   5.149859102251614
9.878465193946065   9.250217560027666   3.132039708001499
1.1694743088284254   9.612401560383887   1.9834259738122633
8.274982205459544   9.029250552936443   1.6510009346831824
9.00019573935066   4.346170135859637   4.511878512429198
8.549015066918086   2.184703297488925   0.00476651562240793
2.996501890076266   2.0078821225782466   4.477744632076992
7.277027051021695   8.628796174300774   4.757048139690186
12.866429414834489   2.6762897617070895   5.883960933638893
6.816831120165354   10.873501290626718   4.536071625677118
8.78607006991431   12.42834832294838   0.6318340835845919
6.116369474113144   11.7399629547957   1.059384236395878
1.4499917338842943   1.1390710717062775   0.34109728444214316
11.61154516351578   8.927118828181408   4.2037974359640575
13.550442144309695   13.000395345459932   2.797043892677014
4.850688297346244   4.76942495719495   1.594498019557786
11.848078097114229   2.025480253555835   4.634917195998823
14.174292012617654   8.517166013650694   0.9488300400744033
1.161954980241819   4.705576656850467   1.4160120175575142
2.706289861972831   7.184112576335643   1.200970396607406
13.370068378121319   0.4798675924220481   3.7969498898670904
12.698255960280484   9.974075675467954   2.29413947480564
12.504448863087818   14.124116697209073   6.081618845525029
14.263966807664088   5.521184748401512   2.38929674845407
1.1549203164265451   6.704928325002074   4.4111824927307
0.135333169325203   10.339335991635878   0.6002681238727541
8.737378188673993   14.362574385627767   4.553260192673878
7.962350439136275   1.142105148565964   6.088426215359233
4.6623207311884   13.630074240266126   3.4425964858961366
5.479531439078273   8.533874634492237   0.834753230214045
7.349879032671103   5.91465536607126   4.318306738873374
8.760779294935404   3.2658310694744865   5.3306988045609955
13.9843981434684   4.041586584403374   1.514363725004426
9.133966171774773   10.501047356309531   2.426672593949687
11.125242001437632   6.951910809246697   1.523827291913866
3.3522890259465017   10.599731335376623   5.7652214546265785
10.07031387460358   5.489952419142588   1.2023414329488673
2.053880075264913   13.37182094712835   2.258565591409276
