4.558504520599311   0.8071493963382161   4.796299843658152
6.5684963755099295   5.827140859116288   0.3607750636351016
4.1286674749386485   2.632170376360592   3.1411077933509053
7.418162286281012   10.085469365937968   0.8693557069655664
3.066149953071255   7.365419029993702   0.11885674182072357
11.97806010846349   11.85473895641584   2.841794400564871
7.900368540547757   8.446001185765752   4.9841909362795835
14.153649221031717   9.211418568511723   3.3875529310286856
7.33307155045555   2.6254456016436776   3.8639287926605763
5.540407459520098   1.8122394525155363   5.311959066486244
1.7284774393457079   11.914426369167579   4.609448897222534
10.105679095673915   12.378345122388902   5.116272489390884
0.9559965553676433   9.956806955847968   5.448545447778335
4.089363042685536   9.015824836947793   4.009655799079358
10.802814272369115   13.802467889710979   2.209141169904321
7.9484490109095995   14.086277146678697   0.2188498361572967
11.118118664115253   6.831353736210591   6.071091134365741
7.142393613364979   4.464097685078252   6.031146927074909
13.098038094445618   10.80949978098243   2.405479155409981
5.331929761588214   5.530960431528166   4.067561694582908
11.086706687538852   1.2978153427874515   3.8741259282458347
2.3685293265857648   2.7057331202759554   2.660765673050665
2.966258146124239   13.331838441512655   5.33079365449586
8.767232750039707   11.572412804305975   1.483178917525008
13.953933348048986   6.857862177959087   0.13869667193967025
6.340525680296683   12.280451414881977   1.2650936347891077
12.752343114951715   4.858712045786825   0.6408455052561803
11.438803184650713   8.24359602137593   4.9321806718863375
3.812453289768247   6.079330498572696   1.7289331337209168
6.698624867611542   13.64794164452408   1.0717422903426956
8.45231695499265   4.2763629935711265   4.788992447621618
12.12190529989566   1.8455593221644535   1.1897121730189673
14.2442652025885   14.117641688556516   3.657397460190999
11.690938825381918   4.4045203572202585   3.8145383579176593
0.9115407452013315   0.7385974608740746   4.971251219350111
4.352423418496049   7.193809883676406   4.3416827087461005
10.020197352687328   8.691589343315588   1.1992755858393844
0.5271502405139347   5.079166105279908   5.933497403247677
12.738045907568214   12.836440695280537   4.8341410307061805
12.112718958246557   9.36632483246597   6.197206559927694
2.1215970401310242   5.614272185801011   2.1985667696638655
13.049541003524782   2.4925268769814015   1.8409822951537012
9.79170709920016   0.819574550830468   0.4481338320540763
12.981239851963036   8.137808180833243   1.1657298289903015
13.229150199281206   0.7158207945739057   0.07380668526760202
9.745421875155033   4.668673309987755   5.93242153820701
13.978678593074886   1.525626830037249   3.82598826765186
9.35842634537556   7.829542937240598   4.0356092504837076
8.353794057410244   5.8985660901881865   0.6171048880864946
1.2696813832063216   7.317133253072047   1.075717601366588
1.1842518731978573   13.991896389444776   1.6508921718681524
4.27654900071483   12.998320369963736   0.3560561601734073
6.740553164890158   0.9471818981883088   5.408547181144783
9.464551244752876   3.446216927915481   0.8252583491624753
1.2432118782932482   3.5766829327982266   0.4682308813072325
6.3883581046451825   10.671128592043381   1.3048655021712166
9.445722952784758   13.259198765308783   0.45535106779980683
5.353875788791324   6.839547966004675   5.7063102734026545
12.365857000118249   3.6651892333814278   0.5503869248567992
11.157051384254968   10.41092305583126   1.5877613086538718
8.839120992081492   10.132753391974553   5.966606368429211
14.128020271492357   10.621762076800954   3.622381192529435
12.05363955161937   5.8531543121722445   2.6928640923380383
3.764197092567888   10.580027961535455   0.6549530678504862
