10.228863048722175   9.523693331700208   3.1142699643763323
9.733704294190767   5.445225961814612   1.513551086133961
3.0650209627166403   13.816784978337388   1.9278264722492569
1.4731732436234724   9.919826088464331   3.146616530885362
0.7978368629635514   5.542763127364617   2.2306523535253118
5.670585069966251   3.618411671112982   0.29247739153022356
11.272414692169095   8.238567252045813   5.518279456738095
9.779831745198857   0.06918031974451447   0.7610740088821373
5.04152033057058   2.5514968829563407   2.2208384352577157
3.0778295622630036   10.084133389991324   0.4163167996756616
8.558056655555902   10.221398887498799   0.06976838520963835
9.819003408960443   13.362898823959993   0.01811710336611319
5.502787748454891   9.229066562869578   4.038024668795403
5.96571805615127   6.995239419049051   2.897498288659967
1.5011924572255029   0.16416173473012075   1.46001610539513
9.273539484964937   6.541034861378623   5.919222290911149
13.416061562007853   10.167382012384973   2.2816828721180027
6.009429625561658   14.000781186339514   6.234130967019074
10.835041039526613   0.703141097912767   0.5535657844306981
3.402351254919655   4.060882706531673   2.4590542444428407
11.19327264808057   3.1618055433525503   2.5146447740081213
6.290153828530163   4.737589155958162   3.0917750794247865
13.570383279737456   12.363238741907754   5.438903487240428
11.88702532020624   0.5183853902286026   3.1077251756114217
12.225660456156568   7.167580095641341   0.3734761400640601
11.883254209674584   13.874908124695734   4.359117419354641
7.502196008661471   3.4344053534165706   5.875660962728905
12.54747454409059   8.351694547935656   4.01072886164825
1.9114366169433712   6.1372543107146935   1.738307002457994
6.420131326942031   10.273459931140769   3.6344220032040098
12.218015749561303   4.871678692132416   4.073593447996637
10.396550691368143   2.3740517410175803   1.3803193948113857
3.693817426450112   2.01710704584313   4.660083680092196
9.915324871841595   7.846682805100797   3.92420432716861
11.171426412291948   5.490512706927531   4.8927198390478015
4.464189523647466   10.810537278148116   6.239235529522608
11.84394609845514   1.723542366736763   1.2067752784018515
4.427136226126335   1.0118847669694588   1.7128229379872417
3.0078164137272476   1.1873958482974214   5.755011952741835
11.62235405869829   9.31137788096313   3.2304273940096957
13.06856978360194   13.459407619085384   2.505942771933963
7.397495418125103   9.320812262765786   1.6530031719683356
0.533384847092238   1.994647353792811   3.2796559300611476
12.162588456166048   6.0806617007032004   0.59810687012817
2.265135089155684   4.414205334794105   2.7530938597597365
5.003676549414706   6.307669907369741   5.171249176583976
14.368461781271856   13.49982283147971   5.447967630546527
13.370649618530255   11.280728381264963   0.48842028791248726
11.249255458033772   12.220883102811362   0.9674032035510742
0.6890454675627816   6.9082830581400065   0.6857450830852169
0.0157242086042384   9.687290161455364   4.634530307358823
14.289594959556414   8.329616586177206   1.5906628721867269
8.246016312440457   13.708432742575551   3.629881584817801
5.994136756133093   0.6522687278753148   1.4030365093504396
2.7496905049271168   12.076013004738162   2.4587589492796695
3.7541737113502047   7.254659483399312   1.9863625571157566
8.92921701539589   2.272652539471534   4.36952360881918
9.365457393533779   3.8286469911479974   5.581208325607096
12.973108922221542   2.7093612919182757   0.6793393538221885
8.818879436752423   11.949464991577294   2.712436291627742
10.435243272667716   6.480242184493706   0.8980022405396455
2.441136883277173   8.775028102067646   6.1661465970652385
13.90586528477356   4.966908284465839   2.4848788297791504
0.5854117068066578   11.410438042133418   1.0167760633284462
