2.9197609699171085   1.6437040770139493   4.92626312419436
5.429016542139681   5.029423209489071   0.14062709098865916
4.1327291633932335   3.8148061223556358   3.699917782756607
7.073532190368916   9.752078872146168   0.8691376350064735
2.9993476106054096   9.800640522105232   5.440305004188361
12.017475089544988   12.956569714133293   2.6311908435250757
8.768083716636792   10.739830904279678   5.760771772897982
0.05200365254182682   8.491272397053233   3.4143557711264547
7.865940426933833   2.9778243899454306   4.640123117771003
5.5897896256619894   3.82780837958335   4.500151466061023
2.334725059599011   13.398062746190126   4.15021263139282
10.5112760790812   12.735376058203535   0.32763043816970483
1.4149053449432407   11.755165064708258   6.023103621027672
4.641160853266177   8.554011020363538   4.306032464016907
9.172087244767845   0.5625746732957649   2.5966748151461543
7.5657994314742085   13.631092224065304   0.5752510828393832
10.564788264795737   7.010967536558795   0.8159429123920622
10.747906081352383   4.798331206240713   5.6818013778429215
12.177921717243757   10.513529115481242   2.3758173247530974
7.870981995424059   5.197530692752249   4.675940952371888
12.195502760280768   0.4649986225511541   4.847754597277476
4.155978196440608   2.677699883959753   3.445798602736525
0.3033718524061149   12.444321815148434   4.914605421821265
8.888639213731615   12.069298570177892   1.7140309719011733
1.7368973654009583   7.387032414212946   0.04945345384008082
4.015908995557967   11.611177686780488   1.7573276248579406
13.81996438997505   6.259159515700778   1.0035010213806803
11.685187478368125   8.996663308840926   4.9339419564071685
2.3888074285475493   4.066632828476618   1.2936616733334454
5.927235632698151   12.845476521517906   0.07580096699683145
8.251755606357335   6.369385671747305   5.187862912562654
11.55708964850303   2.890300817350312   1.0342551970524896
14.1545432375312   13.380833695515758   2.7292273685020123
12.575022701809932   5.270443203289806   2.991869478836774
13.291971241185143   14.245087529640353   4.7532310547113905
2.899641016611144   6.539525712819309   3.7681188609840515
10.28521909866428   8.36972726147375   1.538597651909953
0.05094523889233393   3.0119117248133263   0.5313137025385302
13.958323062166805   10.659139790905993   3.8242912093003003
13.264962982229084   9.775132553871629   0.9597860756922622
1.932171394979696   3.1188473458512833   1.6984794625053488
13.243097909897646   1.5495677656729252   2.8508227049561743
9.970110844606197   3.0925474949212712   5.909620617618011
11.70979651865397   6.988626026633746   2.0206962934591486
11.743020732780678   1.4385223687758826   0.3850286957733987
9.535902974804065   6.819055420589304   1.0322519450201884
1.9497794168710592   1.0483354474814832   3.4735209366786526
8.895105912039979   8.063355483728529   3.5228057698548674
7.6906692240588495   8.776997870718102   1.2500190892384726
0.1644293504045048   4.511650334011732   1.621465624809766
0.7587857310406368   0.3713496511394133   2.9089856910059653
5.321667134567858   14.361562656152664   1.0673577666444742
4.744645324664665   1.6068542531174952   5.084064774907241
10.650282723211031   2.1700547205545733   0.49770942999023804
0.6138522122299332   1.9493050846048847   0.9801554989832432
6.115130281435826   10.209330503714938   0.7435273990110465
7.710597805514172   12.414639251487944   0.7408092813680541
5.684820842872663   8.104608246550429   5.847635043580445
13.51746111210835   3.9956825975610952   1.5388739474353939
10.521976930186364   10.89530793107207   1.7104932569987312
11.089217482148984   9.904205181550958   0.766674566600634
1.1567963199188893   9.682994785188914   2.8621154419035455
11.703283320598013   4.059547290242605   3.4416569424619357
5.1058628022428625   10.719348039336687   1.2082908647605726
