7.4059904735247235   11.440798107414329   2.294587133224922
10.161467026812353   4.974361975713031   1.6267058705081945
2.668796970728364   0.13186389591431108   2.175278802296159
5.759195142727463   12.312482864912926   3.027236021867723
3.246098075848244   4.560464448838369   0.7126125019225384
9.183951802339081   2.90804786675785   2.4494650497171406
9.457929726857254   6.913488503418577   3.803596534601817
0.4152914365255053   4.108034604826363   2.831752703338561
6.233232154265274   2.3986263601748186   5.384378027067739
6.02277229354874   0.8492618171617854   1.6192852089832381
8.008630302171913   10.215907485498814   4.544339655089585
9.199516037831595   13.20030111849183   2.610877962039912
2.927267431085506   8.134222969249938   4.810555937650726
1.7478452806767697   6.937882787825837   3.529235321903288
14.416535145262593   11.90429051815142   2.367739924754793
7.7194041990707385   2.2272567303700974   0.5951552899133408
11.23022167373898   10.66705679140074   2.1409181788512868
4.09383827514753   13.138301776976682   5.208956109943805
11.998323227571833   14.280038419371945   1.957437752612564
3.991026372075802   6.407503427056683   2.297236036753665
11.785537321303607   2.805208208979345   2.2954196010708445
6.152201198033051   4.074264969406504   1.9197994021141918
4.424894929008021   11.83432091049894   5.6840365210443045
12.160987668213469   11.87440389511403   2.667669701348246
14.24670520625329   5.606351711377541   0.6215770929887228
6.51359846690973   14.038812597697252   4.704070273311602
10.06650666287573   3.855709192691125   5.412836434937313
12.612795701243689   6.229971563875378   2.50632989398336
1.5803953966499218   8.468907888334726   1.8712232831038371
9.43257085523525   9.2689425794556   1.535981394342221
8.469316391760263   4.415050488082331   4.162043440037591
10.077915889867313   1.9119704013961454   0.5688024858925518
0.8267188911281896   1.073681846469727   4.792299065184899
8.187970034198555   8.309416241348675   4.829295231024106
0.6642059519723255   2.5608083750617583   5.875912894506723
4.333235364911389   9.933102925962642   3.727718442522374
10.377784643792605   12.978945348226787   0.2723464496616374
2.706475555070892   2.3421463131260323   0.37813630224299777
11.142832733045694   0.8563677554352667   5.882853449328383
11.529207111801865   9.298086653599404   0.031765500855205686
0.37334400224803   9.396199038716281   2.4873834580824057
4.624990212254208   5.1768936355385495   1.0892344125966373
10.263220333543448   14.27904925036899   4.8245267291166
0.625003823561871   7.8707505250529195   1.816474935025157
0.4361361068536718   14.259569365129682   2.312518779974396
5.640988182919222   5.425894180300785   0.195286450499498
13.662562190088599   12.697689601542976   2.620969483435248
10.711642546597046   8.202283501291426   4.36750590259438
0.7546546382651816   13.132823239948648   0.8083059268540813
1.37480823129461   5.800156080120422   2.4218814367885484
0.3505537288211491   10.728327155248598   4.076648865287837
13.409443921660861   9.436622314261049   5.760149384007703
7.8760150909605695   13.896269336900252   3.9743336060827943
9.449365319704945   0.8813260489484277   0.8330232402813581
2.7231093811507976   3.607903217031471   1.3498407266937777
6.825879877450412   7.6773419381123915   0.6709650985824818
6.5356510581871206   6.574266772404492   3.8442423682287754
6.999884326872879   5.5677010871963795   5.674306246389216
12.748161674643075   3.405076820570265   1.572707340569739
8.83185458980893   11.351127865401539   2.8928471176206645
13.82293393249204   7.877499496222896   3.435955183075261
2.8623302376674262   9.928395837928495   6.183240408473263
11.739783850608124   3.9498640451336984   2.0427086559638195
2.8169409582930585   11.633455546281837   2.3168923343583785
