7.525145040783066   3.575665787332581   0.36988370224956824
4.315466931531886   2.604008520031077   5.000331659167989
7.243108542830285   7.640631976809753   3.374415106844817
9.047840879250437   8.275255928160453   2.0838477823031853
8.809024613619517   6.00858102952864   6.180110790961486
0.19765833025483914   7.003020240627004   4.5127070459579
2.528482169431084   9.810370663340343   3.6865764569816486
8.269513057292071   7.55830690870131   1.1467792485424109
6.994921894858242   4.317276538903093   6.181513603633234
8.783896503864796   1.9432477565393063   4.508099073315308
3.5803365509911873   5.53749223694861   2.4130729417010484
9.721208888361346   9.946616343898286   5.704915741907026
2.004660766106014   3.7366152537107125   3.9885349292269208
1.7728132208874163   4.589527137028928   1.047440587299103
8.997287042560169   3.7986563651895198   2.1598944136599494
3.344218989492881   3.7388901467283806   4.530533510596465
1.708888578609295   9.535946303309862   0.8460852148479306
0.7983439429330323   0.14205253047040856   2.113130458307346
2.551270205667091   8.85826792298923   1.3015642001722476
5.575211766943593   6.18160296957779   6.229318175129853
4.982393529179595   4.315597764698324   6.03331603826268
6.6606290938517265   1.6377878456043389   2.2342815675059797
0.48765400406797793   1.5079518411922122   2.1405842299728763
9.62729438749291   1.215031070669785   3.5248567844135694
5.718524777822899   9.721591698642007   0.08567086632892451
5.163868039725638   0.7503950123569182   0.7002031562370727
1.422749426781519   5.533620681854985   2.1746960751621227
0.4586419467542361   8.718771198869149   2.6272298927588804
2.2769583201602064   0.822585652156667   0.011439829332029208
3.170743418575329   0.49859461270937927   5.035298248234392
4.395631577475971   5.61154037645844   5.429719112172718
5.742840843485529   1.5539769584323697   2.5486612423084485
7.749276964414087   6.857225242215377   1.237349972309072
4.059008507982539   0.418098149568224   4.918652917082009
6.876595869155695   5.521870993060916   4.366594862309862
6.421765713356282   0.4358203377175427   0.35895096208406274
0.0065671677684639995   2.2317671196663307   5.926191367036923
5.663798957506535   5.085080096227774   4.667437456299949
7.2292459306281405   8.693849562539157   0.4359307043253624
5.448364764485175   2.753982122288288   4.292954813123073
9.213999723305538   6.928851423102472   3.742611531495902
0.49259184177071796   6.113069355223803   3.1089816293444366
7.762371462909474   9.61668322660238   1.4698272985635747
0.5176710556850119   3.6807702870156653   3.66921949236584
6.989327792724535   2.8895714349195027   5.824081197237416
8.206201485560262   2.9994608451663662   3.0840011399666767
1.9679630750169723   6.860120227590169   3.3294030821605873
2.000183712520085   7.676512248820307   2.5485213780486027
1.2594884192523046   8.474719122077941   4.17371642313833
4.1106774628172005   9.3958656323632   4.9184767953480835
1.6056340072014101   1.5804910453559429   2.3750135373415167
1.1006520000541218   7.221148183092565   4.530000677058595
3.955479892701477   7.534867461402951   0.22797932036865293
5.685102589545839   3.6242759248495964   5.573906518202225
2.4813293062773853   6.115041630324747   1.1310767900216077
3.1283404385132103   7.646078246447193   3.677506013648876
8.83464061530595   0.5414988444072792   4.182705630383801
8.225329795427717   8.45731456250066   0.15113664341287947
0.9463130426647757   2.406094736243029   4.317085123835776
3.2671788066948264   4.715160919809675   2.632611027544584
4.9237753039873855   8.552472271443548   4.933040335294295
6.457090498439611   6.44730885777827   5.98600500239221
7.434230891080865   1.826542481243038   0.6028337208342985
0.10428052762483553   4.688914241399362   5.069723488946705
