0.6921048002263459   4.560239934537424   4.742658972072084
6.912120359566927   2.4896245717012504   4.168439931613339
8.557289445673282   8.512918520470981   3.758037977815957
9.172358920744767   2.343432328628651   3.2740584083125706
8.765439942542336   6.407219142326553   1.1445047691011525
8.356502204438668   2.954765070121355   4.040304222560263
2.582873594128338   6.887074296410722   4.282307234284575
4.135635725801501   7.622734792741586   0.7720103265875002
3.9224272581376733   2.3802677736172364   5.453783768614505
6.86295711806956   0.10871385253306731   4.7909086025495204
3.695444116326386   5.2718525879561655   2.1319508583784312
0.21621799869361702   7.566914447403119   6.194286202770302
9.006683694972123   0.6642534798702946   4.572615993005
5.702080423660901   3.994799309253484   5.0797470642836435
7.765344941418752   0.13703819535325146   3.3437996554123925
2.736038807273953   2.502384968784167   0.2357432760624594
2.516752729396171   0.3176580908819873   0.9281909073026471
0.39597773810870807   1.1802573480414895   1.9697074172273468
5.075376086934311   8.598619567795405   6.2298407309286645
5.030905453834062   5.033671671716479   5.565132602826619
4.782668959152927   4.229385703487025   0.011626224054324688
7.616193632562247   8.852174564366033   3.795467461995415
4.550180498325502   9.544500891791543   4.212823300437307
6.434732149100311   9.033291707001613   2.6390105706703944
4.309697661642935   1.5364140448237142   0.2784969384370405
3.5088093705645402   8.703985010412504   0.8666635940854199
8.277568067732144   2.1475550324687545   4.152899169348239
1.6765666144154288   9.043820614575532   1.707566557753954
2.7904686359687796   6.05526653959933   5.378138205424643
1.1835112621550001   1.9178308955457317   4.795496244680602
2.5929792246495404   4.959344010116573   4.558257562910042
5.978943396510574   1.0531598930260642   0.7405004897320439
7.931284398054128   4.711291481579524   5.032645352351303
6.147127525635869   2.111386630068563   4.056673627844241
7.292056792917874   3.7966146951876025   4.593487135482901
8.092302702737436   7.142181205924514   5.633334615997284
1.2339888732603106   1.0157671594236362   4.739324115691463
5.994875056479735   5.570184791101855   4.045165508593857
7.126304209787756   6.517367296153103   4.884712960682979
2.756228543714326   3.627011759682473   2.9557486586311406
0.3679785858267691   8.69706694382494   2.934255705397153
7.492009540042167   1.8084531585753088   3.6348495661938864
1.9157723174864558   4.398587448643295   0.6572423668360017
7.095832465997551   7.949470996660319   0.9043927152565957
5.070037106075027   2.6429608906978874   6.2784902063215196
9.446091179170354   8.643831190303361   3.7058277744397126
9.59085216689871   5.577205833307457   2.950753743570677
3.8141422672756407   0.5328100868279104   2.77941574807789
0.7048751562247182   6.624960647162586   3.493840383785867
3.3675166169349664   9.808953637948287   5.045748060639288
8.220596510152113   1.3064211956598575   0.8531019038268819
3.8317150964322666   6.593595960618089   6.091717107159071
6.084465057291138   6.4740654739467205   6.27579287359145
5.336197208566915   1.7820855048491346   5.909440038296929
1.3649017184463994   0.04859832518858376   1.9321609761969676
3.0001861422806497   7.864882526596794   4.479905258151895
0.1713540354281438   9.960774047565042   4.0314218380721885
9.491491229777946   6.906332399888473   5.997457298074365
0.012839335536771301   2.983129990280345   3.8348948341997384
1.5885422550232655   5.9427706351686425   2.6394850224147204
7.109321008531153   5.148903684538296   4.809893281970214
4.514687117122598   5.783249498349094   2.033113827551406
6.806279280499907   1.2348184847333277   6.228584743348664
1.6413875798023954   2.768167052630416   0.15144261523088165
