1.0188578784183386   2.9879852448710786   0.48499638897270336
4.6962843299820305   4.0891675674874115   5.545304272889214
2.3366622890127116   5.645925814350517   6.144650780903793
9.270318036826836   7.765291088065054   1.8858408110581002
7.133294003056807   0.6113446875539799   0.023316115919625374
3.8841326962669136   9.254311878391112   4.672563949369872
2.815245579143721   2.101802005956854   2.1433976053151
8.648529141516539   6.8425092018193645   2.9423191641254047
3.276098650706524   0.11466805880724529   0.260727791648001
5.878306133452908   0.6922283555348909   3.0163003279274783
6.483553343713885   6.099680810328465   5.961509674974675
9.538285284627483   9.21096757685717   5.803177086269905
9.0682920392826   5.565613625256991   3.625836862897138
1.876131906273618   6.349527332655685   3.243526251264275
6.537705286955987   4.343785342893447   2.9101242595687236
8.618939065219596   2.956379735568283   0.8511534218514843
1.073532029582257   5.2494888046212   0.961311448504361
2.5379142605543845   6.934962371674066   6.251164824204739
3.323035574318076   6.032244618346255   3.428683477551002
8.12333963692772   5.797176486427655   5.07582541963086
7.244618828952671   1.7987536318780026   6.245812186054565
5.305145368801905   8.739985565319065   3.835262441375478
3.5138536132992186   1.0613126205430408   3.6455053926445307
0.41759614890026214   7.804981477089281   3.8799712284018493
4.428168062850117   6.137008085506258   0.08479049983839913
2.315870338277575   9.7559240115283   2.003383184338878
2.31384717517344   8.84221918788254   1.8483088580531248
9.57328578955564   1.6863409522073884   1.7573886746830067
3.8285669220203715   2.5063000770138757   1.334841933214875
6.042570056286013   6.929143375409573   4.743101855309582
4.011196953721027   5.413645207880328   5.6137902382473825
5.59618019883637   9.789545430335082   1.817870247002595
8.943027114465297   0.4026714683421654   0.7111691618395335
3.583446384683973   8.404792278508674   4.08063779660069
5.052685564105392   7.017443110604489   4.920975336166314
7.119009992169831   8.464385399459227   1.2274494177396327
0.2530020889748267   4.6327883598716335   5.958158451153084
6.178015817212771   3.0331171948144804   5.024762692538753
8.274389894418078   9.709207077767596   4.810677753888495
5.508633093045781   4.014263614344752   4.196992225829669
5.428341190227111   5.452863453400731   3.6292353747905053
3.348816678775469   7.273883463881708   3.8968451423140245
8.12521797326938   8.32218563616673   6.211337265123918
9.583751180721263   3.8610215172904248   5.574213324570542
1.345526114078885   2.169498985182329   5.844452937321182
8.718399923892214   3.9705828946781003   2.8027575437043044
7.16291041847715   3.549427917364469   4.560416922430515
2.261135685111692   2.867135493656215   0.10126415662233015
2.544072708310135   7.972902124006118   5.677200512083161
1.24114234944967   0.4392245830726733   0.543661725709186
5.378041021624382   3.0387647806241684   5.169431718371916
3.311710414119758   4.667995484565109   6.040390324425704
4.381661360186165   7.9719171451671675   0.6829643402846023
5.204254307379076   2.0111844605008424   5.190377801635973
3.4854937795515846   3.5113573241909837   5.440945166600496
1.785741425452978   3.667125583642132   4.734880454215539
1.2063736904546107   8.667555805834823   3.872375474693398
0.4461711347736917   9.031771023576642   0.652829945571764
0.4340889402950269   1.6078206020513268   4.65533258248706
1.2847014762969786   7.329182594624495   2.3120158045391244
6.677543350817556   9.500212078722937   6.01953386773564
7.342895283208534   4.996424559349265   1.9121705219690805
6.388188910675135   1.4981491352606386   0.6985474091926559
8.565965634285956   1.187997842324366   4.082493161964409
