1.0356464518231423   3.092255115755531   5.023004122592002
6.741121111541229   2.6314886401210265   4.979445066578482
7.530946267439037   9.204943909246744   4.0663121845674235
9.165120679987796   9.963835410187906   2.6737118757251515
9.331264415038223   6.629400018469754   0.3291920101949681
9.235979977768965   4.777889047865144   4.936827455731548
1.3535092947557237   7.931530833097229   5.172424588566935
6.42705765481383   6.947173743015129   0.16622575438767268
6.8943343894872875   3.7767593489354496   6.234749825196153
9.235212238832698   1.7642619446990342   4.602860251672245
2.4338365155969552   5.303483713952456   1.0104038584881527
9.49510307819398   9.156505451865591   6.021851481390675
1.3471925160430538   2.1772472396620417   4.386146865117994
3.283177567530983   6.521884472310577   6.010212163349741
8.26321888805612   1.1422531277858523   1.3678838581943336
4.560329897594368   4.81794458960213   5.035306767962186
0.022106334401823358   0.0677608419964213   1.4894755892039153
1.1088889718923687   1.0889030483723179   2.471756356520776
5.242675041409846   1.4919342711890105   0.08770018432185248
3.9281629873242245   8.330324723259817   5.098019943806831
2.497323075771142   3.7349280015736173   6.141344387761486
7.733074756122104   0.31723562990543996   4.791942999633198
4.481520828555286   2.0292625402796487   2.3317553191517804
7.730519736841388   8.322176652962867   3.0188965291018137
4.733610636135471   9.732383228551821   0.010109237665010318
6.906469051140121   8.344164184738325   1.1236402323753039
9.818167508021142   4.002130633398122   4.488702114427031
0.9365084928569212   9.599245665474994   2.629956098497797
0.546405897948162   8.313563158323074   0.9027564013515911
3.566845655357356   1.0707343070140816   3.6758555837500237
3.471037448817122   5.000935843161249   5.7440973925660685
6.843867138977744   0.5150878816463333   1.7895273975679626
8.423924339865987   5.724448623008746   6.051157341961881
5.154261784629104   2.5763890726720198   4.789378247374646
7.354789359077817   5.0611715645984825   3.3434349979326297
8.331502695605451   8.981026339298456   0.43282540340471276
9.387583609644864   0.8822475812716215   5.436542525359794
6.960538438694589   6.277192734150154   4.357366017643045
4.849851070803326   8.058145036219527   5.201116177224981
5.2740955219915495   3.595895645742296   4.128180269755367
0.2895351299152121   5.651897789734205   2.094184084659787
8.573217810483337   4.052278032157973   3.100807103056608
1.1803457727227755   5.774165628077775   1.123047287709266
4.34651236040683   3.4838114346420563   2.440700596088014
6.021922782025472   4.156075675289819   0.5184018574136993
1.779194897759491   0.22464140555030987   3.042144928440582
0.5529080676550683   4.562109359283598   3.504671193811694
3.3769816780343587   9.635228087446468   3.4817073953548667
9.483605838847371   8.21115321155769   3.0133448123939037
5.877259273431947   8.425594959820298   6.251871359949133
9.062592199709744   3.1993431706394135   0.8241893264469771
2.3817439807930665   6.376945115201103   5.32185056482199
5.257033684509823   6.833265054902735   0.202368279470161
6.137958238788438   1.6094350283388903   6.127804100042793
2.8006155597455193   7.86825626469712   0.6355239186450676
3.723462418942708   7.4374822102789775   4.858252850542933
8.91611944830046   7.434940473722538   4.3180120458973255
7.851084027998542   6.520689765585855   1.0584578277509231
2.802187502450608   1.6923474014341242   4.230113481174226
1.3304140459925502   3.9572214791026603   2.0555557842502967
5.740344521153908   5.026322070886625   6.180807632906126
6.569882369905698   5.409712839278985   2.149563076282106
8.63236063385191   2.490001382549459   6.239250334640736
1.9133086312464065   2.8749151674604034   5.49619639130041
