3.4635412188137953   6.226292325827308   4.4083294796209165
5.238565646287245   5.270852721233112   6.19743069976671
0.5613015462009269   5.930227458536369   5.264891459367408
8.604051316133475   8.233991657052682   2.1960096034750576
3.2217957924174323   1.655245940801532   2.806884058506211
5.122620744408337   1.3011392889144653   5.811225533763814
5.313004634445107   4.007194138744174   2.869376899978473
2.9069771731902   5.247181850446602   3.256622295179099
7.641894883241209   8.621652760307782   0.36381541746810975
5.998169992800103   0.702140880662244   4.789457203909326
5.70999391128394   8.217921041235   6.27614965341752
1.07179722707534   8.116566857748841   0.8399517837419237
9.37844470530398   1.7601881055716686   2.8630182926269097
7.491712576244592   6.854943281836906   1.094868077294148
0.6106611452190162   3.666864598730079   2.2334372884170035
9.352215653811449   2.718680477830447   0.5039818867451035
8.299941421317364   1.9606462380715879   1.3906050919665214
8.369143015416553   3.2176540811267698   0.15425577015289885
1.3192652828934528   6.882076838036765   5.417896875120436
2.043085378916337   7.71713167532149   2.43336156885368
4.5584739547681785   7.796527589449444   0.9391571035859342
1.4877404781266326   1.0427793544968202   4.462240147063045
6.297800991763263   1.5507907682861133   2.309872783171588
1.2451436210999345   9.192623875598299   0.3082243120809498
6.105942697175915   4.338375612155728   4.585323275963523
0.5081753583644504   2.4918265293705737   5.430427029326019
3.0786146408140524   0.3015691233188804   1.4311314872155707
1.4002935871039859   0.03559024830992755   3.007974529983273
3.8906871139659955   3.1931110119464003   0.5928300888247697
3.8589395814840595   8.541698391865967   2.460313903500002
6.625584453006721   9.081430296937272   5.526618395239012
2.3375689869300884   6.1504539608053275   2.3050185157158944
7.448800114552612   2.7434015179625635   5.727340332360546
1.5385889488831306   5.539738934744959   0.045327535417257536
8.222546268335728   0.02883997232350255   0.3857948222831745
7.524774440793442   4.012514784228997   1.225184523803345
9.098016275234755   4.780235908494792   2.1134926332972257
4.149814529678349   5.424343175507634   5.7147427002771725
4.396614150972258   1.7661982925171542   3.0008463775361367
5.766755823829906   3.263392811866872   2.4393116935411223
5.008202432017232   6.909876668675024   1.1184101725828914
9.791280958739389   7.867281262789218   2.549292214909085
3.6034567866981924   4.048027285796271   0.7069109570171372
8.4061135277839   4.01642911675193   1.095209069899516
1.831856727470454   1.9803590992050393   5.416443206310513
0.15659929552534313   0.09113582543501053   2.654406171376296
9.879330901130482   5.1341389811708265   0.41702636333552695
6.010123126017716   5.96614248949782   3.5465168874417494
4.017426033589912   9.622488526815028   4.5116546255625005
2.117638455747635   4.304773731632715   0.34716394396263284
4.687436489684336   8.729454751755911   5.389598030943932
2.311890675604512   3.4094266387490166   5.83148246126617
5.319920617944437   2.566479618752701   3.3598449418326837
9.256124819706788   8.901344937320445   4.4023785831704965
0.3830451280742063   8.737187816676716   2.4989114399862826
1.4089876830885997   3.8068772728172764   3.8236253573634507
4.880153977791981   0.09860398415720084   5.55338572272128
2.526170259803594   2.610639630847102   3.7917235639015185
2.2976208643181173   9.82252053327229   6.010719551826742
3.0529196322106444   8.921432870880256   2.3911991492342985
8.472414312541758   1.0985572717173606   3.945168468190547
9.011861901180108   0.34097418696273524   3.878063015263556
6.941984955477967   0.7891127374936014   5.736576473235113
6.785347321478065   8.033219217763772   1.0533992565130836
