0.7337858558747378   1.6528596743083512   0.9475712006203542
3.8229745663187704   4.974273104786181   4.873906371370581
0.11513557335545971   6.469459522668742   5.511902877777435
9.596711085456471   8.063240480027652   2.3161923522308627
9.087671845584907   0.27003668748056464   5.741717404680365
2.1951589304489505   9.477379191744767   4.147646519658309
4.169016337838291   2.501745363263953   2.228860566024856
9.206803207039552   6.180472449577704   2.83439814211793
4.791002618510884   1.7039715776504771   0.7706169832749196
7.135830111504118   9.708050997278798   3.8580587133531683
5.476676692275268   4.513784072818445   5.541645143943961
7.424302164429422   7.295891060551628   5.971710051595079
0.6224141944763593   3.6823252586599735   3.193968327381462
0.017650759919750764   5.587168842962231   2.4910924676195214
6.6948436989980165   4.701594423452694   2.6061195530308385
8.045819405286982   3.9637065569692096   5.442643143016596
0.7057188976800141   4.512719757567673   0.15414222527771645
0.5897053196962312   7.980972726299486   0.5867626236112211
4.500698995504132   5.9733158756168   2.494751877442808
8.92028972073015   7.409636544032745   4.51060879224732
6.6346493138038225   1.6117770086444048   6.115591429042517
4.532338585372569   9.602183300157414   3.5850134070724753
3.2406194733440246   2.380573594710075   4.2581004956339275
1.0029201598886137   8.733477758385066   3.831052307482841
5.245608481855788   6.560233390793622   0.1515181681095791
3.430142051478689   0.9967638933511427   1.6822429787254611
1.8924440971382528   8.444213688635246   2.1307507597320763
9.472129892270898   1.379064052925782   2.0704004911698433
5.1725466627204915   2.6508808266331068   1.2046191780006732
4.981479849260624   7.359113789992961   5.781687300033687
2.276121711956667   6.349305769533726   5.152598442960873
4.9001893496663715   0.8361063223263928   2.221032098937113
8.654696634184956   8.82128663285598   6.23516997019903
3.0560833978701227   8.05331399435479   4.233318958323617
6.164229450928679   7.080360677798752   4.330830926749014
8.008762693121028   1.1115692854502746   6.091919423903037
0.8112871861295572   2.7618272214927337   5.813563874578105
7.098196859879762   3.8232871956994208   4.594436206939904
7.934064201375001   0.12533523112266032   5.601417096862888
6.345481113343604   2.681342835216329   3.936006345190278
7.928736028782899   4.9636914770550185   4.423628647602512
1.5292743002019682   7.6335400734848475   4.0100798137983285
7.891160305972137   8.121816703189701   5.980176782097866
9.844034636316898   4.510838690775326   5.438592799234083
1.9334322217145894   2.3690423993927157   5.852109554018136
9.015669513858608   4.310307912201938   3.305391029950784
9.443658279180436   3.1550491777400733   4.669196178959056
1.6255815622412726   4.665898860937156   0.6626981316965952
3.0800557232224275   8.963967118201172   5.621279937692822
2.402961161027401   0.42372904095035724   0.2403267436548103
2.878521467316386   3.19132293715018   4.671162076314096
3.027199648934023   5.179524136922659   6.2094661827938
3.8515159216761092   8.531602079851433   0.41178496649267793
4.318132633272705   3.415131244774365   4.6997174042929935
3.1700749196388287   4.158638600916637   5.033475457668452
2.242001237140398   5.551689283270559   5.017920340038108
1.3794148042484704   0.4879091176745741   3.914396388621364
0.2660557970631257   0.8891170659164493   0.6425248309880689
0.047120039391636226   2.291999656100373   4.788989684883209
1.4010536062417818   5.49042923340082   3.20855940298456
6.362590986700058   8.18111618452177   5.77430081161545
7.293715505950308   5.791857869524405   1.0418452113017045
5.715470482104284   1.9403532157351806   1.040004337015626
8.10762848985632   3.039933494305509   4.456402563141509
