2.0864523243517428   7.404338517077116   0.8063920023469984
4.069313137747429   6.887910142066261   5.4422482141639055
2.5289556550230556   5.115297160035505   5.446119435119674
8.858505916481779   8.354589003104795   1.985853037146652
8.513656574389923   9.729782735321029   0.8575934193714054
5.395076328322452   2.012501274258146   4.118745579783726
4.616479388644991   3.5856165570057765   4.308574085913755
6.6005505139925065   9.201303050152783   2.03675287226626
0.5602810276293839   8.930881300561067   6.05897716996755
8.379601872656366   2.702408362873437   5.370744610297915
5.531105156711881   6.425117020307451   5.527068477484249
1.7011920241606582   0.7196816524857617   0.5957618909961856
0.8695162790947307   7.312084991903854   2.8582725055539093
7.904355053360883   6.814753596170531   1.7800990090476594
7.177811084433078   3.503448943216042   2.1137242256119673
0.9345473112324991   0.2648515705142686   0.8923021758208457
8.333945404596573   5.295447229470053   1.417547883059763
0.9588009757360307   6.233844430794719   0.2148334121606952
8.976869515120569   7.2271895954447825   3.61507138993597
6.205221731842534   5.866271691279358   4.125437548582308
8.20083062998834   0.5649115188875817   0.5250410262601247
7.6224351748112165   9.201675402048055   5.053338905304613
5.491585441089764   8.54962677821742   2.6247998979237983
1.4078920100678993   8.909976333616008   5.609859820559136
6.849390683675155   5.110002892749184   5.723791279148259
1.6947983681926746   3.1952198210160225   0.5814952771351385
4.160600649681392   0.6395334882348392   0.19750773337654426
0.6085284291651408   1.2117443339261722   2.324844942983116
3.415182080739749   4.265351870875063   1.0315241784584745
4.4507340547112   9.091238828284597   4.670944045325118
5.149438060129323   7.236078939073877   5.583274741810408
3.59705214452828   8.884170823415717   1.5633831821584885
6.727149173926436   1.558571124606477   5.840407491213884
2.454728607803201   9.430377565545196   2.78113426069659
3.228185133820387   7.401033613727914   0.786404190194895
8.339061251835894   4.298909255677365   1.4484776079964388
0.6342119247506921   3.5634046848944116   5.813027022894006
3.1197082778651812   6.198451784792922   5.797819466418721
5.229545938712514   9.584143795622234   3.3224627894537715
4.330963499471936   5.4691751377205575   4.170136290785461
4.2249489209593944   8.19419628986695   2.39468263843252
2.2518641338336844   8.299671299918206   3.6944951187419957
5.351267527499654   4.445474191803544   0.3557573668081859
7.292911152812255   6.116820709545195   0.6115052196728159
2.1864769304750142   3.990295607119336   5.017807795749901
0.8372503466766082   2.4919454999855564   2.9585679846622615
0.5061528203819314   5.456702626596548   5.656935288630227
3.864960870067408   2.1232764933405317   3.108636064515851
2.5221164554296607   0.35601587025284376   4.440231606131445
2.7304713913018936   2.9793850412273923   0.3287184977362327
5.243422225403217   0.7892367809142753   4.456664798389678
4.41000936707324   4.526784617008008   0.2630754762931575
2.5990514210330726   1.4105272807719837   3.18783295844308
1.9452822493256345   6.1240626282381365   5.662637414715443
9.455345706541479   6.290799106132028   0.27337344142470943
1.6934063570134472   4.786707849322752   4.318180892460412
6.64354098438863   7.426740068199413   3.930863840307955
1.5308493193828425   1.5939303593845762   2.8171164321569417
9.406251332147017   0.08791333837697124   4.4273749622249765
3.4909758395109693   9.836156884331013   3.4955140103028555
8.109943035728579   1.3693923550212115   5.185760902314901
9.23359928961807   2.940852089308041   2.863417306278864
6.502260849053803   2.9933629484062405   4.003104463723789
6.607903586559738   4.121798420938566   3.1053144835402775
