2.227273982303612   6.563682277108431   6.275617624184042
4.819059882614438   4.326613005404128   5.4120933326569585
1.938736897568422   5.399392874208361   5.120843864008366
8.626245810598983   8.290597552077537   3.5728618545263915
9.331717131202945   8.916573110843196   6.041977940125719
4.6925866532466625   1.6504901094872617   4.557339374941957
3.727232091900666   3.2883653400509876   4.441281474603082
7.8040379356561385   9.002505031212952   1.6111013294793801
1.8043413572502875   0.441256114595147   6.119212162107815
5.900251629898998   1.7945284071091565   5.486411054697315
7.090224915467384   8.417431663505365   6.135989534369163
0.25263487218720626   0.056362823978853616   0.6850593091471008
8.067740216499622   6.312221383898133   2.769008206728188
7.673682677715514   4.966729061343483   2.320666988418934
7.230336219348917   2.495749228790918   2.057348231521439
8.891535036469222   0.5049784200992089   1.5122487589777607
8.320008459799022   3.9992778517716285   1.2024822522658518
0.8499261646272852   5.68255973982027   0.04460417028380537
0.22484851971914294   6.621305864519239   3.993728272711273
6.868805431529627   3.8222836362558312   4.412207263545127
7.7284767221072315   0.3330274832100564   0.6772454637680024
8.079452321358598   1.5404824956149943   5.116992512504787
5.464530920305045   7.721581899409548   1.9558846412887296
1.7564667985585614   8.571010089493456   5.74190385493014
8.710839490657229   5.0277187651710875   5.573079085047479
0.9709204782524239   0.8044653688888719   0.801135517503779
4.928399620026849   0.3018585825697979   0.6541592503971313
1.6535385611726148   1.780762875687459   2.8884590574471734
2.843557208997141   3.032059668232488   0.7733219617023479
5.056666086300343   9.246213270457488   4.388946844492031
6.565498787951612   5.982028358660795   0.02658564445331635
4.52924246290087   8.438962364054383   2.33603096778711
6.02713747323053   9.783783713364892   0.2656229978975687
3.0308582865386375   9.168757235533427   2.6904965814252444
3.350154484200791   8.210945305399575   0.28435282421070074
8.332400845493959   7.328565656004085   1.7293529750877783
1.3009238784789336   4.77724090921352   5.586813325989036
2.7320207006625705   5.671264346759083   5.792750304354384
6.508079804653963   0.6816895030224391   3.871190507785863
6.58564344725152   6.810923353747337   2.9484097346378313
5.459118920786252   6.609733013125403   1.934391046428684
1.801248330439857   7.348540961726631   3.331934737576649
4.7736322869063565   5.411561211693969   1.118684297610714
7.507159319201034   7.0924506249924475   5.727519474045387
0.9020304544101764   3.202457181856346   4.13043931929667
9.653747835094707   3.0905508810114575   2.8534493585814804
9.417722425226001   3.9228089229734806   5.077426146454361
3.4594895546254376   1.7455872024064865   3.1937700988166076
3.0056156066950632   0.11576126279933927   5.1277914199783625
1.9197245824764526   2.915478838386535   0.6508865679775203
4.567772193311586   3.186827756816766   5.1054416864348875
3.6947483888832884   5.453020585663245   6.219610985600911
2.529159015107974   1.0291992450460343   1.990813228383544
4.21760717268732   7.63936387913614   5.883325402059415
9.743313612071564   5.607277314253629   6.041799044524167
2.358425228563177   3.8051589043541885   4.626608965335195
9.50716656437461   7.900723054444078   4.510765140882944
0.011557616824367456   1.3095119233731105   2.7526675190675514
0.6380358933529824   8.659797359488808   5.247511345741455
3.9172670636493416   9.208683875979528   4.100724769355637
8.846326683775015   1.9987000743549252   0.3542551530874983
8.350463054893032   2.929326751297704   2.64337288840418
6.246078787087498   3.1918162662495235   3.600291244985592
5.6512504884019785   3.8575846143290073   3.76039419131607
