7.466624882486001   4.333137605759983   4.055751012054877
6.333913245066639   3.0352679348299287   4.140073830400109
8.859822519721787   7.334209934201884   4.329471336550077
9.738096471219277   1.9410495722531567   3.6152160990235593
8.446098237480225   5.581937102433819   1.709492748711031
9.28264606840552   2.648850883472322   4.001829093667878
2.93184545708134   7.984359033459615   3.837286851929485
5.752417717735584   6.812905274987591   0.8270960170063499
5.1401159680696695   1.8491816613534509   5.286470476078742
7.582590797704554   9.31322963562965   5.063365672326824
2.719158931931747   6.1083650836104555   2.120351897834261
2.129872530607425   8.121226163209652   5.826605497682027
0.4573623154298355   1.0699372686080997   4.8743451595288025
6.3567350790046175   4.825788275299465   4.624560678923827
8.540895881907272   0.5955795230585168   2.700952300802407
2.8215447620472838   1.8388620064225671   0.40663046347638376
3.4275951508490006   2.8088584077297316   0.3362108398654688
8.810173774698209   1.8897260305377233   2.815051458169432
4.272189950007351   7.792125189593565   0.17062716535945344
3.8564528623422776   5.3659314027301726   5.518452756714689
4.855224204914245   4.051915510706157   5.162940864921815
6.752247905907828   8.552819085902323   4.1474944140022005
3.8910273260690778   8.76420327619275   3.889734857244727
5.125871204958117   8.316582299942045   2.398980585915794
4.888267603487196   0.8900316309347274   0.019526981040774258
2.9175545229254203   8.826204515218453   1.3808640255430569
7.997934834213108   1.236778779969774   4.2768894273962
2.2570630764797395   0.7627115501176542   1.4796693751619754
2.498641160473829   6.950673744021555   5.02897626492338
1.4985197484403698   1.1815538038852647   4.261072529059472
1.7776380558208675   4.604344516545792   4.613193118768545
4.570760741917389   9.899973941476688   0.8647350445829641
9.424563662747317   3.886614865815014   4.502471136299745
6.117309612751038   1.8061891349198607   4.271848409392621
7.675445424142329   3.2958324564716466   5.000848472233147
7.807812851457096   8.072367870793606   4.839138156079843
0.6926532287801803   2.4146668587892473   4.97825423452018
6.132177857611092   5.672645617204338   3.9447751203654278
7.108196213746998   7.210610510381059   4.4750454574976635
3.979529750806663   4.09945485105624   3.48741785095098
0.6252929793945284   8.726081818404765   2.8902311981520583
8.062389928208095   2.25946193186903   3.5070113782629475
1.0046489204105553   4.179590518096881   0.5030097121126641
5.941395165054077   8.03213815957636   0.9420174483611515
4.917928529008252   3.23305115181269   0.02635708997497127
8.670739657759631   8.353486198869856   4.027248566925684
0.8367010473332432   6.828711955757211   3.7237756041483547
3.272348533010829   0.13326460670133772   2.423669626647966
1.6748041468532255   6.542550347395359   2.817927683432602
3.6320278366405243   1.5817075298270575   5.628690843154057
6.741874830259125   1.0320133514132241   0.9655221930156831
4.332699930189284   6.147533200299604   5.747067098422703
8.006309033179011   6.873061789732391   0.40957755170766974
6.687051757068213   9.543139844001294   5.8771673937995175
0.9816675271844322   0.22242857506504082   1.9084097492564465
3.432797187936143   7.156670027600974   4.024588353765983
9.534564591434586   9.740812174808926   4.160962939936447
0.3750804794411966   4.831988768929597   0.3515618179683697
1.2139299694755796   3.320602392062365   3.6506044471341927
1.7963948856146437   5.604404334864732   2.871964850394774
7.2466304575698555   5.746555003962859   4.659032241240865
5.150885079118367   5.400262942993334   1.7430466646613412
6.953879436653759   2.0641179964697955   6.107174928227041
1.6444081413389517   2.0422753063797137   0.4820969646255178
