0.7103025516497021   1.430731587611459   0.2531930235650629
4.713387538544822   4.561836592139319   5.521316932658753
1.902142102880585   6.23354519562342   6.210671634038867
9.81486497780439   8.245431606346605   2.079369101151534
7.608351444384506   1.2422238965985473   5.648561771288914
3.3321434648736545   9.833407545949777   4.469804992858173
3.5202650734968373   1.8257725177326127   2.464776519794
9.296500153015545   5.36678374251985   3.0042698925498654
4.462938236506149   1.3160085618788142   0.8985354432630316
5.305386323979736   9.88089642955265   3.5889431782199646
6.354901879613465   5.747483937965679   5.525050939832639
7.96980632196832   8.023284851455273   5.754856275168665
9.932183542419121   4.112589887592916   3.13804397293706
0.6586100328160701   7.589981132150613   3.0851919810601047
6.598206020328156   4.246021267631862   2.8308286878289044
8.201462227740286   3.9810793916438367   6.105277289767078
0.9518263637968755   5.4710138667950305   0.10604935427038326
1.6881721085252595   8.032028743276497   0.4490733282133845
3.973961070008254   6.1634589257559105   3.004062279991421
9.417685860030785   6.679172452995385   4.657899739431284
6.866458730812472   2.2331750168448763   6.100050323992553
4.491996265131981   9.272284176256797   3.8135526285729577
2.443000789024598   1.7705474315445109   3.7664020505092073
9.692855394330165   9.777819724516272   3.818412147176063
5.2406028963855755   5.230205166235012   0.12947937203023965
2.2076725395488497   0.3693655451594702   2.1162946118181245
1.6025561523335887   9.258151361359015   1.8707931985957011
9.53891430384095   1.1828637356821268   2.243206028920672
4.510888674761805   2.2345753877784356   0.6939365658801462
4.1608679576530765   7.362606041588356   4.776092484703549
3.3797170944827086   5.5845109321825195   5.3366933873962985
5.540265670793799   1.0761804893575693   1.9325423369301689
8.779872863277264   0.4263244072794714   0.3286874459029193
3.8452064491998974   8.227379584739454   4.235227267183064
5.418930897467817   6.685967633672291   5.15590858679532
7.187752197490914   0.45039253971100607   0.2318027207218593
0.5538247082212906   2.844609349153663   6.276433794662333
7.2619407431601255   3.349763048996212   5.002083755257766
8.708784385388503   9.167236322078908   5.7497792971990975
5.601895721564207   3.7046700598308164   3.8926425141056624
7.406782305767526   5.8902491855256045   3.6373615592301345
2.947442306202345   7.654535144275645   4.16216986091944
8.428005592256543   7.339872358057586   0.10112708963947536
9.118594287307571   4.0469392900087175   5.587847754116722
2.0354598807940727   2.513449735124248   6.074633964431052
7.319039213907708   4.8079785491403655   3.1579978972792735
9.015670997222939   3.094377737737924   4.707351015740804
1.6956317926728979   3.4251821945203185   0.3420818489778788
2.8544763347739948   8.5969905056874   5.321764381899525
1.5476829997128272   0.939307052087599   0.40254101664908293
3.6265883500477925   2.696835607070969   5.068305508955588
3.8930286451376936   4.4132298718756005   5.997107460356033
5.3859478151505265   8.473446064716319   1.0678855069544646
4.511034666151399   3.1300107307408114   4.711083394476071
2.8841299196563432   3.326938684093862   4.655817753261877
3.068023969436417   4.304327721796003   5.176406794065115
1.0503279753326376   0.005919929570580962   3.7202738425206627
0.36022854766493484   0.5720045871476537   0.6168029512283774
0.0006997092650653514   1.8841689280345777   4.894826034791849
0.3585132926507521   6.338631518637311   2.5824404964745415
6.487180537667576   9.713825213380243   6.049089657168084
7.585927435344648   7.1037685475725185   1.6697677352765603
5.736153599278513   2.685658481055291   1.0029443791600179
9.077150179455328   2.2100868571522296   4.1421533467549505
