8.358203859314441   0.991491354481744   0.8837455566008351
4.8677501611594085   0.9871468655146078   6.076496214753298
8.579702646735878   8.337428925188048   2.6207047377651995
1.659372429671044   7.31278551672359   1.124687564211708
4.990151545148714   7.4679341200233536   4.1479090706517
2.789021611016301   4.817826002175402   2.00928446431286
0.6046521163920207   6.048913993129982   6.191147308289356
1.7147723696074464   5.415729515742442   4.595023774913228
7.429234748499823   7.866520676097672   0.44629413311724164
7.853430146994286   6.130952119080619   0.18071576808170367
9.536149855122156   1.4353931524079617   0.10392169363893383
0.3394264501711831   8.209889535245296   3.4492609577462656
0.8937485836906298   2.2588387447478953   1.8444050577664872
5.243745281497542   8.807105045219071   4.088096629903242
0.4314530558573337   0.8244047128095003   0.07080681013921189
9.450244275486458   5.10094467439201   2.1082240606485048
3.9958018817763503   7.802601345739715   3.8844984857770277
8.527320285454154   5.299557390390881   0.055529899653584985
1.0787661312872594   4.72688906403112   6.091734473754434
6.4202666003934885   3.1597410442119047   5.856150217454055
5.630678980723113   2.4922568201388637   3.628758053033444
6.433323297679825   8.774170105594076   5.688588521411287
5.752429707321414   0.947150388639866   2.447114424588002
8.9588862589817   2.148517919780726   1.4474312126356774
3.012905207059566   0.833809986310488   0.02819854983939607
0.4951884933143309   3.730196534318184   2.4368219422617465
7.944748939644054   2.1458939174566307   1.3458586607070229
8.499746886676265   3.183008867109641   2.2556249427146486
6.105108352575951   4.25172583249025   3.07825905914995
4.502968607756365   1.8285168700057894   0.7319964038195619
3.8698961900265783   3.9694660782051643   0.2866181741430367
4.115463625282085   6.699939095381197   5.9870599235032795
2.022419658099496   1.7548654097764458   3.9586663971533005
7.684204942287844   3.9194711746635322   4.5511832086898485
3.0415099599969033   3.5448518312127986   1.8983714998604655
5.250526517189454   6.529235810595875   4.72603184025726
2.496829617981537   6.678308786337822   5.589240232876374
0.07330360442525219   2.6218755720379288   1.8650965277417484
5.955317845214485   8.018470092029105   2.2627005216463276
4.088227603209224   2.9717698222935844   5.316559505074669
7.973645055638494   9.683958419294202   1.0866067328921625
8.451050749664502   7.14901142817212   4.545266897596394
2.5281022098146213   2.624416426803493   0.19803864699484452
2.3643499400335064   7.832955922727044   1.437872076170029
9.76416699718182   7.434263235488983   2.3738380849315663
2.1713622363459937   3.630000774496975   1.2696162387485073
7.385915324605222   4.877209314836669   4.8576403308100655
9.42610732837055   6.018261073826212   0.48497673710874956
1.92634373915182   0.8296048508615856   6.2177750957481415
9.318088775091642   0.37308107894420667   0.11391236802030232
4.799723137519929   3.8096520813813837   0.35543294833645844
6.134404555002601   7.09960591073803   5.106973221484105
1.6848524363342707   2.901792779067435   4.626822201834316
1.2939479774486662   8.269783405053323   4.157255714506892
1.7392046825294991   9.70512391293444   1.7683942393670373
3.9332063729921174   0.20426533717479406   1.0772845657871686
6.32358354010284   5.126182873700575   6.254480325202981
2.8838006894608577   8.992340946823647   5.696070235315056
8.664911307056258   4.030904698214495   2.9749229981034535
6.6424960177910055   0.8282589208453797   1.189258757644134
4.720624258450502   9.520457850017909   3.4321371964369125
6.845379385771605   1.8852440699740263   0.4537213936466654
0.718916335385471   9.28695310136053   1.532274158300201
3.707547773582303   5.59206573374074   0.2537624979257176
