8.260480125598804   0.19250678107813657   0.9105666887789652
5.344644652984347   1.3907371739022396   5.598300806178153
8.349380791867087   6.827146065014935   2.4504326904105596
1.3916611573289845   7.630864258851676   1.1673710719519
3.8982973586545344   7.1599719091622   4.599523165236072
2.1546137230422513   4.435233206967075   2.0632211808092347
9.621547107877683   5.986351914926619   5.154619964732159
1.1674509570500926   6.752338413088451   4.133005499093989
8.023301614174606   9.169107529162904   5.8706756413494885
6.634747898642862   6.140828345719497   0.15280075023569223
9.186242861840809   8.945337732586403   5.935179582024206
0.2414233610187813   8.315654535329925   3.5758074069127224
1.8296345019932172   2.2524732748278176   2.294440177037961
5.381278960147939   8.948775939318233   4.838825432780568
1.7753587874003953   0.3390626188744951   5.85587995916401
0.6138558617092602   4.9027720919127455   1.4823587804523015
2.5371393324380396   7.113631482730003   3.3269206273246983
8.110900997494412   4.558162361337027   0.739462601729696
1.8865514273913928   5.525907254406584   0.39229453602050535
5.533778954185056   3.1637090022144587   5.378685744552332
4.651149200117991   2.044612778166278   3.465162357118065
6.311831657250073   8.056870380134058   5.571625246513036
6.858398321120869   2.1226341944191875   2.378180690861529
7.784971831770261   2.6379140600768554   1.0584278927293997
2.686014330847364   0.5703714303583304   0.322846650956254
0.5874072757647527   3.53755463132962   2.3675710881290937
6.353232687027502   2.8825772917835524   1.1109700596829315
8.805324759035978   2.633598047291733   2.945908169944885
5.888307609519708   4.234532090277329   4.30413273656537
3.974463887955501   1.3755774022952774   0.140877636836073
3.1252505533035695   4.211177035890134   0.15334545859425586
6.067723373553607   5.394506829205479   5.8793238967931964
1.5482729984008714   1.4138850841060233   3.2210220421593467
8.307744744825062   3.377118607356366   4.089308796162068
2.7880762564638437   3.3722383884118408   1.8021621318365255
4.764344995748659   7.473606338836363   3.3861547160914975
3.9228705544084037   5.398277413400045   5.07800416750449
9.527391263695668   2.093352958087582   2.078676400488115
6.101421016004396   0.2589179091363043   2.098569109208441
4.111970917938176   4.257409119763572   4.575826013449285
7.091522169019868   9.687840456432156   1.8483110885385343
7.458249280083284   6.743320486907246   4.031352245849991
3.8669777287840077   2.5005272544577206   5.929834092289933
2.427778150608032   9.411304540194902   1.542925071132126
0.4086645494930739   7.342487370620411   3.1212248945506
1.4461648093459625   3.779553006869541   1.0776173382405227
7.339317036686526   3.576272313556916   5.8042089655922675
7.613425032902115   5.449340004079279   5.4526920026165335
0.7595582450194472   1.7928064804076014   0.22821274771727607
8.670441870356356   8.076220586540739   0.03327621858522534
4.930191285125374   4.955881775669267   5.857657599861994
5.656393658078925   6.957137454285185   4.944322224393635
2.7830087016532215   2.3083259463694925   4.58679009951541
3.602812934925687   9.290698573175366   4.153914551428321
0.22052866445099362   0.1458998974778426   1.3005390937566954
4.592021125058284   0.3087779815011004   0.720895316158349
6.808713998466059   4.812334162951231   0.1793092232148015
2.8196099427853545   8.07512413862215   5.603277689473022
9.271217460234663   3.9809299291772824   2.354055848789315
7.006824484581595   0.8712733739292182   1.4599405023449292
4.566263003768283   8.373256448374784   3.8616691181123444
8.087190843879108   1.5987906185844902   0.38588801695032904
1.3091871132434068   8.862023283440207   1.0516547515002141
2.878687206608581   5.146013774800576   0.08296268522915992
