8.82895758302666   0.9806780085185219   1.1250602903540694
4.768932718266231   1.9595086823927548   5.395336385144409
8.85080618889483   7.116500244598997   1.9784582202978955
1.2907907752232677   7.581305317316461   1.0730492702842416
4.3137946466304715   7.912438081558691   4.380108202332759
2.420268618329791   4.119999459876399   2.0206349206888503
0.5383492306091057   5.642717895712549   5.52803904964675
2.1235197784738635   6.51496053078126   4.133193949316046
7.910695779649592   8.109069098984918   6.181575514524531
7.456786642140397   5.852415717461651   0.6062953452189156
9.79881450340766   1.2548678746519775   0.02956875178040086
9.39362344646499   8.745369370901514   3.8334068168811086
1.4069171504441171   2.6065328591811427   2.0636837325524273
4.986536468141808   8.567835647703907   4.051963468109299
0.4496698472239056   9.084202685238592   5.518020824250955
0.607862218953197   4.613884813881455   1.67725712269913
3.281847984404789   7.470883153720901   3.6342823783987517
8.43717274733192   5.248021542728395   0.10308060674587338
1.4716901620390326   5.498972829123339   0.12281653054362462
6.14858449817295   3.258901666375435   5.637068817554462
5.708132092398992   2.2283579569481833   3.3824091503481215
6.9678216236926005   8.035274645640962   5.599091785176086
6.0647645053922075   1.4354322507307204   2.4823429514590605
8.38434499478783   2.0613873182511204   1.3706770549443144
3.309894528030438   0.860360722851513   0.5695522531904221
0.3016709503456457   3.5890068072124084   2.3334941846577943
7.058945980330214   2.151216379849728   1.5562790657086838
8.592628351090292   2.961997214440251   2.3764321487045406
5.9778648800696725   4.100296258786518   3.877518148178792
3.4693125661640813   1.7085425389406823   0.46146786273921847
4.317851869430705   4.632927433153186   0.44122231384595756
4.806051232224403   6.346256831431919   5.979399984974989
2.364251022330298   1.1634368135452173   3.7464094478107586
8.980169064210648   3.9417593612318838   4.0708954256108
2.4744893414936384   3.169568551053181   1.6927442465155542
5.580446749366916   7.62997156647282   4.084603789845669
3.1272739414599697   6.550397723890354   5.496754894335751
9.524201879693567   2.711828467192956   2.1187644421554648
5.719219892312531   9.414209286638068   2.3657878995468007
5.129203294531346   3.9337325190721084   4.897699254390102
6.9274509809007165   9.543297012403073   1.6393132917574653
8.264788583692253   6.281740203105142   4.1187615068906815
4.243279213658143   2.720568803774405   0.41706871218749053
2.7704376829154627   8.256110430334742   1.4010512372048787
0.34911498286650605   7.300950021340559   2.783559594178355
1.1661246022622782   3.9172957951030876   0.8811553454585207
7.383843416253596   4.5603603290755546   4.760417712907746
9.68693590321747   6.26362777101429   6.111087880771121
1.4459544802055717   1.5279020903160294   0.29761849440024835
8.41765393890499   9.411462525134995   0.22454449403811055
5.550715224892182   5.399175369647091   0.11291728188761496
5.949940714842186   6.5832421984017975   4.727686498424992
2.411991746746987   2.274241022224217   4.478058959988462
2.570385399697251   0.12195729002283479   4.1149993333930786
0.8063568113764286   0.8389697126859459   1.216743029754428
4.353323605779089   0.3931774652148226   1.326748911442237
6.406701786461729   4.896212341191289   0.15956772247456405
3.670970009654313   8.559960586707481   5.647390007260477
9.555686723195862   5.024528806580151   2.7532221324970734
6.832000891357277   0.6227294345645799   1.294156810805243
4.798629466566065   9.438722632826938   4.067775964053252
7.879433123227783   0.47742600760038656   0.2392669189332211
1.4293980298645785   8.655230712583428   1.051048695454462
2.2965093223458526   5.3483817388726305   0.12421479229409194
