9.380132097555512   2.400965808015398   3.2517939477856195
5.196115067896838   3.397154020583725   0.9007127769666456
5.80671716227355   9.199566679435458   1.7475029838413056
3.166512811460311   8.049289264454426   2.6210623134877045
0.5020938895389472   9.052140145814027   5.342602849163312
5.02833572339177   4.3678845997547935   0.13527424055619325
4.0148838162695   7.257177680896264   2.0820434999251196
9.183290781511973   5.930205594364857   2.7574958143605692
6.595895074810039   3.9439654275207205   0.6229583585071021
8.208097542420452   8.487816171763125   5.988185397793508
9.086376903335244   4.113258918945097   1.4988160218609081
3.2943473878058196   9.339398440438451   2.8590621204794853
8.209642977845204   0.658342036186041   0.7130139654702758
5.430760739226034   7.000442860034621   5.3540478040754556
4.816679447264705   0.34018141863879153   0.49737248243087717
7.490572697610697   5.995566217037248   3.250567422663071
1.6001639919626054   7.194055320795534   3.9089729555681174
2.8102573151322163   5.597875424652821   5.214475263727697
7.203436702062285   7.378758053527594   1.6108031339399163
5.5990195382767265   1.4912109820330595   5.437805961407083
5.065678835829977   2.456092058676814   3.5214419410034563
1.7463798548190064   0.10409823639414723   6.024982469193544
3.718652096155312   6.125797079320623   2.0323457039968007
7.964041694531636   2.0380787116029175   1.6940843489722042
4.541677194918541   1.3749867981300117   0.580258355411974
4.682855275147845   6.251089269566936   2.24040731947833
7.572468395646109   3.1549235925804764   3.5483473747016925
9.801498406180928   1.3893252710709558   3.091495058312376
6.107264787057912   8.221936924661428   4.9053832382609635
6.018973019036048   2.884308132192268   2.2010325217275657
1.6956274065385744   5.240046788011648   5.9635712346042595
8.34859536473284   5.744587557417544   0.6059974591715209
2.8082072085722674   1.2246969658484832   1.2677851890153304
7.108071883763038   0.5820263205254878   3.478553891258027
1.4341167972156388   3.796264522303329   3.0738950118868638
6.509440846736859   5.64723597793373   6.110291774702022
3.8898305443700254   4.840492810796167   0.24282268604751114
1.9424025119358859   2.5566149440422334   0.7605177208563162
6.367549848582099   6.941381262809115   2.350571505369338
8.905077559821418   1.3491588947899338   0.12874129265790407
6.8164072972056005   9.291154955731326   5.651669307618464
8.575667488235498   3.308523572992517   4.835760658144724
1.5447477465060353   1.6406404888109065   5.234230861196975
2.4855269057540026   7.166363503819385   0.3938221021787549
8.73946053834308   9.4152350638141   2.332136717352988
1.9577170294282316   6.362002575250622   2.3115201998358716
9.498832390534675   8.204791082762084   0.32701194094847263
0.6377689978298389   5.807344959789487   1.9035819835231864
0.5245384161761099   2.1190877399407206   4.57176056361475
0.8434254368641292   0.9174108174911753   0.5097544733804408
5.640735356128692   5.680283600218654   1.0811919155280136
8.5532044215264   4.81180443934128   5.325986152550632
0.13331187232507768   3.1616255326730323   3.988491333891616
3.7216444047427872   1.8699824045273534   1.239305529204522
1.444118971147001   8.627799065047846   5.853993004366289
0.3869345015770791   7.29458793721665   5.740608098810789
6.645443784469713   1.5929806144699767   1.355118661859683
3.237947291033988   3.088053341357302   3.1407277475526145
7.622982212652378   4.819320277714513   2.6485595650617775
4.032398866135567   8.288030281859115   1.5565989537208054
6.240038970068129   0.8302505923952571   2.2361433934608086
4.041272891797747   3.8652468973912404   1.2206551629369833
0.4721785313596752   4.571751504905964   1.0221835371148054
3.5987513412057823   0.36483625075139947   5.49566101411173
