1.7893969930443658   1.8180354780529862   4.544783030072296
4.278623628065281   6.237850527686354   3.1215025808767263
4.977475269846255   8.752894696625075   1.877398615262571
3.042246896114635   0.19658875328578773   5.903073274107005
1.0514108821647041   7.3301385433017225   5.7149657522927315
6.596069781122056   3.908440064625254   2.3758893485085
4.944605291256073   0.1034020448225792   5.502185317458658
7.746668189702177   8.134733637031792   3.415816212855434
7.841716722490292   5.233879276668599   4.264988905692867
3.41593815549362   7.812908062325303   4.641594169340792
6.853606655815292   5.533796117552029   1.482556648142452
3.843110531430799   9.6812665250677   1.808956456113225
8.594818680923316   7.053551158126317   6.000160442284033
7.768372926310456   3.431691784021386   3.8620958861080594
7.058641441146435   0.11733713959768713   4.760281924533624
5.545513433644435   3.8604377429327017   3.654466381649254
2.487904939375433   0.8785480007700353   2.6008892006023685
2.4891026273901637   4.877949593167467   5.532851147917036
7.362541211833062   6.543727272853047   2.0580637691766643
2.2776327739163125   8.687443541826442   0.6500721492103577
5.483654729804162   5.149789019214622   4.452498936150429
9.487012856315443   9.167493741436413   1.859733906359952
6.010221339741238   0.34212143150727425   1.7180702868421984
8.393033240502897   0.44677760207934597   1.3026427566495205
6.4052130889997665   2.997845544472911   5.5580220009131605
3.047341783632467   3.9221811059822653   0.963749536124241
3.685649913830294   3.2912288586782736   4.48180142665497
7.982095797782526   2.273221727910795   3.5500088498465487
8.51022856132081   9.207619372976218   5.731376378972522
8.588715375057248   1.5878032584929982   1.9416058922221906
1.152788161208301   5.384092668469805   3.5115988790824075
1.764571757708027   3.88201400222053   6.260168070265732
2.310507246841755   3.1328580441169   2.1654333744885923
5.7977912598318895   7.916842192776731   5.2937879862315045
6.203948810827044   1.713607407834639   0.8994945336378039
3.5492288555067466   4.783891573231213   3.6564196408226657
1.4238887022360909   6.53764613642309   0.28017193140501184
3.9900221809164957   1.816630044809068   0.4078950340110795
4.265209251000756   7.669824535398526   3.7690354733543145
9.470766741720706   0.5940951169532965   6.183578991856707
6.8839103596377935   8.514956421596626   5.655306349315655
7.511535323817082   9.090967897953037   2.893504811367838
1.097617776127961   3.1632589810132563   3.4208363540101847
0.0646929280007793   7.749406350245726   5.069874269884719
9.430308504477237   5.985902803615205   0.7007856077711465
8.233526258638662   6.038383091057487   1.1995161367388134
3.4275553801593963   5.637562702845081   0.856745846804938
0.3265440438480629   5.300890656553663   3.0495388894740594
9.003674926639697   2.9041352019439755   5.18000864037058
1.6132642449649177   0.03906640929164046   5.7478952379935855
5.921600280959682   9.279984745527589   4.3532293160522935
8.061609314595554   4.312075552944215   3.6428696286938202
8.77891398722892   5.341274420539996   1.1470267808495882
0.9841754706708948   2.3299451809866145   6.2534906416535305
0.19585033734458224   6.835039253957335   5.64802806037807
9.026045342320348   4.3371914250479335   5.0850744499498095
6.852469047190437   1.008471917630759   1.9007751962839692
0.04744095911927587   2.9043803568821174   3.19491257136794
2.505610046218866   6.094421650491177   5.518892426968432
4.50130806937666   4.4533682971081205   2.8578306993264757
5.2344128447262355   2.085704801379115   1.9271609586370089
0.05066461874146988   4.287180126705155   0.7199415671617877
5.520844154195794   6.408794514861615   2.741366401476023
0.6901841280223013   8.842957343090134   0.1505537624238903
