2.88686816248176   2.599286323714427   3.313169142388828
2.059281251998294   7.963025058068063   5.048627567326588
2.4228054777818318   9.120481699977894   2.770076515904788
3.3051852574032052   1.5128649426346117   0.7302111522352885
1.391387263589614   6.537493494705847   4.894133649086799
6.648609163242176   3.5271883025687045   3.592941814893374
4.732202698214483   8.909810453387585   1.0172899886237685
9.391020593966392   9.007894119841767   3.0172677753746022
9.250077319837471   2.60398478735233   4.157386604285213
3.5035148726596   8.83345779908348   2.9713163534169933
6.133879203036466   5.962534978613408   1.909296979277497
3.074553365204741   9.755447856259929   2.4860159929188836
6.759640633186086   8.08008695678545   5.749015938935811
0.4425834409040919   3.3347444526881027   3.489751799616922
2.3951990659789573   6.994233513624873   0.2787357033648509
5.939556553640637   2.3416878451902607   3.093653817915543
3.8707117635167076   0.610780837658326   2.3694067861833097
2.4850950744494122   4.810528254110864   5.8456726171145235
5.7052149300885935   9.327559436642149   0.532064108017839
1.7899950698770613   0.23153567809613468   0.9144445767838808
6.4965699082455215   4.677047088169646   3.286817104254267
9.037211757029933   1.6258032682504409   1.5059345536252078
4.153929781356683   2.497602899594555   1.5987708763563255
0.2074140350129703   0.18469374998607402   1.885229405956586
7.452369558144106   0.9188625324608439   5.515291956364407
2.980749325651855   5.774709721117029   2.3412383360418447
2.8476903926263084   3.695601650063385   4.3060888640084665
8.832549025262015   3.642503085628193   3.7185938769189195
6.827457756417768   0.19259242595948228   0.10996518731983179
7.794151948150613   8.474782896037055   6.05043736988292
1.5052837345776402   5.56904208140844   3.1898055539768024
1.4748562322410317   4.702317689733744   0.1588055230542004
3.70002410909989   3.8174933892286744   1.2773946864234713
5.429132980886064   7.789265045195819   5.223887516725503
5.1092325175484845   2.899667260171318   0.48588863368283985
3.708204207913795   4.773868467617925   3.3294525239103527
9.790525818837434   6.986581793482401   1.31041801058137
6.400383412399414   1.1635518677341854   1.0741915837568365
5.060034135415736   6.658354673623729   3.21670036553086
1.0491966758444633   8.734023488878316   5.844898149557534
7.152783861108759   9.080599274749405   0.5036737237719571
8.350383003629641   2.2690562953893636   2.5684299382904605
0.281060629646226   5.444131582658079   3.097861677025945
9.093975526908698   7.829496419148733   0.24066980155338308
8.490479552954147   6.872845502274763   1.515279190762518
8.005130931059742   5.183277941397224   3.393736868121656
5.55310375518575   4.939716026835269   0.19709561715627133
7.332085825963198   4.558285362163735   3.37612948266288
8.297397159009662   0.8106642384504112   4.160900639999151
2.2549264451549575   1.08313647432281   1.1461629127145512
4.03569899545055   6.849441020042544   5.308978830609021
5.55392348940225   3.7004506968439164   3.664179655557787
7.759661142332883   6.37476504490912   2.557909997610936
0.8795983052817933   0.9461427619620185   0.9059268093789163
9.139380233347152   6.049757699311893   1.280130215823887
0.33912432919489877   1.6487913539304049   5.01418990333145
4.675137728969088   0.23810290823558672   0.9672288989485559
2.151974996138518   2.0440758952748745   3.5014876203953564
3.846631430472988   5.965435025182016   4.861861697169513
4.529098002384023   4.614575097239819   2.9117892109079246
4.613108996872543   5.509535370647927   1.8920144524804579
8.111700370037672   4.179529630836899   0.2871040781784139
5.936668368922992   6.914057909491533   3.3537816788754626
0.6013037037552655   7.991191085118987   0.6805203930375451
