9.431001827100642   2.519530334517911   3.283262848357702
5.5747055509670815   4.022826055596964   0.5514054438694027
5.932656144036536   9.62770379003083   1.8069630931867229
2.3970227723680755   7.974656395794576   2.146023593558445
8.981357862167956   9.038945214689404   5.399522789197974
5.1971077452431835   5.17872100803587   6.144406637329963
4.011624868724581   7.539754228669576   1.9720044946996096
9.155087515312045   6.56975423900682   2.893114175237423
6.477667451063982   5.453091957913473   0.25285726735972175
8.146079438364271   9.192434082304427   5.751422865885804
0.2854166328976257   4.8883220998459445   1.274966796490158
3.048073517474362   9.01833507485623   2.7920009303414264
8.28386312976255   0.37529026577223334   0.5884104057789781
5.032633899431884   7.398519091079879   5.302298374450656
5.0887487296383895   9.3221712260778   0.16224283763033573
7.639697018878   6.19055488093085   3.159898304980903
1.550382694372495   7.881041304700931   3.879584096526008
2.8375421842722464   5.981561375386678   5.286809276147223
6.9899067391903476   7.174479460724354   1.6228511664523362
5.9307109478023206   1.880546717790609   5.264898445497358
4.9495766301826745   2.749470709713596   3.691368344694692
2.6667000667652183   0.28423018185835225   5.7038721818129705
3.6664009722426374   6.659438683911323   1.6960579695590563
8.574213349741115   2.284794422585738   1.9707045516491732
4.711022764061552   1.815519437125075   0.5668841225611294
4.489227811401406   5.785472718372697   2.2779881275013154
7.862160698752956   3.5578741310310216   3.627904774777234
0.11732450707904257   1.7410746517010989   3.196812437013962
6.623221618625503   8.088452423323409   4.994065779509212
6.48477268396133   3.2134085342191   1.9573733982424668
2.0403266867320253   5.208428448077225   5.830793981705071
8.694996020800701   5.694747547913352   0.909143199893993
3.110753794352213   1.7252844260040356   1.4121112029328704
7.36395432471388   0.6612668639782833   3.4002445408533477
1.251350198816587   3.833782600432527   3.1434537633556525
6.272214851307616   6.338268893327575   5.7840403156931846
2.973027786850737   4.0981318344681394   0.04925081064497139
1.8558841912039055   2.511865304268773   0.8508998290852874
5.982062151894285   7.414831851102246   1.9607165031333371
8.998219304665035   1.1844643510730866   0.3150114574234221
7.016733388561345   9.576519781319943   5.782781577762917
8.863908834402753   3.4977461976990605   4.668366792080502
1.2700102228890584   1.7838968402685556   5.359981572781759
2.7073946772738027   6.927362860563818   0.42079413840257485
9.409559136711932   0.19345421832780063   2.417014837613716
1.5293875035808453   6.96485620884825   2.3478515245444918
9.395233365170247   8.06363502731722   0.2807456379397086
1.268964399467059   5.80682978774378   2.122012043827981
0.7179171509762858   2.5775322608975184   4.401296787929489
0.620431096293847   0.954818119657876   0.5788871618275832
5.211603258552298   6.477484333144969   0.860237071273213
8.911678091449971   4.681370744217713   5.2643794524720935
0.0035910286626723575   3.2840782970518907   4.005450410933139
3.8095251623880477   2.9878200950351155   1.0774629088948242
1.0131592951324355   9.254328830487236   5.605906467045713
0.18971972285141447   6.078327666949542   5.2716033256787345
7.003163662316996   2.460197485642107   0.9874014497169185
2.884242623616563   3.2261527594132233   2.831761979445117
7.832767092927093   4.930774807435487   2.9030231993204816
4.2538025080531225   8.739630300782888   1.625279407440797
6.524617090654749   0.7748982708715543   2.5299226437806444
3.9973583320102244   4.623714485966909   0.7252563547412806
1.143103914740426   4.741029574131259   1.286532074255959
4.642764322850088   0.40641444258927484   5.920793215056625
