0.931172454741688   0.5690820406289725   3.0909004746439575
5.233195714640054   5.2234356117991645   4.913358659474461
6.262651668194417   9.43032312472741   0.7015379503699415
1.0024506593479234   7.964320153485591   1.7030564713873204
9.500049092572288   6.519816774356586   5.9429798847707485
8.086334143981942   4.362337279621877   1.4866768936064176
3.035952178920063   9.546529189386604   5.690747833268983
7.766725083252339   5.869014153785981   2.6039057560249463
8.418669786849783   5.290146323613062   4.827685795023002
7.1127555509344536   6.51188385868294   4.1449390400465
7.446757355637221   4.958659886204019   1.5158987761084914
2.1978871962764264   9.693062306621476   2.5780937988480432
9.1075705617012   0.32408541442037053   0.769711240373094
7.04561291065664   1.6539379468685655   4.639732927931403
4.872844217541926   0.7893666296906239   2.663077656814881
6.383164623688756   4.890723929170849   3.2626724158297784
1.849613235728981   2.2393211288502677   2.0341076778225853
3.7589097992557456   5.466656580946531   4.893073737130557
6.576699799965176   5.762179624047405   2.9279268281327795
4.397758094512853   1.5629364790625209   5.760567213794865
3.809196776893261   0.49996028882771726   3.646670501451934
0.904007164843391   1.9097950573615217   1.4217907095121973
5.0618916094778985   7.939142146535479   1.241573993976847
8.474413326719842   9.540532888467997   0.9653428012786389
5.303239425222878   3.977934358832983   5.654097307190515
4.032980609892754   4.4362038860388715   2.70489476363218
5.045850338038789   2.3516262323190373   3.1778771658546447
9.04429872899577   2.390074822405218   2.6490693826382334
7.834510973771127   7.809517161818452   5.541668774125016
7.94934643128809   0.8561237645491326   2.5516416484696585
0.6016295994308295   6.121370264611948   4.167035231755082
1.6862549010762   6.445696825190297   0.6139586297760038
2.710343636198918   2.1789498281492268   2.4612533691368905
6.776788589078643   0.4909535373428502   2.9342652852797406
6.957550036213498   2.946467955097558   1.997807476478775
5.547076420522938   6.8244696654997705   4.11881046068023
2.4886213520155005   6.105662104130129   0.726944428398222
3.147974756284872   1.2162735674578125   0.4975153578512368
6.161245549971559   8.57881439038855   1.7282306414272213
0.04867510244750939   1.7558415589095053   6.143903580315434
7.124912055686186   8.692148421241018   6.224911787873187
8.947307839341494   1.4847230500511188   3.7634082549127523
0.2702241776592387   3.937894274037933   3.4238910012677
2.719157732004698   7.371632684263654   6.177958466424048
8.410551022255882   6.5363788123550135   1.0950246553358691
9.544301669811748   8.233062428158396   0.3428408615275778
2.5068946754020294   8.28221060280939   0.6866538208052323
2.2705106550671403   5.179088646739405   3.00986501457148
9.022149885919896   3.4548680331686867   4.7799919329074445
0.31615740438117984   9.116891449749088   0.3071736054687886
5.501009013892197   0.1725511899089423   4.614666340124034
6.391282855785545   4.0255655452064065   4.389150128062046
8.95106802522943   4.409131827555585   1.8571005119342454
2.4489548751594503   3.8435806633475313   0.14898674758929598
7.97864299879501   8.729788300242596   5.764076734708093
9.307288948403116   5.428403982085549   4.7043102838252455
6.167765636194539   2.201009553055023   1.9955739595118338
0.749637929289972   2.945688939283729   3.700224404556279
4.335689246876629   6.201125950056464   5.2545141950927405
4.618819759738042   3.3207531340622167   1.4362554454804228
5.541695341247686   3.101687792465043   2.6372770672859347
0.5476085474158324   5.076784620452843   0.6475857134645919
3.5602453889065555   6.807361158290597   2.123369612965721
1.5429955646782347   8.834397832863235   0.5959554062515456
