8.310837123666266   1.0019268441852742   2.323069894811187
3.5405145219295484   2.133548031422535   0.002756613349010076
7.0917017505164335   1.1685871184161911   1.5709335147303027
2.4007205927718624   6.791738164952485   1.7427113374836116
9.11748582529217   8.399318731169455   0.056251368349723954
1.8600932380140114   2.5473506565197135   5.544518725385467
3.2528574058337174   8.31605221425617   3.8098754112853297
0.7489908463720034   7.361051383800897   2.70818434317706
7.569496907828281   3.099971743751533   0.41040241529888766
7.3190546936576455   5.701134906887839   0.07294793529798077
0.6835269524887203   4.653156800741833   0.9471628889188877
2.4223193482725556   0.6365903755624899   3.0740461537696753
9.13550538390005   1.0457561280204097   1.9818216386372205
5.3460419606813   6.131806016511964   4.429435672188987
0.5294088304115194   9.047153403017631   5.870114307996815
7.908150414248234   5.024989952139426   1.596640606644767
1.649806634966089   7.523680535042383   4.451043990389339
3.487688949568776   4.582996291114382   5.615802289008049
8.35856540497515   6.073117397383013   4.501155401096981
5.013202742268609   0.33694433347459324   5.6347877149481285
2.960511398690069   3.2604707835595637   3.6833544738971935
9.802704179239779   0.43081301997144694   5.805076123691143
5.596358413103406   7.039239924446111   2.8975229638045614
6.485353056162717   8.228000724995999   0.5319931027369866
4.186880913921314   8.945876216982626   0.6016726398248724
2.869191108145317   6.006039385341996   2.641436852629195
8.030194808481033   4.123206493593747   2.8233909711067593
8.548379089680463   3.1707028257005723   2.017439445843897
5.444463060091934   3.908010837277015   4.747977690987726
6.020417690851733   0.40299787829197026   0.41287721385413645
4.520759358376084   4.274179067170532   0.27317062385514757
9.088387648047256   4.868981557984308   5.339516332983149
3.445086424046528   0.8678949077287763   0.8630929017094909
7.168427857259632   8.932756505686315   3.1934431808249597
1.580085866237218   4.761652941166969   2.5553044513640666
4.749128339904882   3.098261394210188   0.3057743687128215
3.8721765027861337   7.35164908482943   5.612014693090044
9.394415869736333   3.5103519455175474   1.3636563074699815
5.525202561552031   7.932029780171623   2.163344165103585
6.224114007731588   1.499107961380838   5.193898318143253
6.490809385312748   7.347043218347745   4.855441537373134
0.24867049544444697   5.908621343109466   4.098200955104102
0.9159210554483581   2.827607901128882   4.380943922267347
2.1497519418846527   8.556937907658352   0.22456647868561969
8.397435364669459   9.469688355732693   2.4447874991175023
1.2657629686145655   3.857398153437859   0.29875018786269536
8.360786089470313   7.306773485725469   5.4333594436828205
9.26191954380284   6.766159694622331   0.5170657178230506
1.3585189938770137   1.509120351187656   6.121800357778257
1.128794347105582   0.5995729777349625   5.5453706606302315
5.968265538376895   3.1778232897076872   1.7031199797697507
6.472700431864242   4.562947827992059   5.288650986352211
2.593089057168467   1.8486087189825908   3.3163572596287025
4.15789468893786   0.3568401921618438   2.6880606450476447
2.0472590949861975   9.60618553026269   6.010825922412575
1.3143634768676176   8.523969979502086   5.190967927014545
7.6208569863110025   1.913184691460911   2.0232057238709316
5.098609167473837   1.4804656738268145   2.8372949835636843
6.903404197272721   3.6650702802523436   2.785307654157316
3.323813223712425   9.152772295880396   1.1339757684342455
5.809595982129106   9.304668166593395   3.104902152533576
4.290530920272563   5.592201206996693   1.3337460291145984
7.3887284705263045   7.071064073542337   5.563431684633339
4.468511712902277   8.066693828999485   0.5139860257329019
