1.3745711768236801   6.2459034569245215   3.0493473123310215
5.763477040619139   6.953015770314619   5.796776649242061
5.7354494128923985   0.2651494468276721   4.86176170105079
1.1899706153157577   3.2988896313012486   5.33203524392214
9.264068047507044   3.475069609745655   3.703073199573543
7.175942233091546   1.312159408279105   3.5153874609794444
5.557707228831171   1.2901335978402892   0.18051215932416945
4.618503327904459   3.686376344408307   3.1345204598749707
5.305344456541041   8.647039022063666   5.331684842890973
3.6279125891899966   5.888940660902399   0.9906135360335998
7.243307040311454   5.667702913078083   2.6861504855168206
9.670655071099114   1.8122856889315415   0.7601848128501573
8.656849174500433   4.791655174790547   1.984327918402821
6.786778874016495   8.977725314574908   4.896964639116779
6.571311834216265   6.951645137342219   2.0759209417397604
8.798630044916813   7.0594569327664765   3.950347298945295
0.39669541630380273   7.167946311245384   5.261184025533961
0.5533811752861668   9.345246039676006   5.954586233061924
0.5137455974138891   2.5488260754247976   1.1497168466645444
9.546332823463397   8.046531278785395   4.420630681320382
9.144597994285995   8.742068179520716   3.0566036614303678
6.995287835022742   3.0100556612250777   3.0180211957322243
5.99032036980414   3.341652559363487   3.874211795914626
3.2826045571426654   3.409722502463059   0.12062455908229563
7.890273551544002   2.60255286975062   1.5603000577605033
2.664703726001723   4.530808734151825   2.0761852237203087
1.0106639356936074   1.0111851157982232   5.973982068749694
6.181850922575145   7.682136213355778   0.03226708049838223
7.348831751439467   4.031881883586463   1.5775005340687975
3.7687916320695445   1.2658971352037351   1.6577541992937432
5.1396206754666585   3.0213075988586153   6.161348353560108
4.1241840147761915   8.409848109845067   3.7273843068370507
5.517694540490683   5.253667255224585   2.1777386265223675
3.263218671210369   8.41419102897349   0.4233531230080791
2.6611195363139517   9.579935363819365   1.0103844550952852
9.057353854180768   5.716007360169263   2.2871592554499234
1.8020320916098966   1.6245771326668383   6.244155003424012
7.869509800357229   6.187097967324183   0.7445064595914931
1.1144712518079416   7.690162711042755   2.514429409238918
5.454769238128132   4.378162730362762   5.4411918662622565
1.463230512437502   4.698344628001899   5.46739619307193
0.5475063542816347   4.829841081554824   5.398020089575763
7.393114295779787   2.0256537281246776   1.9906960992552558
8.678635273317726   1.836713731111694   5.974412032767494
4.895442927896146   7.53533412168597   6.050657121852834
3.7205230583308   4.773349051070895   0.23286081470791475
3.9292380545871897   7.0597724759698695   2.96272578589376
6.462663860541585   0.8503210030846705   0.9067521393185968
2.252716803506437   5.972838480571989   0.336308799548129
0.45285205832578534   6.051331060002093   2.512593317095337
2.8418510466013442   1.180454632063098   0.6894545155657121
4.9623894479875235   6.567736429350439   5.120927199696656
7.925194102839021   7.150688596608769   0.8159961848379471
8.815128542162904   0.22750107298709465   1.219953747251599
6.355233319961218   5.151543288453774   1.4996383499737087
9.611369994953126   4.4338604599455245   5.54336213725196
3.760430498255394   9.420725845328832   3.2555829906093896
2.304361517601739   3.025313869336978   3.1853208298144122
8.024625939585295   0.9140958607348126   0.18452383373728307
2.2606281297952195   6.714188675653428   3.408100250637935
4.40151571020797   0.8417077981920027   0.67108029244928
0.09107641139971945   0.5721363537129477   4.115492090292694
4.329075592670292   2.157515271334225   5.851251931019445
1.9102900459809833   0.21465848303182433   0.7132492303890121
