2.5416440214674383   7.379833172284124   3.626681408123624
6.243270993623266   6.765973258125479   5.216268382377893
5.288769569117111   0.48052864028521247   6.112188824859857
1.3868840182700355   3.9681928268299007   6.007271464617962
9.702543117848865   2.5152878494779634   2.9460169245402743
6.889851139438899   9.416132583312784   4.296523433362507
6.317594445832363   1.7957391723737035   0.5816552801613024
5.362977923187613   4.245434767398063   2.960518968023054
6.35390801487113   8.6074428957707   5.1639953927579
3.302788818772392   5.9799884494156945   1.3033028517861178
6.003963721207716   5.6883462317132825   2.878951057033274
0.114167300353406   1.7369973449833596   0.2937528722035675
7.62911713134881   4.478403867097146   1.8971753780556293
8.692064135472085   9.245361384005456   4.850358077801294
8.132711706492216   6.938359559529668   2.251138368819136
9.001742437345792   6.552165485283307   4.0049824791774595
9.507138528904283   5.864848835449113   4.667987871182413
1.3473630493802884   7.927871896074919   5.441431651807745
0.8541612789384141   1.3178717649232865   1.3912251960250934
1.059889645412823   9.511353017571608   2.801534534345167
9.052848971249807   8.4953496888166   3.692039796708749
7.030888749092449   5.040365146143144   3.6308114457113
5.894769097728464   2.5172417011945147   4.0463893583474695
1.8712769222579042   2.358549933620457   0.4741030553115615
7.381569414332324   3.2875808078297446   1.8162196259746002
2.571805074324813   1.9458685286977895   1.194717060857703
0.3929872291629082   0.585827093731617   5.296159957440614
6.140664825205618   7.738677025227191   5.6254269194596125
9.135182622248033   3.276022727214644   2.0699356776220137
3.963674909384342   0.24589380476706518   2.079231811752189
5.039390822985563   3.5442759582336065   0.05097230197014763
4.450805829766416   7.651876641936515   2.278605274893846
4.868449215724167   5.167716271425615   2.6616553584436144
3.087334710708425   9.062920256767859   5.990467202131887
2.9418158592237935   0.24622315933551242   2.4771303853197972
8.583429240294366   5.561538223563759   1.388277417434526
1.642023232076662   0.8554582752467106   0.714753556732073
7.300044867757256   5.987861543634553   0.4349083876165748
0.3757662991469091   6.875436586000755   2.487984049379611
5.993104944187722   4.991938132285175   6.067577328306606
1.985997848801691   5.616894730981997   6.247066223598298
2.1425603287761392   4.455910225543245   5.625887258025922
5.97096685679515   3.461702410315162   1.278745257536549
8.556629281823232   1.032850568541368   0.05756904688719511
3.526385880714483   7.533079064103804   0.5503002897823507
4.043952715257655   3.677118507159866   5.041304308313338
2.1544652630346484   8.348371792083977   3.050180740088181
7.019287686949504   0.841400198645774   1.5017252837653576
3.1576570939789446   2.777491581651809   5.918694598691996
1.2488492568192997   5.249054090676692   3.002168467643754
3.6123522697912995   1.0932546273696637   1.3353743708967156
4.502550842187343   6.234081161151177   5.318774627896524
7.949377590082226   8.053031648143792   5.934680905764001
0.5642289506590243   8.457984403835699   1.7916546022311526
5.2260341892551425   6.641369582892903   1.4076971873945947
8.964617075267238   4.852505611144076   6.144266280093192
4.310230218377953   9.268668312238557   2.1282656857235636
0.6223945692173181   4.759502580972289   3.002640345970838
7.667560179708013   2.467558841568459   5.55747620446803
3.0949292502422097   3.573497383564931   3.225539505537136
4.912807752268537   1.5073807261880043   6.282757811013905
0.23502179773132692   9.418523323279073   5.169652250570974
4.1623698735893075   2.4865503525251986   5.403394123522542
1.9673095532703924   9.423888265065822   0.5138906996546644
