2.076232165813085   7.375236775997395   3.408029174662485
6.536692971655233   3.4539157286778104   5.662656848841406
8.60848599368603   1.236147503701746   5.516560257167969
1.7961607873101482   2.8620527780213925   1.6289343223686308
5.2905654425314115   1.7760784921975643   5.459391085040465
7.171256313035087   1.1380225317620565   2.86789793329856
5.508234425168057   0.6277046915241737   5.576347808054204
6.435453681293013   2.667312295047582   3.8019680478241225
3.1787467814983144   1.9705444910569683   5.981637559147277
1.1367733887823244   4.729806283387942   4.861587582103088
1.794943453275673   5.404097751529463   0.8576476690690632
3.275091017695134   2.93269949927267   4.828841600833703
9.568515123606558   5.60432791791834   1.2824218931149385
4.707643377326402   2.648579651160152   5.153377859423152
7.791775903191474   6.490815899305364   4.867899080561715
7.2271275503008665   5.824214841189272   0.3409276421745442
6.648358186638554   0.04754372157400333   0.6143907627383022
6.826596276631492   7.205043502249289   1.5394563117684763
0.06994558770943549   1.69584731024581   1.997138893221147
9.132085970552714   6.501304972492346   4.11109564841614
7.474430510298481   7.978076067751459   5.784216916103199
8.2245288608015   4.348722062982072   3.789395641662912
3.6770952187691375   3.9082994494824295   3.9137475572356673
0.8307225344721896   3.4543473489563183   5.972678802413913
9.449459961200096   2.4404401471253436   2.2830915318148652
0.0134667826896544   3.676072631641586   2.8120069001915824
1.192107104719235   9.69774062782278   4.826904848225967
7.876942036732471   5.11123378061779   2.020263037959759
1.4963774384261885   6.53278210429926   1.8632393869893786
4.630397970760001   9.085590591221608   2.8755487576868215
3.266948593941922   8.301926827295835   3.0410927132125942
5.525384115894188   2.9903514820811172   2.5161365987568036
6.163968109120717   6.023900227626632   6.22643615163109
1.3740888609961046   8.54143170588645   6.268608535290244
5.669448386032258   4.62924989723341   3.5693967849389265
8.416212448283511   7.986839049793041   2.778221250551031
2.5657833608173135   5.435125430791698   0.9948890819916446
6.348706495553584   8.541495773399355   1.4324174903978184
0.1240209487548122   9.404183087960224   0.726388266756138
1.7928392567810956   3.761372869116226   0.8917112191036877
3.586585216843183   4.825999428272404   4.721430013189541
6.788341010172943   4.879751704608633   6.020777102575301
0.60578301763254   0.827663640184914   2.2942993049657736
3.4231161320408994   9.779687499978918   3.323896091019578
5.51782276154691   6.74562229790995   1.7573391383443056
3.633029813253419   6.416303881931671   5.689788008310666
0.7921392941088895   7.200109048776273   1.6485230101968893
8.960228572004675   3.4830807486274447   3.3059181185452697
0.3635282300663114   8.450200709746627   5.053828300355567
8.454100512448598   5.687025100748267   2.8545975538398562
5.275592648592736   9.688779547548034   5.950556157195054
5.241323347781062   5.327218040963506   1.1631918137304769
3.416625654341244   7.159508308331192   2.3810680332877237
2.010089988023473   0.36724338272547874   6.0738999091976345
4.451764368476897   5.317317850059103   2.206511731725943
7.810208382750642   3.2035609507939795   1.8251715829687574
2.857612819773807   6.414031701568226   3.9460149389694794
3.2520760613771182   0.8171714827711662   3.9960165246733843
4.5150351888436395   0.9974410019418511   1.8994048654974698
2.7359555263420416   4.591554732688246   1.2546335105452193
8.106667299335477   8.88621879184467   1.049157590339854
9.108373741945211   9.207141549807293   1.7164057830028667
7.6211383413387335   9.632748377214961   4.645536209526804
5.438146784660367   8.34149440164049   0.9530521456195041
