1.4449823381063436   7.178070039866201   2.3580814852760628
4.16553806331184   5.25294282501862   4.476256217443447
6.253643663089971   1.851578323001328   4.228871582841094
1.9817242133377317   2.898551984960326   6.156812187976004
1.6853750413691928   3.8216547705274726   5.636124960259495
7.3115632863820395   2.399506777808443   2.5995373723665254
8.030455350751232   9.447575470392424   0.02092009062860356
4.51053668648257   1.8263839252927947   3.730275857774531
4.929191693084263   0.6422111802648228   0.4183465396553896
1.9714890849139082   6.202489468710644   0.5307395528814886
0.678366659365014   5.202703525850972   2.8074713093003565
3.147184272781902   3.8488994032423416   3.1855477864083945
8.896723519593776   6.305841814989013   1.4215530897494815
5.7982705009540645   8.377201028922931   5.552479959463777
6.728874132053522   9.700544289161165   4.40982428985939
7.619988532844445   7.376972018386197   5.984997429461915
7.6988909774663945   8.484540316904733   0.1455216768675066
5.050912531986437   7.114770793410251   0.8061352411195095
9.078835225020248   2.103575051611293   0.6772721845408153
1.028042881081553   8.275241723931845   3.1737832961732484
6.910673095615465   8.73120433958424   4.384969032633129
6.700290973764922   3.022340077956188   3.658283015920662
5.808307521797863   2.6677127380934684   4.089844809831599
0.9227155446068256   4.280516891407235   0.2299617105676326
0.1465222562759056   2.714451306433587   2.5960509056580783
8.020034239358   4.562275507684973   2.263079194021613
1.9660263854309536   1.0217023774761986   6.017195710560651
6.044129567190289   7.328819611055459   1.8417581163927113
9.072437035376197   3.0904204279355914   2.12977491391027
4.293566214113687   8.912052473262353   2.5279619397008424
4.811148561926467   9.570537668312593   3.9691743447600842
6.394423051007611   5.649934683551859   3.7891490169352053
6.026402142413231   4.001635082498082   0.15366538875910507
2.2207248780679363   9.211672072141633   1.9818160863475476
8.629296984702725   8.632564296851475   3.25558733027638
8.055920934210121   5.686809328769936   2.4431504982140306
9.491463498312491   5.145674546438546   6.200991132668375
9.209114406492251   7.835181253743325   0.7755540842052515
2.274795625430809   8.045872757534484   3.080931094305072
3.0738555490707005   6.035581503833366   0.7125022252820492
3.2420982320489293   4.849339820363686   4.147942650601759
7.199533648779708   4.00304448583393   0.6651354838190331
8.75650307602615   1.2772317355607874   3.3833373284944477
0.6770375206525598   1.2036260095299065   0.6960146887463703
5.094150423174881   6.052052225525608   5.520301061499117
2.7108459051140743   7.138056530101008   6.220770857272027
0.7059617192920851   6.186946024764312   1.7841529469476247
7.965616764105397   2.9954257436658045   2.4101648517887178
0.1802804994695396   7.4840777499166995   0.3589445653473955
9.423853069906782   6.966713920198632   2.258770793326179
5.130933113486677   3.298491408483719   1.1528198659884608
4.225109011609789   6.461201512918908   0.15493518323321884
3.5797783421207554   9.697224901676144   1.525315758280297
1.114402722778693   2.357549318062664   0.7807715364297589
5.124401579134832   4.117275279542967   2.263223408408484
8.90786663271891   4.5539964276923435   5.072505265805897
4.257649994248207   7.467292413085574   3.7807677304298224
3.8178710995880336   3.239478129600519   2.3089088209596667
5.597904326898267   9.105871291098184   1.0901137296615235
3.30345047140117   8.666571644346849   1.1892273552981953
1.6246207175630751   9.709462613368979   2.3990908151584605
0.22071144435552392   9.692092337597131   2.159673791723487
7.36168100115455   1.5374320434383089   4.959406814183478
3.669537201092263   0.9038312134353346   2.1373494794379813
