1.5292566558227305   6.1412081954880025   2.8262518032568824
4.476143470999176   3.026926298948807   5.796105735965411
6.911434626414568   1.5027891360671946   5.0577001079876895
0.34541234663635567   1.7773043405724143   0.7472653636123395
2.409815687613682   3.042543916390192   6.049200454406697
7.304136689941668   2.362189953872746   2.8011286900101924
8.15062819226931   0.18777604833530165   5.420428907273515
5.2178755545190265   1.1569354386151882   3.369668808207806
6.168032427453322   1.566968919938353   5.577392893611174
2.7090008632860743   5.191425214590833   1.041361028298182
1.4353241649482165   5.225283731405887   2.652842577746309
2.9735895427946017   4.369218318918717   3.508244618511757
9.483214571391086   5.5833737441969395   2.4002063411555357
6.167707309415132   9.769265797657997   5.660274567741514
7.190706498569476   0.016824202952070044   4.464785631372483
6.139541973166208   6.0049926686887956   0.03630831950140499
7.773109863654875   9.202028686505292   0.17890014567515994
5.892417518650164   7.406861950309722   1.264306095163719
0.26016965481361964   0.5952901939446444   5.943649414895278
9.806482411603598   8.824087621968017   3.4542457749270823
6.229483138761093   8.571332986857188   5.078158726120764
7.406703292612777   3.8597089365697457   4.334573353105349
5.905235195836104   2.6104408188718913   4.175852024880779
1.0182886431033271   3.9151104362611275   6.242367679191675
9.435161147388133   1.6321333173437087   1.863009702499621
8.148617437462349   3.749889784120931   2.6018292804761116
1.792049244957126   0.8165340722196417   5.995847324015217
7.760631837853855   7.115178948948366   2.119657096501196
9.483675691286358   4.09297754637907   1.2926128307374076
5.021077711152805   8.065660127706135   2.6214149713938872
5.417548196685143   0.007612527465003183   3.7523342113218985
7.056692835335633   6.501902232156966   3.0919630180266746
6.0776059296345535   5.215990587262132   0.07821053970773983
2.8289388547529537   0.4228673222259073   1.3441479433392118
6.995087946718504   7.88630105388417   2.932333114857891
8.910802554030019   6.490118354302317   3.3533369918365596
0.4965835670831265   4.855693933949836   6.194620625868002
8.774490061831088   8.475620651724032   1.3695753035161415
2.0703037115458964   9.111137160756181   2.4083316133034613
3.2746257811421833   5.8794290070971345   0.44170298889081505
3.9424399176230267   3.6841559094455754   4.405759319870179
8.115956683285436   5.794151961608163   0.47791995739477666
9.031234359970691   0.815266128218652   3.199375402800475
2.8403265291845474   1.653011704078508   2.0842104757101505
5.1427369934131715   6.7139357648880456   6.084792776317984
2.497861285850508   6.5802751468769936   5.731729099143235
0.37351231816013436   6.783934226555008   1.47540983173388
8.431952402299045   2.727147353027301   3.3447316266213316
1.2300217023283924   7.672120190141145   5.335443368367874
0.20540534352137269   7.588517922716792   3.01350190791615
3.627862914120256   0.7982528206427143   6.14954487590059
4.181650876477586   6.548788816056807   1.3262488906207595
3.324179350141332   9.123209310744123   1.1056093425595432
4.304897395318665   2.2445254587220558   0.19543660245981628
4.064291963775478   5.437336895775337   2.459918063073244
7.326205706888497   4.614345487909097   5.880537738652362
3.8101724688664698   8.000338616081972   3.7965966251382337
1.295099398677241   1.9687493135234009   2.9637617719353173
5.111180332456123   9.076662244006553   0.6454929915877552
2.3150527158955643   8.050924007196606   1.2735190276249422
0.7412444242272603   9.760554819836441   1.841966511655122
9.04911845912832   9.740201835199056   1.5428452956672407
8.098160385799442   1.4980033026274784   4.399820647107141
4.21572614878392   0.041252975485557286   2.098353714710467
