2.655265976466289   8.568057868156734   3.5054579108324004
5.498459037083592   3.640377291425431   5.857973864971298
8.545819096667724   1.0130804698338736   4.38142422596029
2.628777420826596   0.7605200527523968   0.8934107281879826
5.090984460421691   2.392252015429412   0.7264902708083697
7.404897477913044   3.5907775893686233   3.4811718999645085
4.8879570438356055   1.4268799092258044   0.534339133496598
6.059456633097601   2.013102633766661   3.8359702058757024
1.7263847136460169   3.897287524074562   6.064518911759772
1.402135385094957   4.9185047621601665   3.598381350464636
0.5935243260176981   6.816987827182336   1.6375537285634993
3.4859190486843823   4.765582189746558   4.349016553182839
0.4639495906773485   4.1948840652276775   0.8684931951422823
4.488975651035772   3.258492345780014   0.27521854155984504
6.685627050494636   6.317398190688163   4.902558265323664
6.5830906878830575   5.222722929919599   6.124824706613223
9.601440208338486   9.372099366184358   0.5176782251801778
8.458972288589631   6.5846497116330465   1.286056277029142
0.05023037746874076   0.5282055951782014   2.73906975022985
7.92089568721598   7.599588369488284   4.39043816625545
6.388369152275127   8.779536088497604   5.581333774623775
8.473712707841536   4.643743282172524   4.616211648992649
4.700281680911392   5.886579320612519   4.202364672636707
0.8141073351721492   2.651373148718677   6.223425494447998
0.920873466162397   1.3717538924277886   2.6710342118261186
8.878017016841861   3.703432625545647   3.2258184128096214
1.8754852885773832   0.8699009035662834   5.78407517090346
8.863676553798458   5.345159839425049   1.5860438897974545
0.3668961227480934   5.850330294285489   2.6080579391070313
7.102432844215928   1.3737573915297325   2.873171401144234
2.025951509839598   7.425658360916624   3.7484104542037113
3.625906137222027   3.78867333880016   2.533110858418448
6.029225468540733   7.063413881352045   5.4701267031919425
2.0703224926238355   6.146371791426359   5.201143975075554
4.820727651734325   5.0335899233014665   3.4244405603430916
8.63102897538357   8.086832907029192   3.328365561942313
2.5422852033923378   4.7550872725172795   0.8546148148162866
7.557976177976503   0.6344069570351484   0.9571854413028302
0.10944177864486448   8.381496863882536   0.9883531243217292
9.700857939736018   2.5846376667390785   1.81996523529147
1.7573491908290517   3.0060181348696706   4.4187266635708164
7.586668696498309   4.6898243350643   4.6086905337615045
1.3608548531951732   8.644099661782208   2.9520865316497344
2.818253120709926   7.64657792553609   2.557737123712535
6.851101372678771   7.4344841808324365   1.0321933963247458
3.8181444238949585   5.651764481103655   6.274761028501662
9.356678083308857   6.322113113391584   1.3864346795762674
8.722984712311447   2.425469171392065   3.2073507711086315
9.759882694447148   7.365989936026272   5.592524436923968
7.752400938352434   6.028727248708533   2.6621716857969657
5.841577247123782   0.6769113131530586   4.916358304449835
5.578062230784918   5.9033903389735825   1.286244870214357
5.457337801337665   8.844440700850967   2.6119735751234505
1.9410658842587845   0.09905322068921707   5.991945076548555
4.328460236505439   6.812408640516682   1.7427700569126852
6.597890447575828   3.139274875207854   2.162593671324795
4.521768491567325   7.871752944596339   4.335097390382077
4.212813870290436   0.8355481489328744   5.130577730066589
3.2557753420481856   2.2018502490423777   2.983007608269663
2.0698617227973237   1.628463534667205   2.4991121766288207
8.088448304080327   8.838497070224836   0.1390077232328755
0.9688399671000268   0.09341939042694669   2.0121215111585182
7.772751086348821   2.4098725877552605   4.753510153731655
5.130960671679655   0.26570377082950397   1.7639019565736858
