2.10977461256017   7.561299578394186   3.4298567063320986
5.80614399592569   4.904870231640547   4.8664943842830235
0.31348366610205386   0.457908560424394   3.3790375809772843
4.260022185073601   9.742011399468469   1.2543231341044478
3.648314335620037   2.4454941556144743   1.2910472663589279
8.059124821810494   3.6425412692494414   3.3945793241410764
4.22528284767109   1.751139106719498   0.12688700905447836
6.222923580635278   2.1596544644477422   3.5185130425352202
1.850248213413569   1.3815922431827938   0.9915234841948772
0.5373031685208081   4.225138164653536   4.214642834566971
1.6569981537399026   4.817057707279858   0.9084410187890555
2.733440438262889   4.879407900400676   4.527704078929243
2.8454076115200877   2.754641072994954   1.0528075210580048
3.2252279609035672   9.677827826804235   0.4021206009375462
4.082826446637319   6.1505876223755   5.104999358294495
4.532573303531397   3.3099000289123417   5.325930739988849
0.9499039988770352   8.30305370533816   6.178873401849528
6.584898469828473   6.621904223981382   2.6551912903344195
1.215729226682336   9.084454746906726   1.831845152834916
6.365803381139464   7.35519894054599   3.1721580426134093
8.637132226908868   9.284739440714816   6.046083352796684
0.6976703587946638   3.216547160069724   5.78099986124025
5.269687692425093   6.943906111683821   3.4911125169272386
9.022198408210627   2.9676426589735723   0.1274605597747751
1.196020232073418   0.3531478927053404   2.4150650550087605
9.117988250131557   4.751927610888372   2.8003489378351807
3.7307520839594437   0.5580034293173941   5.800897730953048
7.0218053414197   3.577553800697893   2.0120787798152153
0.3906095517131623   6.667743281947466   2.6339198399438297
6.263280552378859   0.1446051551713552   1.2584890102778215
9.733351477171725   5.334491076438331   4.218747824950341
3.756859201908894   4.408506119896114   2.004504798050009
4.785414250669879   0.7273840887631712   5.49300015340534
1.1862415386200285   5.896808453835557   4.615282442322526
3.7348380106560297   6.971023672639703   3.5898428702666356
8.934005421149452   8.161220085045937   3.8955713709395545
1.263077180566373   3.7835916311514115   1.5926715429323164
8.64614930266132   0.6396440294188598   0.8649407351970035
9.422390528980168   6.904036006428653   1.0282290522544746
7.162602851745743   2.3508945963173407   2.2805735179940476
1.1136038110896915   2.48424791568453   4.062207543541364
7.862665904335069   4.708163621221037   4.199579371625947
2.1870264053271775   6.349943708785442   2.832341283955646
3.003081260562847   6.521680884520984   2.1168346852717397
6.012577511840424   8.62145337882245   1.7181231661640077
2.984378920285807   7.563435033525688   5.998809943516433
9.317485798582233   5.987534688961618   1.0404244184058358
6.799410921649066   0.960299419745867   2.0140403268068967
7.81643307665926   6.345223527188173   5.709376642158701
5.675792633367206   5.857986326574746   3.6592927773200272
5.0891692216485245   8.492910743808812   5.088093381227747
6.591783389114253   4.651356879877981   0.015450917454240903
1.9202329141308994   8.932480499784766   2.355784477953832
2.3794879637623847   0.6206758893447282   5.554881162660827
3.852702838112757   7.826983242540874   2.7880857185727588
5.738603022136128   3.396011240126017   4.130841381946594
3.3006619201582126   8.613337340601475   4.70608647496688
5.741258405991207   1.0597932727911554   0.0954320607236723
2.9293758219037835   1.6668682573076183   3.241428598001862
0.29189255259213454   1.8084718930855939   2.688277756818183
9.691394463311   8.858942044761388   6.1095199274339524
0.5624648753630733   7.661732978316884   3.055304429856456
8.402913764943237   2.2476859669889713   4.836349586926606
4.915249037059754   2.4609539601916377   1.87579219665406
