1.0269789915382537   6.330179408061971   3.067442456620422
5.150807001674466   6.500473075822873   6.107532763006087
5.572040388213226   9.77130449592183   4.6137224236178715
0.5172636740856568   3.641429359992885   5.62834969301739
8.603841922410929   3.388311140137543   3.5878285967992785
7.023608684982396   0.7944714984595208   3.4298240680892436
5.520365709935925   2.2828013363436224   5.924847343971073
4.34403916022573   3.822764480065458   3.0078888145228695
4.610812241513058   8.73054095203404   5.561726005615704
2.811337812933866   6.007434976786858   1.4708063642340263
6.996462242541828   5.9565940850226635   2.898421541868639
0.009834883023151164   2.6704177212745543   0.9078079391774261
7.774018785808865   5.2125730002024415   1.6201786663382622
6.365712280157923   8.479051168883139   4.495981636472639
7.011238073488136   7.287369977996276   2.1730291425083332
8.690285788359398   6.880440539296551   4.110251220498713
0.1186204171354005   7.10923641562982   4.964956938242883
1.2475544730875663   8.862027118289294   5.584298031354017
1.277050250980694   1.8992673812580492   1.2373607288886526
9.48999826009289   8.313845227864617   3.967492849834251
7.877074600957533   8.882751313683627   2.984938876189568
7.715830363360805   2.986045611377963   2.935436796167574
6.050868674838595   3.1967848227955105   4.066607940645668
3.7299241981666453   3.431961978082556   0.16162424754703839
8.355362000145044   2.2711241493534753   1.5534224641217007
2.538226802440132   3.485382586740805   1.71100731474184
1.2245196311301634   0.9241031648617943   5.759925572878133
5.760158359494146   7.987942504616536   5.982664546279355
7.969595489534362   4.099712149476837   1.6408684785396352
3.8674628160634867   1.3473317594563499   2.2140813058790876
5.000875923458403   2.9117612510102546   0.00015086856795890058
3.627919500915008   7.954218326053896   3.758744236161134
4.525963921542707   5.19468958684726   2.1282784920608226
3.325777704476249   8.837007248711316   0.36829492751407655
2.3440547757577628   9.459155621124008   1.4654205588916647
9.159409924091097   5.702677656328832   2.044422513309399
2.175679351812774   1.7158025127027559   0.028678683532501636
7.975401588125585   6.049966816004897   0.4760282832236046
1.0063343588399023   7.673826063370579   2.54185839212246
5.707555989739286   3.9604537281394174   5.672427749085067
1.8300450491436462   4.453952173040334   5.431758523414725
0.7997250847473759   4.628283774311589   5.809472108400421
6.518948022030623   2.3744772166897716   1.6767954648154166
8.886107702618576   1.403352381104437   5.976426999673574
4.458809472316468   7.030754552019813   6.110365773486968
3.6297079525088143   4.747158391506389   5.984797846496249
3.263727567931168   6.830167872030476   2.811626392889485
6.22497062426716   1.5954822412079188   0.966682221533107
2.625962633789664   4.896466456194537   0.2633749317437818
0.6944171266109396   5.6505562661118915   2.4848540515777886
2.6478908447171063   0.7863006744825778   0.6475057210575079
4.409212071707845   6.127973060898226   5.31509402429847
8.070886033196409   7.6046259411425385   0.35003111506501
9.349656083760564   9.401535482515685   1.2454662860415515
6.435671824784318   5.1316721264832665   1.5646321514278518
9.33427322065793   4.812734513601599   5.5211744176719195
4.0674524694746275   0.030512659812604426   2.7981239788264114
2.7799970364347013   2.3104523999264845   3.1800545281194856
8.084503377907494   0.9391801046243962   5.861422682979956
1.8624775723013298   6.2066610504277335   3.590728006244167
4.999751302565915   1.5693692923864186   0.06410653050017423
0.02749190954245151   0.6601241742536672   4.41094891444683
3.6918160314987913   2.4146570668794376   5.636618635012008
1.366416750179209   0.14053003789191854   1.051337778847882
