1.8232213477356365   7.6270113274272955   3.3708253822535608
6.457513482338488   2.3707337710937804   5.50696954268135
6.945443059228461   0.6588187320401457   5.133041163182083
2.554841426285863   2.6095985240327106   0.5839778103833537
3.9502246130996186   1.8894594696936364   5.121971873338479
7.263552832559727   2.065642451877947   2.34438699411525
6.025349618534797   0.2917211830699695   6.069952512367863
5.627103887040749   1.9308236879781382   3.6511409975111793
4.082984423758672   0.7984352223571027   6.158620786898206
1.1382105282563804   4.97956881239032   5.212524591278739
1.772359306437656   6.427583089803848   1.497402176645085
3.814765941240817   2.9541992371670465   4.371471128863448
8.27171139939598   4.682373328012536   1.1696142211642497
5.185952906466132   2.989602490436834   5.747370108155338
6.880998866911325   8.144417563029002   4.862026492882756
6.686661751522949   5.760492875314652   0.27229910019297265
6.56081641997109   9.555336962464628   1.0441348609101364
8.115822280263986   6.637980396596925   1.560861158246046
8.83439374280697   1.280679195653907   1.4626297171417488
9.232601698787485   6.734449174805258   3.4072160963042335
7.8911469395995075   8.487010735841082   5.502152523153174
8.225744782625265   2.69435250056279   3.900188547497431
4.454179727777431   3.4983280871903544   4.796342967656074
2.4746777564137106   3.951662421969542   5.401201548384198
9.421921739862483   3.046450061207251   2.280089737246476
0.04180651529717441   4.083583903094811   3.1421898973156535
0.36999148177324154   0.5161335444932623   5.373343702822398
8.735813519497448   5.970455039649518   1.6762694857244083
0.8771934801262471   5.734823840954757   1.9039602921878083
6.021994531777697   8.390373972189705   3.414124229245126
3.252343195272617   8.140937467372108   3.424003471306741
6.048463943538578   3.851675264178658   2.6522852589607973
6.264030819422059   6.453049577866155   6.036787871653571
2.6904609891893667   9.015283576860192   0.03687825267950727
6.562682167118243   4.720513261662436   2.948319264328411
9.409667820134096   7.522480800531581   3.440573171288481
2.7665018137403847   6.01356514849201   0.23251111671316144
5.683101351111123   7.435463227804648   1.2990187092078327
0.7019019730480476   8.348165254901705   1.4433935722348497
2.300507678171728   5.126317955794801   1.2253904006899052
4.540697173641471   4.9741948541514205   4.835700937176477
7.436757839354386   4.622881987027554   1.1347585011537182
1.2848940119890209   1.2347110042593437   2.748060551652551
2.1283370105424657   9.707456735495228   2.937063356545129
4.782571272762905   7.556772339892337   0.5723161220069062
4.162432870442881   6.381603989853922   6.022326836133435
0.2786365179580231   6.146742880870751   1.4923258400737571
8.934541478749857   2.338208765697712   3.11229461227849
1.5544610491455262   8.921626997072309   5.818976117969777
7.965737550596395   5.618493814164877   2.618648267933459
3.4581343026215015   9.6420915496696   0.4063574410953578
5.078745156179639   6.76627447159404   1.4602319036120277
3.9419972442332645   7.354928478315535   1.7512641985857038
2.371775521395741   0.9758434157383091   0.7877545389676532
5.195684931617456   4.464614863393304   2.1981607059349053
6.833577908257389   3.704008981147217   1.2532826474517766
2.966830284206783   6.910097575467016   4.143531574765701
3.120986738291147   2.111075895780692   3.6108592527108954
4.31904951915702   9.711319831645433   1.4683259445274581
3.1453133651094856   4.719312349666549   1.490166867486009
8.622619865498342   7.999111896292423   1.314193066286122
8.637945143150896   0.26851761935676455   1.5426361750423907
7.795591761669447   0.7310746032894909   4.449702894287019
4.379723595064724   8.267742659501213   0.6882039405870637
