0.4633934255958689   8.788646780931554   5.078965480109244
4.648270532297405   10.533850063987845   1.543361036413778
3.670355937001877   2.983394116194903   3.586897240337574
10.544962599854193   6.7335938763832806   4.906444066024075
8.183846938269017   2.9710499540328916   6.214857468303964
14.003642624015072   3.1143570695776828   5.552230328178222
8.915659144142207   4.8590830218742145   0.8426550835862989
11.753035635639405   9.496478744851657   5.910313316992007
3.471653092917025   0.7870011402117945   5.495281850977667
1.777536636117542   8.609711907884831   4.492271448972902
2.8138662820381213   14.301508900004722   2.1106229557146032
3.4351325258936134   9.149378875332472   4.083797760534864
4.294299161815067   13.579915821637563   4.978592196335505
5.434692895225798   4.106279458918351   5.4353096298817904
6.820659392642307   8.058909586897387   0.03074914475513077
13.18834753922862   13.581577530619017   1.2616245009563087
11.068053465963962   5.756219930749268   2.7367649396118567
4.943801870241897   12.471368108890351   4.860689417861581
8.808091853138306   12.563431443715036   6.214671778822926
8.378506698284378   11.432847803013727   2.4634406934920268
9.325357267093917   2.7820897631912245   2.66545872464834
5.895511729699651   13.908862613028791   3.0833646123571863
0.9515050197736079   5.610160922711309   0.8894467021898809
9.84051686235326   7.778675979562712   5.15046504288561
10.18504112827947   4.337890539909674   5.894363762456743
2.82668025420191   5.8686530310801315   6.046337413430507
3.2901271603253655   4.8830487315780315   6.098937568137753
0.6160510793498792   7.707807297725418   5.449963942293015
13.449161260191126   9.392930430881115   4.774296989236746
5.5942885290864455   9.381847867579737   4.976674459508177
4.482562589693374   1.7349240761226579   0.5717887622649725
10.417247805853727   11.171369822560838   5.975111490017899
7.590774785174159   1.2974235525311528   0.09071892167180932
4.356745707787945   6.215224142433564   1.5637216092131894
12.179453041545838   2.679637775054623   3.168731247008162
10.548210881251933   9.468722114845809   0.7608176069622623
14.015250552756193   6.027405470630408   3.56676205829363
0.49971711492038595   0.055368795112469726   4.565667626971968
9.404532621746455   8.919161649128174   1.3542116643488902
13.409858637027801   1.7696744618400648   0.6186376248560458
5.575014066242221   0.8955344150721829   4.959593456850982
2.5588669673998923   10.809722379152268   4.9057104735731585
1.6363590232985898   13.281918228114533   2.5407654784422937
13.989784694436985   4.8496324687756305   5.1046426075519635
13.109438628124163   6.980328020851061   5.65483508868159
12.275742666899244   8.356105726324857   4.1905891002247735
6.119197311728938   10.421096571056115   2.8162745578858894
1.768031296991837   1.1060974417273504   1.8571364292749488
1.922040503360432   2.2268397392038413   1.315094813049945
3.41338268169609   1.9447155542145973   4.12392315344546
0.653804488020457   1.430621357327235   5.204480807701109
8.101312481465767   8.752881749778846   2.0259211516945648
0.3618159202903664   10.69957117027417   4.970725906875929
11.296301230107627   13.275920878316363   2.177659542971405
4.817284433441167   8.185897879064662   4.188618331166242
7.381569256644042   12.809927380528963   3.057828505294708
6.0455387944212164   11.890077205654737   0.023839876847810387
7.886899740673376   7.17308667579919   2.175475099042162
6.838245817931038   4.622554566588082   1.4380291899938875
6.750854071542628   5.977195722804157   3.816732875173882
12.947906116818274   5.683179715435319   3.912511207428941
0.20863117185427527   13.219354786797739   2.216928269743046
11.08800853034784   1.3267694175233962   3.5663385797120752
13.02957644728533   11.960609759422672   6.282215221929898
