1.194994713160189   9.87535132815404   0.7626022397703132
7.754668335056895   0.765840788972447   2.5235258240000946
0.4293029105610243   5.68740696208442   5.054684884571448
7.440874794454766   4.948820051502589   5.43906799052564
4.427286695925291   12.427845336206145   4.588140297571882
14.334035299735667   13.485695419421855   5.299038258754983
9.26597749603668   13.638456271927426   6.087211675833244
13.2692295902215   13.72321960180828   3.8850244690980267
4.88248191506783   11.204194918624523   5.8108856322628615
12.912084942810004   9.319809498467198   4.956776784965188
10.985049651343507   0.13205195549880208   0.35544022101416684
3.8449946321097315   10.995072825236765   2.645922155597146
2.0566905608152024   7.653987075578619   3.8773773550638277
4.445771389962852   5.284710975247992   0.4070430778801146
10.96295081071814   6.885310683492504   5.008375251855319
12.506515327760473   0.10282377329769771   0.6406977763601799
12.910731280446367   7.777545002253579   0.7844320562271522
5.190178914173249   13.572269651276613   0.07435121448736297
7.365722516758687   1.7975288394410143   6.19597681132759
11.14800742490255   10.704065356484278   2.7038471773309993
8.608182395909619   2.155306570029716   3.6066654105984948
5.101371774135036   1.6254574441032608   2.7266551300212636
12.626256750636646   1.2046461643747528   2.0915192990925644
12.3873982370397   6.654077952961855   4.633277917346798
12.672071295998093   2.315841006825274   4.499893164101608
2.125710399611928   8.822177662726208   0.1460389684563203
5.485261057658001   6.137505373313475   5.8272337853201375
7.939916811904124   6.607798449060601   4.7234487533002145
11.456091229231268   1.9741353127456298   5.592353650886987
9.093165184673172   7.411223043323771   5.510695674995965
4.235375224752502   14.33009568523035   5.960072166591186
12.02863334526771   13.444584685710664   4.800251234993515
4.307301801967192   2.4303195996590414   6.263730807361021
4.120760865536484   4.03557334275915   0.7785444022927078
13.694213618066533   3.4561339374106455   2.421766039615372
8.728354955038492   12.431136407783356   6.14687467771103
10.038816999521368   8.80902498472047   1.805760801166732
3.0922475149237023   0.6686350160593085   4.317366955861849
9.740401123955147   10.60450514215384   0.9305033152175493
2.2592147855721163   5.454908108322284   4.3165918344338925
2.3782521477394316   4.159994954121457   1.2897450059310085
3.17278632840033   12.71747567343179   4.850284526968327
1.8992340088938597   13.430382495315342   1.4551356074115338
11.472863812625699   5.57168446530846   5.990084844953029
8.52312812056579   8.947469982424279   5.963402659615742
10.902356074768182   12.59465944090437   2.8545850580315157
8.371740637144722   11.267001647401667   4.392321994159946
1.6529624579246183   3.412436018408422   0.42057993388406073
0.9970088068322436   7.833002451159564   3.3156708816334226
0.7458578433680434   0.18794373962301525   3.936813608153116
0.17951694372685767   2.5730039705101664   5.226075387103597
8.03357739807784   10.167291497095091   2.367568355624407
13.530880767807535   10.764131977417744   0.28287492272438863
12.053431950496684   10.0355067780207   0.5830201244513822
5.83840679179327   11.875604838920042   5.1851425048288355
6.971586872764259   10.856779027517616   2.661077434145685
6.0647254699240145   7.959005700838241   1.0294281195368824
14.260128614661983   7.851148552667784   4.359292744280336
3.7224202456253583   7.5702349802227005   1.0917296013033035
5.747979770201198   9.97415709523408   1.9772060378916498
9.379360875944958   4.746637217881493   3.90992781379496
1.9099884545090775   1.959375231961323   0.631911466156438
7.0332713185163245   13.609484344509964   4.846199712478124
12.955784499442583   12.284896529606096   1.6688117838671823
