0.8768341247992131   10.5023216711863   4.473564896763902
7.98512747806017   4.663380077857523   3.459796733341724
12.638036792883295   5.963843735023358   5.671150837166197
4.1413227712095075   8.812697599932335   4.793604564623225
5.161403813106275   11.185758424067963   0.29268407763538545
12.897588665198908   10.730765901593266   1.595279702644555
7.869599555355466   0.9984187618369185   4.427274533190118
10.287236131452206   1.7271076007696866   3.8726839557601607
6.58777352385356   11.494734989817001   6.112043526598473
13.793149453066913   6.613386625366162   2.580866974726431
10.674407626771572   9.88987530799469   5.264871170923178
3.175135050295661   11.071826039222335   0.7945458573287997
1.039964703586283   7.925427468327308   5.343800725753153
3.641424203278278   5.680203296147856   0.14416532878465438
8.717083563848252   7.843520663992381   5.249618129923295
9.840936856197265   3.1592091218346328   6.077595820692931
11.24438004503644   7.4464572709749834   1.2025383218018826
4.854317767920555   13.445641709948223   2.080702405201907
10.323678165555444   4.51931167367691   0.7638436363588349
11.911662420923687   10.292726886176123   3.446957960889799
6.551094540404825   2.6098884800120885   4.213372276946568
7.461280571137661   13.733182613611051   2.936704254619424
11.149356660134753   0.8810135619875911   2.6916839050026073
12.749409949957236   0.6703485498580836   3.8728615037103165
8.760730274682098   2.8593274965298323   4.067499184922152
13.855468676622714   9.586133466485323   0.41724391317392845
1.8890586928170376   1.6704296517964075   1.0182271336751012
5.268638715971752   6.025231060894843   4.298702243109709
10.460441206810493   14.289126951932332   0.7412683771580669
5.832323442442243   4.915474222668581   5.921638982960089
3.045842133144027   2.913617905997158   0.7098089003893725
14.166001482659942   8.354788845589326   4.080326521579231
4.657382775374773   4.416779263316384   3.7153810081796643
0.46802918463756404   5.859787096997266   5.638815355561749
14.25838495058459   2.4725025713055304   1.2187858508736564
6.372227192012207   1.291913102375076   3.718206866855726
11.203327557564352   5.171417995706864   2.516863781823291
2.8295673983432934   0.6974659961593326   4.155300966158699
10.004426404431346   11.934807767095807   5.588107514198609
13.049918485117818   2.1172085144285453   3.81402898615923
13.103986781924474   7.528122265127313   5.401565905718843
4.552044227810942   3.369534774033244   0.29228765698895687
1.8139040195222995   13.689590823836085   1.4700570368517414
14.201487397445565   0.5146341789167342   5.894928992579016
10.592609017850561   6.558275713288391   0.17068202051475537
9.508448573407355   10.877002421989374   3.605176323890504
6.131712660650097   10.35388598171977   4.708970083835753
12.92001313662506   13.434933688834708   0.7946752639168473
5.218382481354542   7.353178564491912   3.255719348421223
4.68714748952561   1.2733565912607854   2.5132949729261544
0.5866704539575105   12.555625591167603   0.36119706649037875
6.779834215917978   5.820678732490374   3.578284007623773
12.613062240181474   8.755672200448707   5.416964240493722
7.661763475380901   12.443657200557322   6.15890166494522
7.509253456701836   9.195090931751754   1.5491107618832072
11.094525770451549   11.552374044888001   3.15577936837352
5.746376877991313   9.272680511510302   3.5114411742926745
13.128606463805289   4.887084602754676   4.020309249077254
2.5392162585972895   8.254443146947954   2.6506419611664453
7.425256304399695   7.726621663048738   2.213666712589158
11.733553424826386   4.082980731014837   3.2121484194482353
0.8891242037173797   4.3781194879412695   1.7256101807879192
6.565345452910709   12.67237818168654   3.177879762385554
2.0662993144923867   11.627510380014348   1.5557014440566348
