9.916426160088204   1.0368276413902406   1.1462641965045055
4.138057806497452   11.571465140021742   5.658495764247583
0.9897979251661608   4.925313238511121   1.554925872182177
8.879785529506922   4.1666078401848194   3.625950128655726
7.2693339691039105   8.621157874423552   5.758251595911251
0.15665889097884267   2.9061957003831096   0.1400055642592358
10.343297578138637   2.308989455171329   1.6119400861398248
10.109705281627157   6.084020832030664   3.6459465784191636
10.791056138084281   11.370874190299205   5.578615658397844
6.334689830523253   9.284564445093942   2.0708017803692407
7.790472919147103   5.914067847198314   3.1512403304133128
3.93086422088748   13.244227874681663   4.444272676561493
1.112031546597612   9.198280074147771   3.7766680924686358
3.7875367012636447   3.5953115025833817   6.108624997654359
9.755441844844183   11.553425053368002   0.6117729578496858
1.120383232997287   12.420208752045959   4.540109780302778
10.399153052547145   8.088257352241847   3.8202876704722035
8.06686002578663   7.345290652980069   0.33220391712992586
13.885195840487544   9.429315294596497   0.08749305754791842
5.998983472172644   12.237500129588383   4.791784700259019
8.313953719499425   0.3636047193300145   1.7000184070844968
7.587496464453981   13.838470867489743   3.7041959905629795
0.7318148690934306   7.960112812045193   1.0188995599993316
11.426855311766024   1.6895827157341088   0.5033441394417073
5.615341304373864   3.1313699877466705   4.044311766885304
13.000815507145264   8.56093692674503   2.435761296193584
13.909462189562632   0.21313793745918552   2.0271563650283086
13.241716502561712   4.881441790545407   0.49588321967382865
0.32215917762923996   10.110202572752454   4.270273933662801
3.232942997778463   7.238798888918259   4.807348069767398
1.9705161320712323   2.4580299604978055   0.6123673131640106
7.168374008295298   12.747999326756629   3.869191850191938
7.010979246274008   1.966815867046283   4.6942752813198085
0.312477034714088   6.036565169392697   3.140008874557846
11.474300745305719   2.855555654816788   5.20706381470717
11.160642581162364   8.983072789411803   1.186707097523215
12.800748958969136   0.1837999780171391   2.143762348982323
3.016965109084019   14.105290318353225   3.4457672735932268
6.000983800315017   4.62798494868109   3.397137097970806
12.458295842434532   4.018192637138444   1.2996441278438833
8.181768879482389   2.9734559954649855   5.308675066582429
1.1062686582134087   14.190755247654531   4.956679586575238
11.968799002611885   13.859152926491992   1.7538864974152697
11.82745371246838   5.468831234767151   4.377366201513148
3.1825164544300617   4.532755876487192   3.0586116102322194
11.631484032619289   6.927491100358497   5.084293311387683
2.2453557228830228   10.114985989545962   1.7397665921644678
4.999476027217299   12.943624470404693   2.0591423103394053
8.219621981111102   9.778455171713947   1.049665756187603
5.066833614396769   1.3831612026687496   5.245029110936806
3.927967937262739   9.929086170628873   3.168656360214892
11.9789940137795   11.66836088816356   2.7177222622231256
3.1062272015900563   9.157510254112166   4.901327996335553
2.736912095281963   12.503003197969086   5.3940387777868235
6.098527565733051   10.565522428126137   5.452044578601108
8.990003593444042   7.9228899807268   3.9269272475500854
5.072843438134516   9.820259186365645   4.294723460335395
3.135619136418695   1.0478929467309872   4.706398739280933
6.042262384676662   5.983820242842974   1.331374362884991
1.7245343046431465   6.055228333885931   3.522386844074367
13.858396320193696   3.952085150587677   5.17651863764731
0.041749384432003045   11.1586450344673   3.978843382109998
12.877617060584637   1.3477341401854115   4.826107272581591
8.706863617730217   12.021180783413106   4.972330900347001
