13.694206379053965   9.175495842067729   5.118485983600334
3.455976953313142   11.634639086445281   1.8576978906400279
5.09513327629529   3.094662124751281   2.5266687820936324
9.232318730608503   1.3693717845682878   2.80282565007681
6.350247318342742   5.937872068985552   5.9630503209258
13.503823248115932   1.7157919323474025   5.899824092049752
7.372359573692224   4.965506216634455   2.068859108781951
10.669284124521923   10.782962831759152   5.363432773560205
1.9117466217864667   12.175403133752623   4.671546292132016
4.147280077356434   7.306124771464179   3.60725684538441
5.448534486661684   0.8088077276851482   2.6619455172529456
4.974938653251986   12.024140351137497   4.793685477034425
2.1572049698761058   10.589546311007476   3.601792761818811
4.34486396772321   5.24955737664784   0.10406919146856364
8.484273543638096   9.638182336481417   0.010298559283961062
12.664125774513225   12.758530733846507   1.1477942975707296
0.28441511742152875   6.036477882718848   3.494313651067093
6.840233159171001   7.804622822880383   4.633770757936469
14.02025925107789   11.967647282218238   6.0975931640832375
10.440075085520846   6.638561959127522   4.276134609815907
9.067073323863132   13.972613515429188   2.804178779376352
5.951297171700117   10.212927362444303   4.220965085019109
1.2445636923577046   8.793908969243484   1.6493549591511543
9.168170648324294   5.676234178052631   5.45742811024881
11.018790710603483   4.758469886675649   4.544290066787585
1.6281113443732824   6.08303356567682   4.3798781096868025
3.28364916304852   4.139088255301505   6.2392742757186825
0.9505929488464346   7.185613218895218   5.485488322531287
13.780534361397699   7.946895779011306   3.807066253302769
2.9706038490269346   8.6092254251281   4.757779354859088
5.037703347157224   4.309437275546602   1.41303318824586
7.986805935527845   13.940064693018506   5.220896629173893
7.63531344607143   1.6339025002250742   6.049215038935725
2.318648175693916   7.727305461776715   2.3613330533789436
12.619999288364943   4.874215279153653   2.669332061960944
10.601106013207623   9.14234679965793   0.3332896634435497
13.126840096360828   3.3616373834956543   5.034375610786496
1.4203009139462548   13.310534467744752   3.6194907884271075
7.95132845422649   6.831645426573715   2.9158630036257263
14.097517889849863   2.8970070928045626   1.2413937190774489
10.732420640301482   0.5594293522886575   4.3182685628972335
3.078583618015123   13.226922742005986   5.902564850055866
13.313962143353839   14.311072932052816   2.2000694274996517
1.0677134439992568   2.4338180062433143   4.67416554910779
0.2022858457300618   4.532538149047288   4.120145706977806
12.629761298697668   6.57239999158843   2.7984382878042267
3.960679739904854   9.34628597466947   3.854577088692032
1.634135600684927   0.9495463277738676   3.4911147533305833
6.7800052004118685   13.156699741833135   0.49814207213491
6.523356355647666   0.17100215761013793   4.889374310187235
0.1469407149058714   0.000936982633003347   2.6706514664109307
9.31804382280931   11.701369602491807   3.0227754626082146
4.251491030172947   10.411548946833667   3.8400261327748275
12.041917920476644   14.33957094430695   2.88181227564121
5.60586005398541   8.504789798128117   4.825197061738194
6.980705659859636   3.259594262385179   2.958271171451757
7.293431942713665   10.083384842777827   2.0549288461532935
2.861202426437424   6.071071524706785   2.500715379080384
9.54212558578636   3.2444604634671195   2.04541273562292
6.34863835075586   4.268561449598015   4.433517490672967
1.2181165868833213   4.987357045061895   4.956989574735454
1.1254775355367852   9.866600468236536   3.5623133548895716
11.12832536997854   2.9964177175106963   1.9891043656682665
14.13197848185737   10.613707357859314   0.2844425111881488
