0.2748945846024909   11.27241162858878   4.702833903229705
8.097414398848251   3.434236818366523   2.7005372251127637
12.119110382935533   6.401738051771338   5.4445782602910535
2.6005585073121   8.887985332179772   4.941799508752839
5.176550117247837   11.993490794959554   0.6420285425861131
13.245491596359093   10.986067712007252   1.4622522612876727
8.680511752340394   0.9956801584786478   4.548308762006338
9.614894689132486   1.5966059442454135   3.951196519032234
6.371115612136382   12.489969160204716   5.360877853253749
13.15921903742736   6.640282515529049   2.246147734146671
10.503206418406462   9.204316525217898   5.004054048686745
4.059310973880577   10.063745675305945   0.5928047089397744
1.6315541565072977   9.562967951152986   5.263932432542845
3.0198961544003526   6.315348959953967   0.700189128632525
8.821088064592294   6.958879258093933   5.10770670982266
9.580704293200027   3.26381571895276   5.778301887901278
11.026836140083335   7.626752776609452   1.220244659203949
5.1098927338812565   13.351929713908767   1.7594625013308356
9.81389491327484   5.118998550896108   0.7660259538163543
12.080089373807601   9.149862340661585   3.143243034421984
6.2591483906378595   2.2370517695548333   4.10066115618127
7.746880191050533   13.645742659457937   2.830459244709435
11.593740540608685   2.023951728275368   2.6048148293932534
12.3556821526471   1.1972447473673773   3.7558158139044444
7.610254177215491   1.3866748018373418   4.2785617610007805
0.3573618805816053   9.781835469319864   0.620737017201995
1.0599585790028985   1.5500612300282572   0.9374197038967419
5.626852313172558   5.857195947914228   4.375252766539149
8.792116731583087   13.17791554751102   0.8396221215963602
7.445126075052323   5.002652774097062   5.563008184065185
3.347018478523358   3.486141653092607   0.8135490638008742
0.11716577380007642   8.323012839983821   4.212717579941342
5.406006111588936   4.744776243391943   3.7449626174986483
0.18534481099360356   6.372435321091056   6.043832350750602
1.4228746569238528   3.538764937341433   0.5728972236321639
7.237027741304413   0.33376943254810515   3.3401156980998
10.990884406168338   5.2759200480702875   2.738915472784654
4.028782770270917   14.301886014396937   4.243076796474528
10.187079625350808   12.980169985246224   5.828200053146133
12.731619827838797   3.5506176103703524   3.6196775769878315
12.516667501975725   7.756942336967413   5.442575869049298
5.155007651071488   3.1206577314078996   0.11296062596099145
2.043512629467163   14.033613763816968   1.7204304845726328
13.56602566344922   0.36695104312534166   5.730829804466574
10.282013347545297   6.4275511445391285   0.03310349261630395
9.329200261577881   11.062359792489078   4.056349117532647
6.494172948133258   10.980111738882654   4.943100029053593
12.171534822620306   0.03216569181126755   1.25095765024453
3.6770739672921473   8.294389493303436   3.666792424691402
3.655532287006828   1.277534909115979   2.4455044404143567
14.109559627096838   12.746701349439343   0.0757715666061172
6.224066132611459   7.2123212430984776   4.040989096773393
13.765015509124002   9.298572355035088   5.29077544108572
8.266153959928875   12.008115088165217   6.216944737187308
7.621220771114503   10.746403248440796   1.9648043453967798
11.563363776415683   12.068404818095237   3.303865541419463
5.41188598558248   8.921924965442088   3.5421301720620897
12.763785774981574   4.657531719960172   4.737650259030734
2.1346334253465162   7.317206082052687   2.5011078460139426
7.827635476633167   8.525306710102255   2.258651171041501
11.437247412126801   3.990132226701573   3.343395350753501
1.206466565121214   4.702939502587942   1.179303279204054
6.261502973017969   14.013948709168236   3.2814091633025124
1.3554723287014063   11.849842532792207   1.3827422144550898
