4.537427235317889   3.0286775881289443   1.8668731237370468
4.413431808895668   1.9945920199416933   4.824522527460538
6.7936420382072775   1.9172867419176944   0.5291219711447643
7.511881006296506   9.140226106079078   0.21579617263592826
7.7620783262171855   8.076782829905339   1.1726108378267408
7.046259997180662   7.211288194317873   4.337093881945019
5.020494403643528   5.607094559290817   5.730185211699376
5.2164570608424485   0.472852463305674   2.263951673022996
9.594125844487497   3.7646249158955514   5.233497951283734
3.2484823241640997   2.8244232245441743   0.09969346324805509
0.7112526814563201   7.165194166774713   0.9989048563149596
8.495557213826986   5.351482175978273   0.8545930934964626
1.2559888036696902   6.08301602282502   0.29774070546669695
5.361832306802018   7.827092544274628   1.0714591695512725
6.511630088915094   0.7970623168713843   2.020430379263604
9.357101965506724   7.360963972379288   6.139863726002695
8.477024445821362   9.292504695538312   5.435436930935544
7.825588529165399   2.2685779572756184   4.803919623497098
8.666507245446763   8.41429808481957   5.0601999241071
0.46383506732700236   3.17780204893835   0.979654915079683
2.7465028549646697   5.63941205881601   2.375664909374057
1.348045622629909   3.271158591106482   0.3973984906596061
1.2882335768817486   8.243172112007178   5.5931814749404625
2.0775291116666383   2.4284080104732064   3.7670915177399955
9.462687269382126   6.463495283039244   0.35802608883148423
7.56674239072965   5.366483975255901   2.379163057468462
4.0412316188397295   0.05985314696960439   3.9200322504109115
3.520604861136024   8.791877602850251   1.7102526430548768
7.490311818026896   0.48040448837378513   3.6804574093409514
2.3643620765608535   6.606121266610547   1.3580002971677485
3.961441618985624   5.576959338277237   1.9508246495145944
4.363305514062003   1.0304689025264988   0.5374815432675751
0.693191978772061   4.215481863180893   1.137649563008671
9.402617268773678   5.512728682223054   1.8556946048035385
5.721853627051065   6.952355374617778   1.487983316844719
1.6629654869746209   4.985622226846183   5.801808097054477
5.42262382092896   2.4483742769891688   2.474530525138239
4.728957919382824   8.473282789234608   4.696494751770936
3.243863729757037   7.3522856270288015   0.3084061631810829
0.1190072887384096   9.552157098073899   1.5399610509182569
0.1328556549789539   1.0393083289224043   1.1836214429812264
3.502418434479336   4.74454131063227   0.6393568852566752
8.609620699178585   6.460051726031013   2.4203267287539223
0.04228477217441018   8.42187904314112   2.643352011089083
6.983565793750053   3.869386035444943   4.083639327871745
6.256149282866396   6.152186471351743   6.1998974918602645
8.996006015790213   0.3539597887569839   5.640393820780294
2.548627030735676   8.076626565078186   2.9201121225864455
5.425166877058454   9.000375691165587   2.236535159379749
9.240265857409108   2.7771952633055443   0.40812255478391546
3.2911958463779594   1.050817849591259   5.6575947076738355
7.356704023912888   3.0320566743160002   0.5087367432513296
8.513993872401523   4.250156205640999   0.7881963797560151
0.8044284865731324   1.7937312075250667   4.926075371891382
8.681483170200002   1.5003758492145012   1.8007495044583706
2.3258759941128293   1.3732209582023471   5.243622007323684
6.20783336903352   8.489650027010955   4.962116192174988
3.434855705626582   6.489576264630139   1.0449006039624087
3.58898701227455   1.8979694287007032   3.023687508411133
2.4450391691478774   4.628443839396618   1.064726545172951
2.188045648481673   9.325251139769344   5.763082589681606
3.8022384612687468   3.5912869110029266   0.09506962295281621
3.0994411326182774   9.674165294541064   3.4191895623446564
4.32578238592587   7.694129152319977   4.5203892638252405
