5.198800081541238   3.5801264806013644   2.834287685085352
3.8700908654169166   3.1501977563162757   4.527332522654878
5.727267564927834   4.3751554038267715   5.754262271386259
5.826006625087071   9.258074635418982   0.6198196005924477
6.547153339586345   8.339614894953925   2.2237717236205294
7.093615157691555   5.388209175622748   5.070682616352921
7.975154475832468   2.121567859960633   5.261784200852013
6.251048771865556   0.5114494986585558   3.6156325826731956
8.846704000045587   5.543140584502425   5.497816955740242
2.1252310412587723   2.4345544061343776   0.5154579511097932
0.5847705412725558   7.329547723973343   1.1086678427964254
7.526503214224285   6.906313056727685   0.8287097534563425
1.499814815275927   6.748033949092427   1.2374264143077138
4.838689185796299   7.1539819501977675   1.4399161418321484
5.500090610509486   1.7717239276178802   2.3465324249288937
9.5637891306057   7.219508195385329   6.045885861144846
8.98340249488064   9.335806749226803   5.857907048275566
8.838331760460385   1.4226954983589675   5.306749854752873
7.390445986165584   9.428049360541294   4.415410941783128
9.543999053356137   4.208072215235887   0.5623252547361707
2.939084998758556   4.020215070651141   2.2030493511699074
1.016018895159748   2.9602641752311865   1.1150336902237226
1.4383302722438291   7.58636207038108   5.694042125888177
3.776050535850008   1.6313106380940319   4.096784508276669
8.929681006688096   6.393226744255799   1.064710646694751
8.690218957945548   4.461993516225057   2.9894413340862025
3.5104768750443798   9.088198241209842   4.475462528591175
2.133208559029347   9.637348254135148   0.7553926796936888
7.236175367377895   1.6249985491974097   4.483501388577427
2.4876556670203525   8.630459857340032   2.443830304229901
4.51124569338735   6.1266665697560025   2.3288045209013117
5.351933673716214   0.4510944663216174   0.9286705644668871
0.9759799461365725   4.532749314148434   0.25632984129797465
9.762181398716645   6.317664702493673   1.1646270001386403
3.5051051248087512   5.879098679651397   0.30558145186599706
2.3699224031624797   4.7904243075032555   0.42975648554619006
4.801118995504576   2.81221973020964   2.570296435517255
5.726399772494718   7.631528230371816   4.938611602357272
2.4858681335126027   7.520372041119063   0.5234953565771496
0.6190070980709476   0.0602244853847525   2.884546605429473
0.10868293791321962   1.8267041663058823   0.0999933447406445
4.438704645645215   4.898275384524825   0.9262488228096198
7.429755019915769   7.825289124539058   2.899916901559256
0.16760052768202838   8.81609664551453   2.005197947048112
7.917852612039484   5.485031851299967   5.6924561791367605
6.695181825040397   4.423957841612044   6.069238981559431
8.005044083929565   0.3994810086891357   0.30813217906704926
1.4803037379285549   8.577015845217854   2.8028047951963257
3.9460338219397357   8.111607065617633   2.1101367047229656
0.004890172588426722   2.7675847601472405   0.43279097502382524
4.700992617138905   1.3579990182215085   5.519500303298185
7.721637305764642   3.6373157243259917   0.3047050914080054
8.966089555644604   2.2661282242696195   1.3929881697154536
0.9586274200753427   1.9385342388815556   5.802180583112134
6.567754354665849   2.295382431986086   0.5100855317340122
0.792529850183424   1.0107902469412737   5.601180256636353
4.359865280236523   9.222850700782033   4.853713894945921
2.598888858187733   5.701390310699139   0.12692421671329088
3.0314908257129183   3.175802318983481   3.2432719881062133
1.8485192531514503   3.725786001234777   5.219031837932876
9.236518590139426   8.22991062789715   0.7615971139471097
3.858585610726702   4.114785586023896   5.66190110249533
2.717176915324458   0.5649916211520136   4.752190048123035
3.7888173792258346   6.788476178040914   5.263051440265498
