5.0073778544077845   4.715248331775785   3.0258346894401886
6.385611403143138   1.751768467229673   4.753170271563578
4.185264355424339   4.426686875854054   5.04239723635575
8.457980569113806   8.736993760310149   5.940099312647484
5.245634057797099   9.16796558873918   3.201688488088223
8.277309777881394   2.342944654871938   4.06958234810523
6.502995680333635   0.7676848934927604   5.429563341454592
8.844366057616702   9.76947641983025   1.477337816570706
6.928220861193569   6.750716769799922   0.7896161719224548
0.43803776382319365   1.5386031476910222   1.3368637500833536
9.749648764751472   4.510021866101405   0.9457927252023663
7.291031610331776   9.078170702294797   1.5270486571615023
3.8839155976891604   7.898826643105883   2.2600432595467406
5.996636205174314   6.360488639614872   1.3869135367876204
8.448839858520955   3.4757864640779994   3.7211701779462087
1.5765373762325285   7.048128004396782   0.6432076904029826
1.9840753912887972   7.9028061261892235   0.324929400476646
9.150731934467263   1.4981690460213954   4.906517457976648
0.7525942508086636   7.851743757731716   5.181343196798643
0.7583355754636789   4.12976245979504   0.012066677909865375
4.0986654490147085   6.125970862201984   2.981104326151388
8.939720970114607   5.135313737552928   0.9003196062629748
1.187589886415965   5.053506298276052   3.5292428696898557
2.1204416844795766   2.9172915082122604   3.532581871829882
1.5559592475794903   6.162824064302252   1.2148705372009763
9.383468732791176   3.4663945770153846   3.8870149209744023
3.202077990705363   0.24834772974747138   0.7043194530418723
5.114677368913371   0.7343277888207765   4.0073398616489335
6.209955482987421   9.662322480909694   4.393909760604133
3.2976946475536644   8.637734795130342   3.643015782189616
5.084729583712886   5.746593938677898   3.3065444007181872
7.638536710180342   7.363805317689154   5.780040398548271
3.619260397289523   6.943771168690475   1.1684160867743003
1.5777289401081789   1.9018883072112924   3.629531505177947
5.917362209962935   4.4642583175118595   2.0778781954292396
2.740802637343146   4.227205138181956   1.712912255730254
6.382531837563049   8.763031576121072   3.515298449197847
9.731914982049933   8.763480692544414   6.227327132500648
4.903067303315884   7.442171733805386   1.0840861747398696
2.880956583812912   5.197161782602323   2.5424634491878186
0.42247617892146666   6.281689961759868   1.8325440468329568
9.553608853898595   7.040118022106449   1.5245681261129076
0.20373233083513145   0.5442177537266842   1.7124004162515485
1.6003063809111204   8.834395609631597   2.823335933981045
7.240022765297773   5.573669867557668   6.2350221246642095
5.489592114447407   3.16006596560602   5.649793276944429
8.891226797637735   7.751269737233618   1.0397479428663308
2.6623976485870617   6.256673424273838   4.909956092446009
3.5754591101150206   3.780917315574234   2.8857574833289763
7.34108607785929   4.409917000317523   0.39997927913600606
7.300945703852922   3.0253545614980584   0.252131494023773
8.002057130724559   0.1209925135645262   1.409179992509268
5.331252183999315   2.1016518418776844   1.4649388634249045
7.5724942047038075   0.9776105067667656   6.103948798796077
8.383691281054027   6.445520047276509   5.460746022417961
2.6220028815932257   1.0643868609320521   3.3846480534878496
7.34302547255392   2.0783518782304657   1.0534246602510922
3.7155423433318946   5.282804383630036   3.3235761133332566
2.2549267295550406   0.2708322486585255   1.894679540467679
3.640903940027619   2.7475690461816633   3.248083028828215
1.4646155267708783   0.7485893943529023   1.7969312286860382
2.848779361067987   2.003953468195392   0.28305204318457966
0.6902305313854942   9.285974295193304   3.5431632548596896
5.966553279081628   5.48207237464316   5.772414042196468
