4.461901780955522   3.921127768675685   2.3802612208417897
4.74054854364532   1.8996268463646684   3.870832493548063
4.521463953916193   2.9654007342863076   4.057988940089313
6.491168392623091   7.156683180593886   0.8891544813224906
4.292252887656888   7.241687072998719   2.676482251336193
9.735736961734817   0.9593093546188963   4.158756729302355
5.759931682288631   1.2569219545661956   0.4363842281065069
7.507845249443597   9.613421993082966   1.1954809315198829
9.21512031539915   5.817609587636281   1.5088796164399567
1.0520955339300455   2.536282765097137   0.5837127795916692
8.424053199993747   5.206115304781206   0.7672872705457016
6.681517509382984   9.084112840751175   0.2087927551534247
4.64711959385173   8.54191612478537   3.8196503624086944
5.543914080978776   7.593420198551187   1.2647969342568413
7.2361105017969045   3.3092647027472544   3.687036049010958
1.4759461848263076   7.820181454387088   2.021743757174517
9.412156439962036   9.288504379302678   5.935349154541564
8.499344291396714   9.371345150412019   5.494566684511938
9.480313097740543   7.951714662556115   4.340450658128401
0.9737331636311141   1.579505003946819   5.582229251953848
3.7772754064758955   6.407758804893915   2.4765893047245435
9.534890655469969   2.762474045985432   0.8764452499723544
0.7649337657729822   6.381628631712004   4.843637553794129
1.593118126283994   4.439723764800166   4.1149362765285336
2.4277967880419498   8.329146861089571   0.8754106746729071
8.48119766576259   2.294105306923192   2.706763114952073
5.3362079265349545   9.114687027904077   0.721928786302258
4.819990676970452   0.4603948558974516   5.8296441277582804
6.992622193618694   0.9470088726730252   4.346086575738687
3.6421288062154358   9.222025666078055   4.32401115257294
6.3543093052649935   5.77415549289329   3.641704460666411
7.483232299433958   8.670757851994157   4.419805490509482
2.363732014032669   6.1664755834926925   0.27710457306645286
2.343938989228077   2.2476533185673766   3.198309974739922
5.632091593283567   3.636036181834962   1.8521178236391749
0.4051358543145548   3.9088523502489045   2.1190211668529
6.437453252370847   8.060130745323022   5.04492229788304
8.470645689815898   7.117886732541109   6.026436953761004
3.318748822256905   8.239341243537691   0.9603414711337633
1.7486954487134994   3.3684378629332903   1.7376393407137627
9.318147283546601   4.538140450563623   1.5461237871430376
0.6945281527217426   5.481229048916267   0.8729753858566544
9.465897806804522   1.8099240203125326   1.154793048881919
0.5276626783845897   9.06343316557716   2.150924211694278
7.132865945079571   6.302583513527981   6.1028440769791645
4.933533760452166   5.997687718059836   5.700621271399932
7.133068439440586   5.346033637801535   0.5557063106631804
1.6365551142406933   5.55923387492965   4.717148526715051
3.044780022896431   4.03751259022199   3.533432418746529
6.797208303225551   4.177859950624174   0.4838449359214034
5.728325188819851   2.555660171620298   1.1895219185808648
7.621017941277393   1.7636054281263882   1.282455450098117
3.1748769941458446   0.897185116353229   1.6571928181547946
8.259236327849422   0.4592304261677373   5.474046268580004
1.5367265227154956   6.851911166031122   6.2124081860454865
1.8668694153389487   1.1592661901466066   4.151092056666597
8.922389253622512   3.5765214971955914   1.504658760402776
3.1742291753896925   5.468084942107894   3.132825819298818
2.8329758178990887   9.655041597889365   2.9269751713906498
4.099818668126509   1.0400441568331429   2.6721432392148765
1.6248024291791232   0.06488307461345677   2.2683321276991304
3.7242099677858786   2.5607545409591266   1.6722190943425292
0.7766493802617755   0.10200338757680588   2.8005616647996545
6.343379531619548   4.915678085572772   5.908533223099791
