1.2560793251310465   1.2580835922385945   0.8139454103921709
2.991565051560145   0.9495719713471985   4.495759527779697
5.7651285835195125   1.7775052083436549   6.206342443891322
7.795321602534608   9.738377451988972   4.985099445961666
3.1431362941558225   9.448984876206817   6.250213697161657
2.191228050813818   6.567378539026227   4.471536412589226
7.027072910758607   2.439202614044485   1.296540159360101
0.20199535979989525   1.0110337531001963   5.133525870326007
4.897823673491054   2.451968856029372   0.3798298147989545
2.955474282606062   7.5221950830053075   1.7532556607826042
2.6041110794854974   2.5384288364716046   3.5727742867112724
1.4654816715849348   2.4000249015330053   4.925738404753598
5.210468521977564   6.604659210325279   1.7278760941510125
8.555271872416078   3.6747211036287446   1.9972888557534705
6.786524635242192   1.5723867098872788   4.31665728945409
4.374007599955574   4.5304134735599995   4.844176058352633
6.879011546747899   8.957337610341094   1.1211034513275655
8.698046531803106   2.6152696679410887   5.33549285811123
5.267640679655697   3.4532674909875634   3.2326261396028255
6.407819121879636   0.8589231976618229   1.2108642623592762
0.03651626896738591   9.01422037103544   5.434922023577105
0.7037606466635005   4.562032616324602   2.0238916184828555
0.5450770931308361   5.60752475848812   3.743588097368324
6.7555122633335944   3.4715769679618678   3.3500863548954056
4.535353900686065   0.10334255296128525   4.824169289300025
9.264905607449796   1.673960796312599   5.749825364585343
1.8550018555273546   3.2761491111023564   4.27153573786044
6.3315808415255335   8.12898790695492   1.5054406870382977
4.511067200822868   1.4100984091086886   1.5176490601865273
0.6217315583546255   7.6610629354168625   5.048412960161497
2.97547489851001   3.827302725679573   6.028873821822805
7.255189378429069   0.7102807066193129   1.7022080933474715
7.865289321384865   2.9171311866879166   2.151020353708974
3.370284852685051   4.683153941826136   2.2868646083689104
7.044596362405088   5.060510562625824   2.5191859585303353
6.053692273399052   0.025574078860051586   4.290736430429103
3.7380966334580763   6.048081502652343   6.049077535076412
1.5494746975414415   5.635040315812996   3.1859336611200466
8.090420149864217   7.806628414056762   2.218677407680327
9.600128066369914   3.9748953326907466   1.2323547939443822
7.975453181491248   1.1271935536626894   0.9763198545498084
5.52223793248792   4.666875585389944   4.837517385700262
2.5240654379557657   5.63185344426647   5.958754130355685
0.15326162476316119   6.969615406200277   2.7763298420148317
8.63143155332536   5.089315502829869   4.345012706080173
8.59320916284112   0.6267739688860177   3.387743995470161
0.9518963166876818   8.755195079499531   5.512031732898587
0.9599079552451895   3.7504785357219155   0.05533871357742268
3.3423325492547202   1.7349297159064683   3.2854945658478028
3.437471607132951   6.878937835007783   0.9667905267906879
8.996840851591259   6.045653255354913   1.9348580183412667
6.38628074130622   6.111309336837467   5.453069057031132
7.90653872238431   4.73631596062027   1.039904071815604
8.778290774907006   7.124646854942241   0.4076218451231532
2.345365433036972   4.46421954918652   1.0989767935464732
8.854758838284212   9.066710899778238   0.047902409408087016
5.7756387877756294   7.452672660385102   3.728262796475967
4.184967725671468   7.452093825546045   3.277530850224258
0.26874694281560174   2.8800079247823276   2.674607932557209
0.08746382218397819   0.047326344511177676   2.5444135452273233
8.971904959922108   8.03094049740546   1.9159411177752745
5.420232737890956   5.753597016009703   5.021499807371407
1.134124586804848   6.550016264645087   0.43197071540321186
2.0633666581762204   9.649345326894236   5.241193175434999
