3.21677142592179   3.2409470398602283   1.652565464682556
6.043395469871075   8.418620422299997   5.567842758639984
2.8312764751052795   8.314814856773905   3.351474852765498
7.929084302663398   9.190985178361284   1.3301547632326594
1.0907737131415183   3.2294581378956817   4.817901374103855
2.362181334962747   9.051662584035203   4.887969726608475
0.5661740236362277   1.942257197532628   0.5893715713116215
7.72819457272733   3.4525950768765212   5.298012793703365
3.8138191437603415   2.1193903765752227   4.228643671151769
5.5103074736106175   6.768628110616381   1.1489470939972086
2.91947845194846   0.06468594691685325   2.5191759533489884
3.7369684771269007   7.723951168286411   1.4231699807895748
6.114322398193378   9.505790326204368   4.824141849184184
1.7389338213343788   6.278804175391147   4.55455348449044
7.46858790422939   0.2842975012554303   2.151396831088939
1.7432448232435098   2.032223681032348   4.329679674119278
6.976957192695412   1.0690124130007281   0.003600669846932192
8.154551504565257   4.361418700416706   0.2640625946237893
3.500873422664991   4.106071850262084   2.3929382315406684
4.040808626243504   9.754854552106227   0.2420540530503507
2.6275456410647604   6.448385243792921   5.8098750908024055
6.83969478314838   3.2228887390770518   5.701933848479277
9.22613327091695   4.224953012853289   3.098644901315754
6.861385055827559   1.8695743810465322   2.947819442263701
4.539227694164477   7.6111693756262495   4.010648902750772
2.041593161867164   0.5385680980016213   5.259520630691428
1.1840756923054112   9.150374706626797   0.32698297907169926
9.15510099845727   2.061264558838515   3.4692442760390994
0.29908381660780925   9.157822047952207   3.837526610220422
9.604001428616408   3.3925037291362163   3.808234623495639
3.4172912010063263   0.8800538349732094   3.644574015576929
3.8095229439584632   8.842820013311607   2.3040356194697122
4.771265228918912   6.312851485489844   1.8988036475320225
7.442606346932598   6.908511139098872   5.54510107960562
2.237880977508189   3.8090609867751306   4.671535325792661
4.832300096492199   2.4645659598434975   1.1325256641381927
1.8258265093465844   7.158979558229191   5.22555934784616
1.1492293504132807   0.1189469313777535   2.053120804238136
5.828436401889125   7.521567699143966   5.263860798313099
8.627408943390314   0.4926936456560808   0.5494262712890949
0.45251894618292837   4.412287140505131   0.16219211262811006
5.308676848230742   5.57206108794872   6.105166359717132
1.6978937701919492   5.068027150808496   5.315249662482814
8.983368528650502   7.588030385674196   2.1032688228998926
7.247117043482335   8.26019996681332   2.1127245271584525
8.874029961702933   5.169041069037641   4.4593804707608555
0.0036326837473164564   6.255632734080103   2.7051499031514554
5.060144576014949   3.522677010627043   0.37269022513870254
9.19117292488937   8.836628011024985   1.1112329106244718
8.139244407055056   5.886922350918532   3.9350622807777644
0.11272074214316058   0.25401340056393484   0.7041227206122908
0.6004513101804586   5.401027057378397   3.1474535159186727
5.115942417102789   9.137742534643797   1.0250260164166205
6.537671407202386   6.78963079901425   1.167270768900408
4.942834796890505   0.23452060851312595   3.3165417936015325
6.132343374126856   3.779366502272997   4.979201138639847
0.43700876919806475   8.15032918128373   3.9878786597272
2.5599655957872214   2.5033135614000566   5.970832431031412
8.455525115577988   8.36030895870803   1.513965069106598
8.162682164558667   2.5424831080287182   3.5668655918656715
7.44200504394513   5.058338551947767   5.356726694260513
6.657687737564262   4.384825968188735   6.119526613089348
3.351921961232116   5.943792750205084   3.3302163286494992
9.442700514474842   1.0660187354591486   4.524043849768073
