3.715048659026455   1.5070622462539034   2.3819391799109866
4.510986557696787   2.790314711925051   5.150132865026016
1.4348106259628737   8.86238318151945   0.8619885227377562
8.135624498966472   0.44897165496581687   0.45212575941660205
0.3261690798623397   5.796207620292428   4.082435503076941
0.4757052959653849   0.033950994376745036   3.5926827188633514
9.626324695255596   4.4074033658373155   3.0456847674310215
8.330871939478357   3.5614238288718494   5.600329525558283
4.486918908142945   0.7662149314794406   3.5785223699041118
3.8604189495692   6.675615917976772   1.2944921873596718
4.937361923595765   7.518061587508653   4.119652132014953
9.166162544621438   9.1993155591544   2.4347276637282516
5.837479019615577   8.27551926121945   4.694067684135424
1.0367524814142837   3.3131433949174407   4.547635052078039
9.026615949045997   8.305110007769057   2.392365209474715
5.174049844006391   1.2069050591646349   4.659437814896536
4.434079702762902   9.707742081077276   6.2249509846762585
6.562301642061225   6.847420330503473   2.336603559329524
7.7713118145925035   4.2120677652381895   3.43881652832824
3.8242724429146846   8.956139496208932   5.371957615862131
3.8428144944851685   4.603784201609447   0.42157360452381853
8.117467408375088   1.8215726867767983   5.048434182142565
8.59558572092877   6.229318779241754   3.5486175005293186
7.245556973943948   1.5654017770589292   6.099621004425379
3.332946627709457   0.2586545657268554   4.810138440735666
2.4949937572644667   0.0032449844271233985   5.484725641156328
2.4324591035590917   0.7443701741557955   2.304903426086128
8.937987746861186   0.17066648042819066   1.9909448147414615
2.7790539379482606   7.99569045960812   4.686733036422723
1.363851296141319   6.074877217549302   2.295846223176119
2.844033074888464   1.6167035974430726   2.9023919185586537
7.552543990063658   9.66072313487748   2.7622293148532697
2.234530644788652   2.4599673401000253   3.1844005086477045
4.7560276581102325   6.402284788868197   5.359664868738674
6.704638518485938   8.067555443514575   3.685236225196313
1.2144109296519952   0.34631079077514615   0.48574803379174825
3.5596680794816016   5.845321153106072   5.866057044570661
9.205085955332871   1.5605010667987018   2.890516700918134
3.7442204496092333   7.875861513380671   4.905344282114851
6.500016305323671   0.9230937020712955   1.716826205866384
2.4282091809789668   3.567891856388236   5.038878687935355
7.490102327496768   5.905869489391615   0.7682980851984093
7.446266624670672   3.0364882419459525   0.48978771859914133
8.816731866160833   7.218688047802734   1.4541095336105745
7.537162437229664   8.050066985718885   0.8840479937745925
9.214302389203453   5.129181361648018   4.047428922590733
1.2321413875255234   7.8014868551300065   2.637204319874102
4.987790779758183   5.139025821565546   5.678953328292867
0.07734832793578938   7.546399316523963   2.556562107064352
7.364858801127624   8.770699021691755   4.791913348330207
8.592667949667673   4.261480894522178   0.289222016782
6.340927551313282   9.243397861940235   3.2789297059400884
4.721417603340232   8.741075821195423   0.6662034239108561
8.28193869646981   5.074662378851098   0.7695456716402164
6.466561581902991   4.675848529352066   6.013493973547295
3.373928322995343   2.5226410668965764   5.291568478735438
1.8838323059752886   5.432404712776896   3.086881165174491
6.036993466567394   5.808635353201939   5.384874570670505
1.5893963034848235   7.176588967183957   3.2793652784636964
9.252010230089562   2.414862534436202   3.08078371196411
7.794954779340669   7.068162433243946   3.705298806533768
5.86541862305394   3.476813391390759   5.597587648140714
0.5740865559583936   6.857583646963566   3.5413734322426333
0.5953939332925192   1.7126564341280734   2.892456225220028
