3.006464984947848   3.107520477191924   1.8190632078729663
4.815383500594838   3.2590916755980284   5.371574183011942
2.0740256704580107   8.875108914740101   0.9051676498691105
8.16181510497956   0.9268815254927993   0.7484179748781253
0.4778032309514735   5.576670122492805   4.601163193736113
0.26953472461539074   9.746386340162294   4.0035845148133715
0.3711329464595227   3.4200326238307692   2.316389838477487
7.618942170505908   3.0847902456386587   5.44837821924725
4.3739146057637095   1.2393941016164982   3.5227038454941155
3.3779359031109237   7.0289720226886505   1.6333237628802448
4.886494596686814   8.44348039271753   4.305363823112392
0.8958733781009699   7.623468692684064   1.833561391585122
5.898010372094062   9.577567023959318   4.552785334745284
1.2359837089621564   2.9802953518140325   4.611117977588687
8.714054936054133   8.130548982457194   2.296105154648227
5.391351190540069   1.6500877801367244   3.61746089445195
4.775212105787548   0.527091319371328   6.097352240568482
6.844253242505717   6.399495023471639   1.376638036010476
7.715279124736664   4.010242452056451   3.410204626894561
3.4089765664965985   8.923391554592765   5.504517316251455
3.4810549415325913   4.566115773692866   5.706462135777392
8.141382555947668   1.8392423102154316   5.179712576782812
8.725620502871791   5.628938026654137   2.948845795431181
6.287029484129189   2.551039816912903   5.153901184303121
2.997820248777972   1.3118007710600734   4.462932303870742
2.6288112257898844   9.69649073961616   0.06587130105030514
1.2320813734287512   0.9508796792822152   1.886501747978952
8.884561194662044   0.45943518850769194   2.4617823863352073
2.6129574901079984   7.864644358129212   4.523859141628899
1.27938748459029   4.768532757576494   3.4751228533903005
2.5148132091825555   2.129366757051265   3.095496076972114
7.055046245351201   9.775307121096661   2.534850539671232
2.987324482703662   5.262819387017455   2.464012321112043
4.517016385307192   6.01151700845039   5.480017791007078
5.569030911621703   7.901278585864824   3.6060411893461124
1.4479550539736716   2.2234953284854306   0.5222956009809598
3.154807217706402   6.067120207941334   5.463300544274331
0.047128605165023985   2.3802793973503404   2.825214954936838
3.9957579816662374   8.273190420957846   4.512441646438205
6.429298113317868   0.5058069341094009   1.7256429560450863
0.056270683774305774   4.55906432787104   5.007084377030981
6.234536813466772   5.403872917309349   0.6171449730665006
6.872769317411519   3.601917424234633   0.316509707399226
9.054059935175141   6.796957649630697   1.8597304646092028
8.248861096191803   7.307505814484438   0.7689025121489828
8.929606022098696   4.595583713572549   4.302694146184462
9.792365940569614   6.467431626914912   3.0028879206148935
4.8159007090977815   4.949168168426305   6.25069876834212
1.440911557194507   0.013581591352194167   2.237586995289762
8.419536640060073   9.422548768340553   4.6813822697212295
9.070081168999065   3.333302880197253   0.4770898786031766
7.12291442036753   7.767771527430801   3.333261163321129
4.550528455716009   9.397398431357296   0.9006587675681026
7.21641631811497   5.2228746496237415   0.2576446076577219
5.982223917395854   4.511955933975365   0.5760643414825617
3.820137439825972   2.8360156054315753   5.114371219660867
1.303854387140387   5.637706211470059   3.9251946172227345
4.335336149936337   3.8783577357003156   5.880274190218187
1.7720820585554775   7.325841836072594   3.6025303111178437
8.890286374598151   1.5383432160613923   2.452687008332669
7.876874946059136   6.307481654105073   3.648474268177762
5.945443859522229   3.5364758634141378   5.840803386378014
1.1673030269852664   6.452464055555176   3.796662475857343
9.791284264680318   1.4808726496668028   3.361474774158284
