3.7028824027995917   0.7014148384436185   2.7786534509462784
4.585230992799125   1.8495938923395536   5.852566037271089
1.7542836979758178   8.855573566731016   1.232562349860872
7.5067832588618035   0.40949184609529204   0.32489009835778115
0.8211023140367459   5.702504707355471   3.68228891716989
0.261823071488984   9.673538537131192   4.109979329280531
0.3339387412544763   3.7511414694162224   2.790521192267208
8.201578324796143   3.112875742959186   5.307814544032782
4.7831061548921046   0.7986388882657817   3.591449563763518
3.750697833189938   7.17621406670168   1.147193303571071
4.886642956543194   7.567122310849779   3.6972542205003784
9.154496337717967   8.853410786216584   2.7117441861471168
5.497026896279717   8.369068575720421   4.642857389725652
0.35469964329596876   2.5622935353391996   4.949666286989332
8.635597269814173   8.12846451788002   2.68894816326214
5.243828941727781   2.4070605625327173   4.467170082491117
4.434079702762902   9.707742081077276   6.2249509846762585
6.182366437905453   7.5127755153173466   2.4917834810359896
6.89787302621703   3.856446550009816   3.4554872585638132
3.780181065742546   9.077111432911002   5.159328888149216
4.10029444817493   4.454594803770384   0.3373773249272621
7.6486101384707785   2.4089741432073892   4.7438335087260075
8.785235542505276   6.5915119121839485   3.309407288446688
6.043906656178317   1.5094761020328695   0.1329860479834326
2.791474973699919   0.4284287329300891   4.870045941574457
1.399299437611111   9.620549372894645   5.722397329656168
2.1642878865561497   1.242864275607174   2.4006699554859403
9.233421654410185   0.20297723067876877   1.605834249148534
2.621174641497279   8.085362027612991   4.447445344279381
1.854927572253123   4.15734945194863   2.2473489241772286
3.4248994077363566   1.8760272381171461   2.6644769399251826
7.312698095083036   9.50170103496791   2.7547841010926293
1.5704871259048012   3.295576715283217   3.20300999745363
4.941017284574624   6.495086411589319   5.909229277324382
6.326860542107934   8.457424005842476   3.4937897190572462
0.970501233867461   0.6732913585377414   0.26771424369820973
2.972099266727761   6.433600203732069   5.848151085837565
0.06180270988531866   1.5440101197019689   3.386314600191577
4.061078555336713   8.155528012627126   5.268209164319326
7.500592163533177   1.5141611184812789   2.4064696071299356
2.3808877537993123   3.475791272231332   5.638499608702984
7.493184321146429   5.3926052001625875   0.7554929819924399
6.755843450998933   2.3244182993564126   0.1264404833029752
9.343702081700188   7.226315079930462   1.3266940986004943
8.032613348340295   7.5103272493534385   0.9397551472891773
0.09058063464151367   5.253301595528094   4.317381921207653
0.1889342833378005   8.240586984208116   2.2001338340659227
5.0349807519900605   5.637993954869336   5.576813038963286
0.7454938287923101   8.924104479978167   3.072109645610893
7.928149982037541   8.852199667274357   5.452634341623191
8.682883077299923   4.096744454100505   0.6799657123058267
5.774756250762213   9.703779820442781   3.7032699057794316
5.030917059192608   9.09829996193191   0.5535552121395952
8.500760338412343   5.787397638254046   0.750528367982197
7.043978694360155   4.691418364977318   5.963414412536786
3.164229378173161   2.9947859218575483   5.511364603126713
3.285415887927392   4.666798667125841   3.901399633650972
6.171571431144123   5.742707030339125   4.875359405173467
2.2767916541124023   7.070805602152741   3.3648954642217292
9.395074668498268   2.6056932612819783   3.099387650328556
7.550787149558664   6.3689596633673045   3.651209376904261
5.81391663203955   4.830066823252158   5.862590539641438
0.9528225399487978   7.379088641627116   3.4963120102345537
1.2049192460711633   1.4105423001088504   2.881159334327004
