10.858703918073951   1.865870187009902   5.86589217302554
5.890011720828425   11.727787325533823   5.203503683788909
3.481034525914181   11.120831819928382   2.558246912573998
5.410051773101257   9.521681321769062   0.7138817695213622
4.967357854988213   10.609104493000359   0.1770818321273775
10.728956620092392   5.914784702933849   1.0304284615218775
13.248922935213825   6.182478520768036   4.876168006223372
3.256614039736683   7.942650451887451   1.57976289571663
9.686342885819736   13.280974058584063   1.4910931286319582
9.369337626612394   14.34310783318202   4.647215725165487
2.686913347478827   4.1369954881890205   0.38187281082451363
7.023169752749289   13.57219117499821   3.0958800523384986
13.316933163760737   4.168077650983556   2.0210494330644635
7.643405081575041   2.465321297776385   0.8539679047044642
9.005032107502581   12.414691623968697   0.42190031067701483
7.0952670647968805   0.22984826242954104   5.190913253171483
7.156762013048356   8.997757171773618   0.5486833538352603
5.631200621208016   0.9762969940996868   3.1256402508658394
4.047148584835615   14.352299581439206   0.5033050741432218
3.547800317542382   12.653477102790932   5.8573570807433715
11.243182376699616   3.3969926457592603   4.498182768229598
0.6916836086742281   2.5106442581394353   1.7462187557273998
4.730777316121715   4.4948905155439   5.037080121797146
0.09393046318107068   8.58089672208115   5.436271277480543
11.495411911675369   9.412727396510101   5.658813466765442
4.642300414539259   5.5318736951829415   5.101568495699827
3.787174564501014   3.8403780165006394   3.737507338788924
10.078828500198306   9.93147141589768   2.6199685812840037
13.765461456357096   0.32264473873840416   0.5144785051626578
5.351067308861916   14.239934511370222   2.7939374970986917
6.552613918500616   10.85018164748299   1.3976750079468083
5.3168664731913085   8.37387896873362   5.80232905730486
8.882436282516702   10.186440409499122   5.4794801902504355
1.9333519886054007   2.6171747755633996   0.8854785450047513
1.4805037010133724   6.6401221577349805   5.793289923239888
10.32019066097456   8.61749897460706   2.7204858402324343
10.91380897117144   0.7789457974455716   2.888714035100381
9.644475186860388   3.7927380457932323   3.2599161439401025
7.840624942829873   5.632808428335601   5.2099374627522845
12.737034798638222   8.113455377123957   0.6599635813018734
11.884090496622754   10.550007864062614   5.986357676373136
8.828658008093118   1.574802604337957   2.0525139037923243
0.9293818289499834   3.54220098342332   0.42920228866119625
3.5851355347880163   1.7267054002363458   5.847824695875211
3.7250754374392194   6.897281452573444   2.8823599144312855
6.9290902855497105   7.890985853478211   1.9587756409349246
11.20655949106118   14.18026120699233   0.7248584536184163
14.244305012571798   11.162352256386656   5.852366718866114
0.7439107587789713   10.48157838789239   6.152659311798578
9.354690035949629   11.449450033889013   5.102489466346213
4.8318215794469745   12.741833536190676   3.2226633263898603
0.9661403418811202   5.360874864214561   4.197948144943736
2.628085102853497   6.036260177509909   4.905765525463728
7.513239708373015   4.63376509433396   5.688845565535683
12.616413999819112   11.88634222673643   4.507772870954388
2.200150535723249   12.161460678673334   1.4786840183451628
0.8973890067452356   12.249623672100501   2.039359564534392
9.737830476884112   6.73324328488997   0.16323605504735123
1.9963843913064223   9.113970796373028   1.8772482251754683
10.695320701951017   7.591788444351546   0.632681350300318
12.534718891098189   2.0316969169232317   0.4089299573502342
12.454203286774538   0.21116313600705539   1.0508033440516154
7.869606272469101   6.807322028622165   3.22725587378336
1.7912220808193973   10.368269167424566   1.4491663278952622
