2.530353969114812   2.9921241314888523   5.894413120382238
6.219627895672932   11.536200681829229   5.357978880567267
4.3702206222332345   10.273236347152087   0.6852413180665422
4.71684165102284   6.3892695950968035   1.8945637760187832
6.260656449869463   9.306158021365468   5.498574043882407
9.441941335171652   6.9955672017810695   1.182062990887155
2.2628133256357215   6.040734505703418   3.4767054261725705
3.0817000557938945   9.670192480647865   3.2396456702054297
9.04544877867956   11.49826700163541   1.5525792523060076
7.335378175332578   0.38865052837687053   4.708562379313491
3.9351067121656507   3.8266627206836263   1.8244185225882674
6.516499018521   13.615617714526637   3.2960789090294043
1.0434855897537605   3.44550560504445   1.7202249086751338
9.718772380496292   3.91464637238387   1.7395570070201092
9.202005398099134   13.76134810436492   0.9760057343202594
5.081896052927844   13.19747911481031   5.303946600947605
6.119669694029396   8.111577115167549   0.6269011408626075
9.12209087304012   0.49578794006120225   3.8464153637531227
5.8321005192730855   1.1503411212928691   0.6627921332592874
3.1613741169587057   13.262907554211683   0.2877564889903024
11.952102737490078   1.8535995405587664   3.6416124156599303
2.380206913994592   0.6341951451180554   1.733995013503548
6.418421055041971   5.600732978882954   6.017529020530468
0.4353936534779581   6.231155945423673   5.2342169948945365
14.13623268774758   8.221805904110358   5.6831356819744
3.2265706102204756   2.0544104127580294   0.42776385225155966
4.437515028338849   4.852831631092881   3.601088179630091
7.172067025593686   7.9658802003833244   2.1413503555535347
14.155553047912944   0.09705397450397713   6.192017025121841
4.05950939494153   0.6263942208101547   2.2024099114594233
4.807987130389836   9.137742879813734   1.8557555532712127
2.496095022401331   11.17043117479283   3.939487264627669
7.640565916591838   9.836648602929417   0.4022445343627143
0.2206766027407714   2.000608048818293   2.052795074705787
13.22824563901615   4.625595651072809   5.028771768060932
11.000396876925702   11.645412733001   2.558430810593294
9.315392637333677   2.5808535781926927   3.5416577086606242
8.136618058024258   3.05056898848903   2.5874836411582356
8.39623550955091   5.986175905216823   4.689721400159709
10.869959910058009   7.295940660035787   1.6119979493867258
9.7673660319874   10.668418459454157   5.856983323029332
10.371049716780822   1.1793626962289783   2.82861074984781
3.441570953668708   5.4397487676971865   5.275141323232731
6.378287673423473   4.278656268717661   5.4671809758799075
5.137347743261524   7.434844283482373   3.0519880731996354
7.800983296213912   4.802204265579239   2.677829234775535
10.23738248035632   12.439005447650604   1.2387519097689361
12.408313526577166   11.483816959597444   5.080481867617516
0.856846452358376   10.43303798244251   4.572879145320243
7.483583533052695   12.331764661471768   5.6401905258964735
1.2339873579862164   12.012178215251815   2.361490935843332
12.177809633117983   5.714000583434355   6.125721750973147
3.695708261195699   7.475453167186444   3.547155260266207
8.196793704588536   1.6175312346933528   6.193957543255376
12.42344897695496   0.3104849128450006   3.019309234864472
14.347233474821204   11.205925469145875   0.1488744630843691
11.962098632220535   13.239013859593959   2.645099945209608
9.877039623905464   5.466551529535051   1.3488222942894286
0.9591746091172604   7.494078342653299   1.8084934813243037
12.211103794103366   9.04910211836214   0.6678978514524297
11.086296678567015   13.841097233889569   1.0990988722772568
13.441823398993304   0.9036983914096102   0.4661386417419617
6.304611694541055   6.684500411093436   3.0229949504840556
0.016438855477943548   13.42992743318645   0.16695847380796833
