2.2481210989722937   4.129074772502055   2.4784168383719334
11.134627922297728   13.916812143158003   3.8512784096868464
6.680660288305604   10.865032013557645   1.008436995336498
12.13168183441795   7.816520160502472   3.7659147197726113
9.253415324394604   1.3007464419979893   4.506771468645433
2.7076137740498267   6.1999916579502825   4.753018379128588
7.427467356039514   0.4645009044193237   0.14931035653561264
5.7664386672941665   14.232416407185209   2.4532118121441577
11.699386701822267   11.753018779072033   3.1921184224533428
10.633656734620114   2.3876809589891237   2.7631300227069286
7.686353750456825   9.895844232454973   2.8009917387080883
6.136227214485807   12.016598502769892   0.46552809029387665
7.558576437949005   8.513283249265712   0.7645236212943289
7.240187638388637   6.528790424922187   5.645493318810619
8.947329159408103   14.2973951598082   0.6387023915468062
4.669058336455276   1.1222193462079182   5.095032474581529
4.563277138675235   4.119721938723274   0.4361319137803136
6.2321583132747955   1.0275287653503398   4.032427527137678
13.79631607896668   1.9740930784327022   0.3371093471505512
6.66893170500763   9.496398488125527   3.8718075809874652
13.47711167499025   6.741777819456123   3.280421157702749
1.489036247997684   1.8596310442286412   3.6181492128216375
14.33254779335457   11.645483079272564   0.6833635100057425
6.096953670365229   13.171489247698398   4.9745705413191645
1.897228121043169   3.0481631248859737   3.848105670040421
11.17967384444041   1.1614673022639292   5.576928752725662
4.613126252464686   14.114159833451957   2.2256756067832764
4.361753130308851   8.284508108022246   4.1142556253367335
12.244497753208558   0.930399649703539   3.47954330748867
8.767185331336513   7.520228182434567   0.2922530981328608
10.0705401879496   11.66800248859487   0.7746202912703308
7.915936716324584   13.758932883821135   1.1348558645021227
0.27617992543223113   5.047333152517624   5.890973455087
5.088787850146659   7.375830106534926   1.0629120334175248
10.915640747044336   8.84555386343376   6.001476206398146
8.884751894774086   3.941344077727578   5.470716173589038
7.659377528846574   12.342618199060109   1.4692780409653332
6.602636295746799   2.467092974283183   5.078316611900379
10.55235738950424   7.229904255869112   5.69042903583542
10.308640163780597   6.1585395440730615   4.177164824839373
14.11769122999278   7.788062324363545   0.7321174970618907
3.873422728636314   3.289500934451631   2.064978343660294
13.1278097989691   8.255297353286885   5.127184364987084
0.9104210573624966   0.8669854413436417   3.040358661378364
9.18144351511781   9.819171781305391   3.8868070183572687
12.645039267811729   2.177453814686099   5.135151869497838
11.287143245103525   9.954468079057868   6.1952689569789285
8.513503813423016   10.705331363074668   4.097572068454195
7.670165535226582   3.3215944777926802   3.598962933488444
10.068469498205886   10.500593765512768   4.61696368785837
2.19770619432271   9.864913527247506   3.4410585368253575
13.28981170492168   12.576479231070593   4.3820981587630135
14.031573105532097   9.263959856147588   0.269470442918903
2.499276676582213   0.6270652037921093   5.777100456461493
0.4778089843754786   3.4908308762218416   5.04099333281095
13.772743079965275   0.16368162190777297   5.552628347963373
2.540688477836592   13.31610979158312   1.607375433534717
11.382979803537182   5.860437956031338   4.615428088734538
9.069072438374661   12.909233908414613   1.225351340209317
1.0091903870249683   10.005065201855336   1.7910987335688335
4.806686160203831   12.733616107359454   2.8038037637465334
4.859482775071879   10.97877606916322   0.7223288579657484
12.903954195164708   10.813269202954219   0.6616742745579871
5.601153931432789   9.334044606166419   3.3295538788721775
