0.9792655641238424   6.914377882517863   0.6698726085305283
9.833537512301888   11.861244565502698   3.3604396577186684
4.73380278372384   11.607591863168635   1.2365928896686944
10.36735548944961   8.350790704958182   2.9275247910227393
9.342966988340603   0.8731308448634563   4.994969598948352
2.720725501501644   5.240892801223379   4.729175831526575
7.548622681874688   3.377610720902518   0.13502378232900958
5.08279781971966   0.08165794862723708   3.247202196037246
12.07809967958461   11.34585976797257   4.125748925354623
8.688361810931546   3.7459673736243406   3.356216098298671
7.019252767514846   10.788760573472793   2.4619229483868548
7.67826563158726   1.9324701972376466   1.490381542399195
7.039085151210687   8.613085852545963   1.4932590345394954
4.989495187505217   5.967772219342048   0.737654623246287
9.557486535294567   13.409078652085626   0.8892957423482983
3.248214056198274   0.525836338599305   3.257853029773452
7.889113689915697   4.481933101588942   0.1976658193203548
2.8142997329162593   3.4614543122188564   3.801169274749912
13.604709569381399   1.4809681249190414   5.288222987041332
5.688696018204071   7.928251939187959   3.3914533177598973
14.33101913710249   6.774013608346021   4.207071005998318
1.8098360779972236   0.4934554057306444   2.7821909408859113
0.6090039048571103   10.684399953492052   6.268055499173275
2.9308897120061346   13.21239678342263   4.92327030925373
0.30869513000030924   3.2954534625413814   1.9841282626341767
8.21905291847624   1.0219251477253284   0.012683278904817963
1.4696570193191885   12.596478233338063   2.6204667005665696
6.572094196849298   6.552639317892439   5.044491718649384
0.5445602352273862   1.2375911658654226   2.6071382213013328
9.219740826113462   7.778933429819582   0.9831129972048389
8.431872491623992   12.761150933757593   1.1234739699726333
8.185371519818839   14.201295157702948   3.0678628432840935
0.577635956657752   4.982267388002247   1.1716201682908083
3.235231405760407   7.989793231800503   0.7473758059766095
9.252053205439555   6.141586577781538   5.44659641271126
11.28718564633907   2.2036383519552847   5.144064229209541
7.168474591864021   13.541092694417157   2.1925264774217186
5.294840047066606   2.569926552410974   5.748051414070284
11.576494420512219   7.144483341868448   6.137254936184186
13.824227945859784   5.274865081237143   4.772979102519846
2.21848878910287   7.743634591099929   0.682606248333136
3.63035177492056   5.932524207642734   3.756335918880341
14.307992408435828   8.925157381069324   4.362037511415513
0.10755069439373766   13.03318260588039   2.902354073839229
7.754656365019252   7.3283796684442   3.3434038373883173
14.15313642975329   0.5833992148401714   5.881487117026589
7.927034942933638   9.72916337606341   5.921439642091195
5.553365115897093   10.22505117782004   2.7212657716385955
5.715075629035984   4.565854484816227   4.929255932237207
10.233821741745485   9.614709325232099   5.518928084548861
3.807731940217793   10.319382454989114   2.575524733843677
12.982871478564235   12.198887056092833   3.3947591439698277
12.201635201041471   10.257836946812477   6.120260892520479
4.109396314858049   3.9091606150986458   5.646012458701592
12.209562569343248   4.646037270051939   4.849493607947139
0.402334227424889   11.74410797496934   5.515790867745652
0.7911179460435556   14.417369454199385   1.6104449896715658
10.563906718825129   5.95432246847794   5.927317900330649
10.895137913811533   13.055964123833368   1.1924263749658097
0.448486548973478   7.803193595892081   2.332710066993274
2.443976251860721   11.47685083506863   4.235657195185153
6.4129264032337305   12.475662827647453   0.5237854563551139
13.641918296254154   10.099310477750361   0.888868605290244
3.379061464820416   9.317228923544095   3.251832552597209
