3.7787140908261003   5.720325785139941   0.008056165855815395
8.892969417799785   12.548492635270048   2.718381255512244
5.288782885605156   12.167176760656735   2.427947330729342
8.264498672433104   8.795772094470138   3.287094327233206
10.594720317576433   2.6664203765064824   5.894293551219655
1.254061260863379   4.163831737590514   4.640236782885697
7.604730923835883   2.844373138332842   0.45858091754214914
2.6090528013552468   12.572931960979547   3.639882547446128
9.734676227249821   10.74259223431018   3.706234574001332
8.404675969337159   2.01406811583624   5.232656291706799
9.53240064462372   8.298072009446068   3.835464367796648
7.5866071622010365   0.054409940491213504   0.30021128379463213
9.11794067319993   6.596294791129033   2.470650617604042
6.6019612699317465   5.770970392514656   6.243233686104378
11.319204831674455   1.3345592016997614   5.733166479879865
4.164337607770256   0.12248282483744022   3.1367020635728036
7.889441899087776   4.243712496970687   0.4165742586042686
1.606224122460786   0.4664646667677215   4.42806834190531
11.852680522623968   2.2257289712057178   0.3054030590762774
4.9063122721733   6.666962458172248   4.107175272182623
11.586770078200988   7.465128191077872   4.015634105406051
13.53518790996052   2.398373412056953   3.049848432050471
0.4447956791730621   11.75563389532563   1.9951635318063334
5.2925934128214225   11.109040155256107   5.433140164831061
14.223518161880317   5.0624531477886014   2.7875526555302095
10.081228435880245   0.0013764603271262388   5.869608177242493
13.304802974322675   14.296624421205244   2.0192271512778563
7.898178959879816   6.950759709909369   0.2573044172097323
1.384835501062803   2.8205005717387253   2.328965562705524
10.746069699244767   8.41679973411187   0.8702382655509122
8.168140905647942   13.316994438612111   2.527966769619061
6.093799862530314   13.438311534978682   4.020886075340585
12.667749631605757   5.880400189233948   0.8845480672325251
3.1909763030994864   9.813157465265718   1.5911514326830452
8.990356371809964   3.8308469013066566   3.2019087204934435
11.813220153079623   3.463822012554977   4.2762537957644025
6.841159035234877   0.9881359918358739   1.263935103326973
3.835883127096227   3.4748386496960513   5.038265544372994
0.11859202523166168   9.91408561508385   6.117080980333625
12.387367284390683   4.519957081565906   4.154564372718318
14.085943345873128   6.591287505534785   0.006302646157994474
5.2760400818538145   5.039333792736159   2.617857168117621
1.7914439774224542   9.81317470078333   0.41769631780528216
4.122560294753926   12.957348875692624   2.050176406033436
7.9615505022486905   5.694243480623033   3.4043200115645615
11.85717550289635   14.392268508398699   5.912869170634407
4.297778362652705   9.750932972463909   0.43876555068901957
6.377445124219709   11.341570619560548   4.518067793341316
6.452697076530245   4.476763180125329   4.054598517523651
7.371029574289426   9.640019607497065   5.398643075880253
3.7654374316552643   10.79804432135014   2.753707986023266
0.5212872645970441   0.10033443417386395   3.341473737778142
12.569997282592633   10.904104191759263   5.461753763181703
2.3057750455250656   4.868381212921848   4.828141308812266
10.634983728949251   5.156925908099858   4.070279552132563
12.898936108917939   13.332537615566602   5.722256174837828
14.341184643395815   1.1743313782991183   2.411860605046353
10.372998472534796   6.308397948614286   4.529626071293981
10.70837388097633   11.790009736577968   0.21639794711411087
0.049570015999373496   7.773596203067909   3.175453793889906
3.380291129714153   13.720140219404092   4.100306871369812
8.892886721646384   14.185366356543543   1.0482759587453474
11.779732738930996   8.686387781879677   6.068999586037927
2.915553212738517   7.205750620621394   4.105375087749922
