0.39261103743268044   2.0601695708469645   0.8955315326722584
14.078685462968178   0.9265939132837616   3.5398751126559693
5.506218691698907   13.367729184633909   2.8764636779453476
14.166459937594254   5.422364597237149   3.740563201027821
7.761019097358255   11.063567396293776   3.12308778885663
1.602517996388635   6.16079994669261   5.449179074611484
5.619301455030891   2.1280912058421593   5.447135673245586
6.189791941645484   10.980647359665726   3.0941146284165315
12.717982018122095   12.227177396624255   3.1605427883233976
11.361593715508144   2.2046092304775984   2.280212046928261
6.617299310051408   7.653980921413956   2.7800418807471905
5.148519314099272   11.956101378283526   5.713224269046615
8.080820201342837   6.102146108947254   1.6686852065279214
8.079630041912951   4.934690457023717   4.814694306838656
7.890490993636089   0.6989185336455674   1.0553954518992725
6.851510996326155   12.459485180376483   4.052952394616039
5.343513337946598   6.584529280318911   6.158477201438891
6.750217042825969   4.26156829101739   4.871074565793823
1.770983146327051   0.2805711111584373   0.8149925763793515
5.668370158776225   9.41249244063632   2.3527727481198886
13.358917895538724   7.759117641511047   2.2188103086847955
2.748803898306731   2.486534128779188   4.609211757712686
2.175827100092692   9.900325622466228   0.7199653438356618
6.600028015733273   14.073660933805819   3.887197042517963
4.823491683247356   5.157204133196512   4.305855633183915
10.59282544127743   0.3402147213356878   0.15096708783094173
4.281919832689073   0.13009985311766864   0.9078012532911661
4.69366106861181   7.493206132707692   4.826395391859088
11.546472240497145   12.886096376512752   3.9640497137509576
7.622171252033589   7.262468223796198   5.720138252606157
11.629630536661455   11.381878148810639   0.2456166175470167
6.409046716804147   0.9258346598610651   2.1259384499594662
0.9894118833913561   4.951592886626921   0.05278656963086374
3.6975744072351375   7.024134567793084   5.877559779959199
11.713053359943395   8.466830814166673   1.07482547422
8.543466653979689   1.5891928363692998   4.947475984806043
8.559813912979719   7.720908495406142   0.4702053981885628
6.4940708993906435   5.7457362961524545   4.510100927597488
9.712575171070068   7.035660243378755   4.797239567097971
10.117800951133342   5.430749342601976   3.5153492184673225
0.4159002928967842   10.013104716918527   0.5937948192562609
0.25371430666114675   3.127878073629005   2.552411457317467
1.38325414752119   9.052862822467818   5.675456958852595
3.976216885004787   1.9919684978087826   3.332652843219219
12.743970469755387   9.621709230896204   5.608397162590728
12.727128707363574   1.0247138939320295   0.6941756664825649
12.823295109960211   10.970861642253622   5.717819757459465
10.67434125857035   8.336352850733999   4.157962390526845
10.993562111794931   4.562157677666112   4.514124824706549
7.699410469123487   8.975843917556153   2.78822458560665
2.9348062512164086   7.899312467854517   3.134636066782207
0.3672227279807423   14.322257709053744   5.319938008118591
14.082305745578472   8.929014827458444   6.255088244454556
4.509718750952542   3.712636104668423   4.010012781594188
0.16499068461127386   4.254989141115186   5.684754452054312
2.831716324422432   12.154128734684306   5.234121730273519
2.6785547020763856   1.270124538000503   1.157209418024964
12.045408708853858   6.372105387284543   4.080934310209148
10.125056669414036   12.54392679850968   2.2584119777891067
12.603775823787304   14.232396654002052   1.3556530020914286
7.068162205432566   9.9517435907123   3.992484456024889
13.813193941764515   13.543022392896848   0.010460598820336564
0.5640939422947873   12.807714828912228   1.0282503814978765
3.954138645102747   10.65825780509146   3.1682047201059245
