11.052710960349668   3.6531507323376013   6.181350003093029
7.044601074155565   11.703366498174198   5.552527268076901
3.991342939201072   9.733410166689792   1.2540123712404245
5.43315514661799   8.408118703976667   1.9760031649613792
3.7293473437479046   11.804995057153942   0.31732292965480147
9.967145259087465   5.11713151245059   1.6188362485664933
14.392085998217675   5.857255554694564   3.818487665907397
4.172471146022144   8.71125743669194   2.2685169179640705
9.767475952734216   12.880593423717468   2.142392811596024
8.62521491130457   0.5607557187332157   4.3673036864415
4.197780047812581   3.837541498873426   1.326759422351964
5.845155825662542   12.453299974572854   2.8614057987692627
12.338283129261733   3.155110036386847   1.857089795094358
9.01074268479627   3.1620927934941876   1.5219792548666184
8.844141489995259   11.586367965013757   1.0477455829555868
6.7447341297472345   0.25008124180930535   4.82009386982052
6.364691597454818   9.441894415679823   0.8645157542970968
8.184197880070151   1.4997825402711145   3.665699045620765
5.773565787540875   1.856431805550403   0.9352330747967881
2.290804419264833   14.128731364753417   0.3157672177206194
11.14904071419716   4.8734563969485825   4.364727953666924
0.5431622911437428   2.0005520600830486   1.5650984119271645
5.5217189839928515   4.683564400055216   4.3795257688742515
0.35292291987945545   9.216032602567626   5.2969214138951815
12.533384007355691   10.206647804030197   5.76542001797749
2.8566976199444047   4.661198236195717   0.1181706249466551
5.188853551005454   3.3771711328807177   3.4535418891119254
7.593853394928404   8.152933399703478   2.5805085503289575
14.030767133495695   14.09754082130566   0.33838619399206704
4.132889799796239   13.335720743046059   3.2340717064682316
4.934934121199502   10.187220907866095   1.9021382424942552
1.9743284809320252   8.92184203454938   4.655033041562549
7.149610793058443   10.221022717183613   6.111680857038738
0.9445712954617195   0.14833868960529786   0.44900868371091973
0.9934123518051541   6.5620173300276985   5.9272770144917235
9.381030218424252   8.66190500423708   2.302035844045122
11.457061467442779   0.9646628388393966   3.0693720507971554
9.018732316711509   4.428975405535166   2.82680434098868
7.527135068451628   5.3615001572366445   4.955960371376718
13.266153314147205   8.544677603664606   1.4642285206345718
10.970911192489709   11.115107257594318   5.477704124025005
9.877832820237195   0.7601353698497778   1.706258427369225
1.4808677898609754   4.177675318079921   0.2403831603842963
2.3847828606054713   3.290126911434939   5.146553230751505
3.467374002783993   6.753396058427492   3.493040364369069
6.666786609518432   7.445563429028313   2.928447568760627
11.532584317281188   13.506409481221816   0.800343542538173
13.649798935134251   11.175710755217844   5.442982325217439
1.1876422648623335   9.941164764799016   0.04176982408860953
9.588644449510712   10.60175103129344   4.705509450866284
2.573995512217443   12.669408952271802   2.894788581309024
12.951422435959433   5.052093199001889   4.302369675013466
2.9931198015793536   5.709188868056481   4.718228106998615
7.985416707334941   2.710643565361927   5.137391056831264
11.973923084595917   11.899636158415328   3.6535684152680687
14.324156022686436   10.240529051500827   1.2599685224021733
0.5898378776909285   11.23435448462921   1.9968830281319268
9.655242443958311   7.110466200103474   0.5661676462090914
1.0161179147908963   7.732766115448648   2.3186120460297963
11.482655808002415   7.317648785804521   0.9583208357128847
12.652795379418764   1.2863460072837958   0.9182079529465086
12.270666769213042   14.410842572452276   0.728425685938621
8.595325799792056   7.362464179205111   3.6027158583589842
2.869092419060557   10.986611432504732   0.8221726075958589
