6.928222258411587   2.1787259548209255   5.761492175111955
5.324900942944871   0.5654021675553608   4.554120710572351
2.9412312827408122   0.6100006937040354   1.2517771135680973
2.9566418823505427   7.880309846622775   2.6648046703209993
12.097603888668855   14.28218854785772   3.9584589717285086
8.282574763773185   3.1103377680688724   0.7154793465481641
0.18681275906007855   6.847179471347054   3.785419917444037
5.002494173108509   9.892443905028227   3.476912346890238
10.438568395556779   13.24102363811344   1.8625135106870552
11.079458774615583   0.4743018480079263   2.8628852791903916
5.645641216705275   5.198611935707782   2.4571353704201346
4.017857209583163   12.96804615426243   0.2063703042068772
9.496380576738753   3.4821601487716336   0.6652713660917651
12.246325917482773   2.954052351425772   4.770861658047325
8.140386466879168   1.1608955516289323   0.5264404471408307
2.4213281984596735   13.615088449112536   2.5470522995889175
5.640448062712826   8.602079182587914   6.133334765117919
9.821158840877601   14.309476541717947   3.8480689162639155
1.553820981505221   5.092350517181925   2.029358181900973
4.286657841647996   10.611004357852613   3.9175067577510805
9.265406122272296   5.2388001623200084   3.8257949329094516
5.7661974041455615   3.703187794685205   1.992181230059024
6.160691461201861   12.909854745208694   1.743994409757214
3.9391548838055703   2.211195540554461   6.251817155302341
0.8212121546339242   8.917865246190656   3.681400534964888
13.413471814306634   1.7305495476635364   1.180152715694755
4.876234842253718   1.7269372405958887   1.8460999385648478
8.220833713114338   6.917926973934886   0.3918744303313617
0.7619070406296621   1.349158190637226   3.5290834397182236
4.693995940407415   4.240154496452445   1.2441034541922626
9.575502159663072   8.593332910725362   5.394507386030488
3.963981171942545   14.174959205697753   0.843798336029747
8.349911652029814   10.779984160990193   4.816629539793221
4.28967967548695   5.416702031600424   3.09071142280107
12.270648923338149   5.761268245256234   4.651562659601787
8.649497582120112   14.018148495836787   5.878816353621114
11.888152659414773   9.89874991691672   4.999893047571882
10.515333993897631   7.316970393053206   4.805122108466668
9.474767916115775   6.503809137785586   4.720141174990061
6.984323845703777   4.669105599767025   4.16529162792032
14.062875361900048   11.132829033212808   0.29496688594407516
13.790283860564074   3.788158370998529   4.219986136210744
14.322229298620242   5.727036792036325   5.696012622833698
10.289284228814365   2.171925283997336   0.6465366398567725
9.182905992876153   12.35491448190071   3.4646461038474454
10.992141874350285   4.5483626272770215   5.966358764945816
13.187343508771685   10.221427524039237   5.823501307777558
11.854120385237543   11.03231950144656   4.112652781005068
13.540462620972194   7.843657852319125   2.6217292318238354
6.102181220848929   9.813846105933534   5.709858962095775
2.907550736861265   9.194620318259457   4.798947430065168
1.1165685440694664   11.756685672991587   4.035150381194854
4.373077885382071   8.973080950851129   4.7691608099769995
6.502303558472516   1.226628959878663   5.787755394114226
12.201658050455956   13.0317073132224   3.854979155200547
13.958003496123839   9.03496025556457   4.543530041458549
0.8075914334230596   2.6959116377239005   1.9509926695353086
11.181516678204014   6.246981507465693   3.2506982410675778
12.817699869389038   11.772176521005708   1.574812644945438
0.13794257987372927   13.306437578141665   4.341286878104799
7.107154573866949   12.269190306734448   5.093722458954974
13.133879313322828   13.79712245388882   5.6622008884087
3.928798667925543   7.20997033637503   0.9111200433940174
6.866711119104074   11.180974600472316   0.6278768002276682
