2.8082123976132083   5.191825865469344   1.000884567737672
4.853454289875104   4.831633214587478   6.2551370000520246
2.383383489629369   3.567300537124355   0.8327385900107168
3.412854518816435   2.0040893200059213   5.280351246816543
4.778678415649262   1.701177879665079   2.565537595593283
1.5346284328396527   3.807317731993635   6.192781804930592
2.8833150243150056   3.621804233098987   0.7983987413490727
2.854792276508293   4.5863523714244   6.2824218200711925
0.6957240011272362   4.77176388686478   1.6360003734832198
4.491624251315395   0.4706044791937019   1.5675911254071582
4.1562995421409505   4.612609452780288   2.4704390633200113
2.3661889878270315   0.3021290578079767   4.303422997479945
0.9238630099014068   4.326638289061965   1.3256769943191449
0.28454423642310134   2.1977310170087727   0.6104165139183597
1.791697823146365   1.4003079382576158   5.791373562225081
5.063422391929746   3.1810465231020166   5.0702507670629275
4.340143481416405   0.23424848054113756   4.495492691827394
2.177316216165207   4.58475644706515   3.6806250868613235
3.2813478072623035   3.4687648188563047   0.8349013206044584
3.5150807095990753   2.6578159485318267   1.108391392195096
1.3580383317216802   0.9751137203705109   1.0498731727010326
4.386237011554707   2.942503299642489   4.579995484427279
0.855953137686691   1.696096943945423   5.107387465813334
4.688386908199294   4.222924533405742   1.110497815235789
3.2625228054911526   0.9772104191715708   3.514448613383889
3.136359171986616   0.36952290194048587   4.232096775841571
2.6776299163861648   0.6971979478016914   1.7050940983635403
4.0936516582746325   2.7150887854163344   1.296325360159407
5.096271688208124   1.493957073492145   2.1518389980655965
0.017869399505556605   0.7426243611062316   0.5945814026202871
4.705027648631246   1.0094298068559915   1.9951361437902317
4.845411191121598   3.254115230836084   1.9658859694912203
1.922418922216087   4.197770479961531   3.1836035017398463
2.488885471133836   4.592728754586374   0.36944015787782986
0.7778234973439799   0.06213050971864928   4.247194070946063
2.364119374304565   0.030695987210076936   4.106941401566133
1.5296837575762126   4.8713057470270265   3.1466005665039667
3.7807235960288694   0.9337785671253419   0.9194758888145191
2.394274793878442   1.6931561683584646   5.713433303520159
1.5830223714861704   0.41837623645992883   0.8112809700507465
3.713394608060824   0.05664678129907408   0.30379769104099874
0.6828697730638008   0.6779732479111178   0.9614159939102421
3.857204103105032   1.317486175287692   3.7884045079117015
3.3216881001023917   4.195394979172949   3.200776866494817
4.185913930575849   3.769935061571005   1.4098801203034588
2.5091298520119154   2.539501503852387   2.2852074885762668
1.9607140662065112   1.088455152497933   5.990933371756354
5.077910417140112   3.8563740139866303   4.449068682343749
1.4390727230802165   2.0724064095973045   1.5448171220634757
0.5501730058731477   3.5666037983493037   5.398590853831841
4.374706131467069   1.705992607301865   5.893163986172933
0.2567515070945634   4.252145954264435   4.140022799335015
2.117028883686154   2.489874850636422   2.308190935354739
2.477225535471792   3.6817949997225816   0.7950447408031727
4.25194265625034   5.029016849278817   1.774400312009339
1.6540521553671472   2.8221755353355107   1.4089828182783866
3.662984449925257   1.372803590333091   3.7552476991144736
3.3422059498320733   4.944217807908962   2.40801455560755
4.322155885536077   2.28719210757502   2.2104971512683314
0.37110881480828817   1.1275337642188623   1.04779833905006
0.751207681900859   4.962198385831772   4.7554442829281545
0.9590575293130792   2.4352344634639524   5.525532909750171
5.15772288684858   5.28411607497982   6.2670839526232855
2.303174997021961   1.1028544467172106   5.742337467119389
