2.865343376647104   4.443502042588373   0.8811162850893943
5.048140107444019   3.856661811964399   0.10169323184762426
1.0942345480371194   2.9012665733362786   1.7381737070205483
3.622788475217833   2.6424877584849833   3.8363339695888636
4.243617095865985   1.945134339311338   3.0497719448914418
1.2666785397189184   1.0288225833660665   6.079125981176366
1.6076513888050763   4.692223477768747   0.5737525887925321
3.6865764093238576   3.786564719840168   6.035021545348822
0.4106063965728383   3.144604997128157   2.357351165549994
4.17277825503443   5.144428252624165   1.4188239477569302
4.159429286726637   4.369607597664564   1.4968215705185888
1.7785577436491937   0.8205313950515141   4.250266749139926
1.1890035523545852   3.45445584201001   0.813046230276735
0.9178056255243546   2.2139769206926925   6.2380022676161415
1.9846911186251002   1.3637216308909452   5.505781711441262
0.22333765876646744   2.366470929377244   4.701514052707117
0.3423207101358867   4.6528401775544035   4.861444838790824
2.579282381492498   0.6085523768185237   3.672304702408896
1.0199013349727588   3.9929041636248996   0.9184367181931337
2.09287035576875   2.7064710470757998   1.6113291334007656
0.49069301356683237   0.2011753848611636   0.9473957443002875
5.261508731969436   1.6499992506726187   4.391533060738251
1.1845899545989145   2.3459702871899673   5.97017644536557
0.4680726874515167   4.939377336039097   1.9228658654548056
2.5089869815588304   1.593569240471547   3.3197635063541746
2.0313460481754135   4.474352668821219   3.6604962032248354
1.785732017978111   5.049191719736093   1.191830077919035
3.622662121909457   2.271893924961361   1.038318572963516
4.069216215740806   0.6963153195260072   2.72090071562128
4.801054820111399   0.417772781580976   0.6404401411741489
5.257525367898181   1.0523534461931092   3.7498241103617356
4.266217643598255   3.1648007621406085   1.611730911301859
1.8333111486701177   3.0292754253786516   2.1979754208463573
2.9585737373047274   4.761630656197784   0.799444349588556
0.6192715467285249   0.4951065346917592   3.883603690550097
2.6008720958825347   4.839808562554017   4.099549952566013
1.5156133252101558   0.07849556477975472   3.688012663560311
2.687660730930233   0.039741338894123984   1.0428976675663737
3.0504601433035807   1.620639992071743   6.012773511884038
1.1675343046682678   4.35059212930127   1.2935932961668855
3.5129221054271906   1.2361331048777386   0.44581196265176404
4.948691729908052   0.7487567446752604   0.8182553038719252
3.8986922401330717   1.603404220807108   3.856790005590211
3.0128237995241274   2.990850740115892   2.649322115650155
4.475406888512843   3.5329063164515975   1.9021289275299935
3.1020181326291336   3.5298939303319985   2.6288293578001967
1.0475601811958706   1.7092215445741834   5.3601242641629385
4.759704051485745   4.756882675907854   4.234264730098273
4.404536277624387   3.0305550401343533   1.5780267096985972
5.005636703540149   2.5157731803973573   4.294881849934454
4.452017649473562   1.4607295113844407   0.10391788346583525
4.487929794286873   2.5684033279357434   4.434955960810079
2.2502879057144822   2.3373529783980116   1.7463466194191601
2.7388469130707143   3.7660800123406517   0.006359187204727543
4.7462718307005005   5.152990941274882   1.1468029231127512
2.2010939422723514   2.4818517647500697   1.6641247019627712
2.77914958704002   1.1264703339896784   3.0961143389354113
3.2571036254100796   4.024238929593877   2.4869172618633457
3.0390879934307162   0.8155753279670456   2.5873869964474236
0.6263328330500212   1.178401096741824   1.5188580087830463
0.3639160176582614   3.4676638871999668   5.393227762122934
2.4618176911988936   4.061128310255372   5.733770784105882
3.7032318159408315   0.39681203572100465   5.697905835966305
2.889488149866304   1.8977304688843535   5.670524662956027
