2.97531980451869   1.249917071464272   6.124480590559453
0.7788456751786479   3.9063158482595743   0.08373839060656962
4.17966551696837   2.473723573502415   1.4701734505124016
4.36746089814287   1.8392895695851994   3.845861634128397
4.687737265189657   3.405813657297518   3.705260463912718
2.4879551913266686   0.6279464773372294   4.261620653455238
2.036210950119869   5.078590923014439   0.08427143979580652
3.809859497140057   3.5420055619400515   0.2591909516492229
2.6183346949634307   3.978663849361371   3.183041901805043
0.860318770551154   5.140959351412264   1.1490407004845868
1.0608542540650145   3.443200871711532   2.7739887820918043
2.772693428073948   1.6668808104844695   2.852831918001415
1.5922981842563801   0.8924930972323107   0.7384550060580273
2.4498858505630565   0.8026234087846501   1.1250005602605337
1.9840895685625677   1.9901215971110684   4.670781932868633
4.808959016131358   2.0518199281125042   4.409194242758209
4.464493896634062   4.351648181469503   4.518966966029711
0.17203221753827883   4.582946155389949   3.3431262627030915
3.230291898784753   0.6110564776562314   5.855395394323662
0.2671536617618317   2.1139679552676265   0.7630213632577679
1.418643827151809   0.4691120366797876   0.7642000963761013
0.9811149787078721   2.16129516930516   3.8917830705996828
3.637723826874778   1.108552363477427   1.0371140888366028
0.25628060495744315   2.8238674382397355   0.6573964234689439
0.8287148328462108   0.24031446021433334   4.513518679354203
0.895097417405244   1.5324075638449466   4.754087721452222
1.51231764089788   5.134782300783073   1.2636995824114448
1.4660889159481711   2.6427786185190576   0.7599970268241154
2.6491696420820445   4.913249468491484   2.010770251047204
4.445288443013587   4.9922818770349595   0.49447388112046553
1.5069773415078807   4.0126888072066755   3.3007306972027304
3.5138364311583676   3.2888460433759272   0.38287716859145815
1.981588305374491   1.547114708951829   0.7804524354637207
2.5568618216735803   1.9842154319795826   3.0179684558651565
4.715644023843529   4.935814481058472   3.775419940214162
5.204943921921596   4.059206258681343   5.371517203208735
4.47091568542765   0.5059575241108683   3.773703382231301
4.2631063794401935   3.832007256455936   0.5849165211014814
3.056044486194842   2.9113706632539134   5.389769009334594
0.38608632410420146   4.012911346265136   2.933936113454106
2.3647963759163457   2.473700336628288   5.447452893118401
3.6068241757146393   0.5435124114973453   2.1099022525887654
3.233133491351782   1.951565622935799   3.8828828295761
3.691417550071264   5.022734955768154   3.2791728399490414
4.576042131153011   3.154536591409042   0.7619405368506171
3.6053115944006477   3.8968358006714103   3.380546975508395
5.114646223580392   1.4081553268229516   3.9589457914925434
1.7657269033611316   3.314518586036595   4.64780595904828
4.486298006990109   2.9841812913963595   0.6398574277497051
0.6495998269436569   3.555554224547051   3.3454772161650976
3.213225475771868   2.3919754719804605   1.1424156536544765
4.282615485257268   1.5235327528714229   4.285035616455153
5.086063708263575   3.128975221704244   0.6153004173701273
2.720452776241106   3.4498060792999934   5.6254208219636475
2.913226116792919   0.09488845380055899   1.322069262385337
4.912202335236843   0.9210199232149345   1.6755099169402923
1.736161443887391   1.267900054985856   0.4227365629592664
2.107711054509255   3.9668944933232386   2.816103254883591
3.6885758436247724   2.704264291050603   1.8558852686808178
0.4954558572858556   1.1080447179195314   0.5642379808982951
1.8406985907732578   4.448003819405769   0.24503680129331556
2.8150561527563562   4.2919430363444535   6.125477215495792
4.326862093231911   0.0332136492008151   0.5203714790796119
0.8484536075879573   2.6360779992379473   0.8245377424647158
