1.8897207088607861   4.32236010493342   2.0140712682902286
2.920086806016163   3.99773181818174   4.39791136541438
0.6709074523351591   5.043138919011253   2.0755420355109266
8.17161723813804   1.6217237744873148   0.7063392236995498
4.100757539527599   5.311263093945876   3.780616430152999
4.9336413667573265   8.9685937281628   1.5223820998388191
3.8637977008385294   3.822028003315271   5.302931116241977
2.0693876500154174   6.354294170420726   4.342406932300333
0.8374562573930269   8.54274880649953   2.0532771734127486
1.4316115165097538   0.6480185559041487   0.4408950470890658
3.128100953091949   0.005020181271731872   1.4268763598500964
3.7452216899604047   8.92401227777407   3.172781595364975
3.3158230372465773   2.6309052659109806   1.5687546483579085
8.605220116021547   5.8732517457378615   3.4942585371918984
5.832841713423303   0.7174586840777348   4.833681949565905
5.62669774590979   4.694129136136523   1.869214500073598
9.038635840797996   1.7511821379665067   1.0312607789504251
1.506546069087237   3.303882320229819   5.292268929646568
1.4959692063377432   1.5491512744440405   1.28463695519787
8.128986398888776   8.856060725187834   6.028390056354974
5.7085752857290775   7.307566396407109   2.133978701060154
0.27824009733799315   3.1158584169431762   4.756131332133759
1.2452328009716007   6.851297636639326   3.5995931098602307
2.564048818334947   9.243622917062886   5.627536949359947
4.755604193413327   4.553194512316562   6.279949340184486
1.9399946173802336   7.570219121664145   3.4191755516621485
7.255063627404862   0.6844601616258765   3.187563232858054
8.917479744246664   7.800845339740022   3.5556547197172286
5.11592826370598   1.4719943831690787   1.8195041267409522
5.210474890944995   6.0719446972813405   1.6113494101277848
6.274932288274534   1.8753849437773065   2.3964664174630155
1.5621788652336852   8.952618697267122   1.4027305457751218
8.558281246672173   2.946609710352782   4.037529423880797
2.5859353534173644   5.208785550983748   1.8869089254822344
4.377419555927564   0.7328537763136198   4.614281262441116
6.143512933216051   6.285509429984199   4.679965845576608
0.5618553419754329   9.734157736644482   2.240831557398456
9.503285530239376   5.896350734305379   4.989704475411156
9.159414661775747   6.89362225090155   1.975600992323503
0.3959438162113893   5.962489174804841   2.1748157642488932
9.893293837752928   1.752756031669677   0.44836041809550076
4.319309008766974   1.8244709044238436   5.913427415896915
4.315236193935141   6.143569908969316   3.8600348458171987
6.961034969928386   6.587217262161706   3.241990631264233
2.4982011427478747   0.6948709016782078   5.4768543694162
6.807667357140497   3.4659282272377436   5.986369061035825
9.37058812998962   9.27527562170203   6.015793422098236
8.895411664905343   4.379424787312544   1.8537966060069269
4.731838507565511   3.62712429779682   5.660891362596312
0.8625692496968929   2.1817745526225596   5.344390935996956
2.8772328636515994   8.092088574690841   4.9458750903184985
4.07408346477332   7.957461783278762   0.44268168366650906
1.6006962603525525   5.542856933194714   3.3604924804909424
3.368153650134676   1.8297171173970959   2.383212815438166
4.619180409755479   6.939355482813903   4.33572702995976
0.39918880149106395   7.323339187558071   1.2630163299046426
6.649240850134775   4.3755012280536105   1.1916328870866526
8.675899740880402   0.613629726628302   3.6186312285980167
6.398284515456003   9.934155104957515   3.538413028525625
2.4527985810851036   1.5514629822377368   5.559758293079399
3.3703160326198374   7.396849587242396   5.952844258155244
5.671636618186165   2.699766731702529   3.8104276019155674
6.947989818370492   7.644727446912455   5.657467308203065
9.854197912703956   8.466168391847981   5.884683962544071
