9.589939938516485   4.468220681005167   3.67006190367799
1.3917579425565432   5.680773534585873   5.154845650908739
0.6164955461459602   9.598642835113901   2.7744515624269486
4.304818018169234   6.665690575867599   2.8163604974633576
0.07697840024342731   3.6545584878067903   2.3779315624862774
4.721580833353561   1.7948206664202715   2.6885388616638
1.161366197758028   8.684334696983614   2.5196904730269294
2.521464389567039   8.547542437715993   1.8922932360686349
8.572357166783224   0.7561723086629233   5.501255927918503
8.468427558521787   2.7892150148282084   0.41202353103852263
1.8821376766751055   2.987330336988435   2.1066526599677506
8.580408560103933   1.6255378427414353   2.089270543079207
2.2282527711455526   4.649050585683036   3.3475660078472
9.958055219375588   7.187894840054004   4.934045860760481
7.832120296026168   9.249729275456653   1.7384652895741861
5.43390682054787   7.849387164098925   3.2313709154611967
9.347503518253122   9.01840828267348   6.202230309949271
0.9089216116573089   4.357175085732385   3.6353373283738937
9.155125276131729   7.80857645379655   2.3381166452976747
1.2743095745424704   1.779124580039693   4.411520048284199
6.949360749283684   9.181713457831252   2.149578740082144
5.399698417270004   5.82420752502872   0.6476932274569589
0.5544607523253384   0.5407424223596102   3.239497839089855
4.789913335622685   2.6638718969356017   3.9894380141154793
4.557284325258574   9.067830277865482   1.1393090253247615
6.7417150009142945   4.364736054192691   5.541322737851646
6.0263361315310515   2.75404543788538   2.7701914536055314
5.445139847167139   3.7827403248306446   0.21717909191542983
6.029797404804393   1.8489005135235426   0.6399505677249131
8.63416307083171   6.658161357661051   2.8510949959444085
1.9954952232923984   3.8129010981006184   4.336280394781654
1.1704063471416752   2.626716237251536   5.956729832350489
4.497254197516495   5.7857351071542915   3.6899868317095206
3.772262746558644   1.898788886623927   5.64584136509978
4.007200169368991   0.27052271480761736   0.18617443497144728
2.153912257658009   6.507292428497965   4.3854375421969385
2.6560783036423885   0.6545672576643335   3.139699542492329
0.8539832729317198   6.778805047998773   0.19250429838324284
3.594050979621973   5.743037008810877   0.861397496652032
1.6043198396485918   0.7631113213177165   5.000392221322583
9.729050939658185   6.32894351676866   0.34537140936745253
6.294988914978124   0.023175443320567368   4.923236820263665
5.528072916215563   0.6708808343327851   4.268478027611653
4.063146456151055   3.98458585246556   6.042340308323075
5.3180013659760235   9.742882642036722   1.6931996894396555
6.767393016990276   3.120128406631431   0.4851558961459801
2.9067602481514294   7.137334641759345   4.379977994389045
9.089868429908144   3.441429246222952   1.9789051885128544
6.208353565518696   6.955713422423462   3.7140373909612627
2.8961981031072894   9.689362871025288   3.4293145769719873
4.837659848995614   4.676078225404623   1.2445136812658562
7.718953162949707   1.9178653359954958   5.228522796036463
6.607074513422607   1.242956906584438   2.0121406095073486
9.688786915148675   2.1105727857479617   1.454267891968254
3.5760549904024868   7.865702652206124   5.493314163468421
7.249910803726391   6.811387322735725   3.0634950524474194
8.902963775827773   5.651787693397172   5.157915221611683
7.767894894714323   7.5748079201296825   2.7499828563992366
7.688315133355119   8.43414488770763   0.6563411867586492
4.474709414058163   7.757981425377487   3.4037042680182314
7.626644299622282   6.018244079007712   5.295008474988828
3.479453353078504   3.1620063719858513   3.8769176854144636
8.508919687402367   8.540938810098838   0.8031749335087014
3.6697551162261233   9.142786682465532   0.11403059685671796
