9.516385007821341   5.23836616563509   2.295138030662101
7.297083157747971   4.192726938665359   0.9331891207234244
0.6780934673726378   4.929138821710197   0.534624448345461
0.7609434210913355   5.755645225842224   0.02541679023990326
6.297013731706622   8.199925474890337   0.39004201924714565
6.464068166142133   3.4117284313126763   4.309798691607133
2.9405267664302563   3.0199137997897765   1.8341510698229766
5.584598639876564   5.22528216987926   2.435859973226714
0.4432575383244466   8.798296861327456   0.058892824366065355
9.333869508025792   3.546742431662083   4.056559999203767
0.9932487607975367   2.9301400176986343   0.08679091533816585
3.022579422751658   1.3225695820161607   5.182670464738007
3.3720351594139135   7.005436418961122   0.3478262982133853
9.835294593716721   7.860079587651261   6.1063747570494575
2.5455464103522383   0.17006871649418187   0.6603454978970973
7.6166323947480805   9.845774449558993   0.47445467013712705
9.38254603649186   9.298173857005052   0.34285104667768956
8.776235930356876   2.4075309958291755   3.454544519045213
1.3740968447703001   8.933437821604985   5.177356234454011
0.6782391430315637   2.1387206940532097   4.259429628777885
2.9619535124436767   2.1910775296021954   1.9002207559725341
5.697695205287195   7.339571799396396   4.198504586648842
9.953661057663215   6.312033875390399   4.224456035117744
3.0366026162432207   5.621039204952621   5.321447647883702
7.927702860185262   3.0717581763654835   0.5026777727385479
9.7917622258345   1.8602307913792895   4.647942980305532
7.098999050169741   7.4446851483997225   2.3609190791082586
5.413613335344053   0.3373489917404322   1.4384253139324588
8.168675988415194   6.518955920913545   3.7565133824741137
7.05876636107977   5.005179545257812   5.296866825189199
5.385932331750714   3.5849357073254446   4.205459637015377
8.178733251456096   3.8912777270815777   5.981769616237
5.867838918665271   2.738308203789679   3.533199463819729
1.6904246996164793   0.8495817699028458   4.353405840876426
3.670077572773354   3.682608602996802   5.663372801272242
4.335164856254735   8.187672799388036   5.616309211002649
7.692949123883455   2.201396617699681   4.2600543503435775
5.095197367762862   4.546853481120287   2.665129024211338
3.8486564539260493   5.386888012362907   2.9585863916737702
1.318959025323166   9.811863041144392   5.753696999993915
4.482614950144277   0.5298272392251355   0.6874975498551582
8.347350943009527   1.5432237820379926   3.7718540989104583
4.264375215782518   9.359736396251723   3.3339816904360147
1.4492690244843809   6.608840523639992   0.5454294060006488
7.310741360376229   1.3330086123825782   1.972152105728128
8.771525940144716   5.834215585664165   4.400969913540117
2.1835217268201643   3.6749180290746044   0.908932120697457
0.10772948898392765   3.1357301773867654   3.452537340655976
9.539056427285333   7.048096800907376   1.3599419846572
8.69369105830852   8.589566771559912   2.9609477808312774
1.7856274263209158   4.63076842952043   5.578795222580338
4.8864496430753706   1.7798236658177289   2.8013316238887547
2.387796711517824   6.298812729926638   2.368442455725707
1.757833212970346   2.385442294502963   5.491641522106456
3.788482720767226   4.540462234757207   0.1926779201328986
5.280342251931349   6.3202385633635005   0.5277692638764289
6.684972137599105   6.4392324416180795   1.8825643601439526
8.127760393812201   7.819057587155145   1.1138265673323013
9.56986772912886   0.7061624019094312   5.489642374038969
1.7951184232472306   8.164526529159561   3.5244839939625714
2.704614725656234   8.226305522108884   4.418221580325016
6.419255643186196   1.2198034986082333   5.015183892638221
6.498810340943182   0.04437113900056744   3.071271479023336
3.416751711692767   0.37498664344144217   0.554619146627685
