0.03310628762758583   6.682114555095206   2.6798783538753432
6.480655449859871   3.831478546685053   0.07644191272029643
9.454811492483843   5.570211789612282   2.0539077302986812
1.4230042464174009   6.759262674247037   1.835807445878388
3.7287889985066127   9.875594077186644   1.5749015283665728
4.454064505294145   2.032314880505708   4.514818308358723
2.2814572195382623   1.7310693535184454   1.466664884687308
4.129541193428597   9.121483917702161   2.2830114519782314
2.5516425596654067   8.80133477554559   5.814216194805528
6.918871903748844   2.258003904679841   0.0963556236788631
2.8679654783249693   2.8081987967261464   1.7929696900138425
5.330537627918774   3.377922915509138   4.0914178294044286
0.90208570265606   5.8223501402372655   1.3609381390225097
1.3752969350393773   7.983340435913762   4.919228879589237
1.5134579591367445   1.2335219724767954   0.41849959626294725
8.056620881158599   8.79098300286395   5.001103955463058
9.59536695425722   0.17906528043758974   0.9658724477505694
8.658669453447231   3.126098362730744   2.241996931115955
8.543347492856162   7.7460035806025145   4.049374317508628
0.357988693792253   0.667992418198847   3.8447790249221026
0.1791609350234422   1.754491051615871   1.397604150436271
4.379600654512308   7.11260766361098   4.804013376000333
0.5562367941387475   8.542652844757296   4.318264357649767
3.2245708996570595   4.982207998628716   4.45554892004785
5.237519562926118   2.422445565812804   0.7342101098220295
8.955329289011546   0.776973545082994   5.08906863513388
5.01842397061179   4.944212430202789   1.8861259879567975
5.562823819467361   1.561968698890786   5.344638797775267
6.258650723946028   4.691235495582379   6.212478956160245
7.32198802109635   4.0919391901288416   5.313372903351418
4.361205206395284   4.38188508450088   2.8376380436448976
8.010388296531465   5.432165427780779   0.10011448249276622
6.061593312361546   2.891858938838719   3.342171066144689
0.8630487999391463   9.928754054517757   5.04709387580724
2.938232293799987   3.686905842845446   6.09989380576335
1.8344342334476593   4.0077728502836605   5.604061412420496
7.496448782745035   3.0954659993126272   4.725087525244424
0.24380833789620482   4.417815498955352   2.4740019901877033
5.254958179115226   6.447968698491837   1.5602725043091514
1.8067358459618093   0.18924509575375836   0.2829576857877628
3.394462246121985   8.452466422043965   6.1419143783528884
7.513332004905815   1.6017238684077733   4.176483354741297
5.714665270116528   9.093972446233488   2.8215636933661634
6.872299645239821   7.197149640084019   6.0527614536436225
6.038881519757269   8.230101388639966   1.3847546734717138
8.77951687726155   4.87490194831406   5.380925986309485
0.8987697126853322   3.4919343959579243   1.8013536409266502
9.65031809245283   2.4947241272886096   2.9372257208292076
7.1324478388512755   6.35015880844852   1.5934684707632196
2.8046222304111947   9.696825083216966   3.368706835452945
2.3869727900152693   4.9103694156827355   6.158624876970369
4.321923203174011   0.5527029270372155   3.580202637759359
3.5773650342115855   6.511410612751806   1.4121727687116357
1.264404429788591   2.1371578604326356   0.06702392609705973
1.963608830676777   5.871460224078617   6.037405697979342
6.843061213586318   8.553584736768672   1.634202808249991
6.732065983079291   5.44705033999972   2.8034823898233183
8.612242090591232   9.610399462597293   1.6765201045789766
7.608511891736121   0.506010492515528   5.963717728831073
2.4139722977123497   7.960156736479303   2.645878698832677
5.3072536894356865   7.65275856986092   4.930670298463118
6.540513965235875   0.6849774344816941   4.856106664730724
6.63113536111123   9.644571430891245   4.149482013516132
5.7150522624511275   0.39934851478981437   0.2615412125276758
