9.650184867066704   5.869787050332346   2.4084835278840693
2.26200978307575   5.103020348850429   3.127625349922979
0.157619476559345   3.154743824601333   2.1834890899964736
8.065174028223204   1.181982107960036   6.0539968529032055
5.9760861567144925   4.389529730988558   2.386511243767166
5.224662655086807   0.8704629488945459   1.4916142688692748
2.069007128483789   2.589139307031345   4.757277472187521
4.280304774164715   6.437013265399721   4.828685792355415
0.40622822286256   9.003098417108797   0.9289686578264618
1.815156910122746   0.833343578968254   1.5590259401730067
3.5489647384761054   1.233834194858312   2.2317760986688002
2.0483820495417224   9.72243955841333   2.9663655501675508
3.2316001762325453   2.0174512813822836   1.5042278378279859
8.344796486555616   7.1782280201583335   3.8285588786443454
6.192998382039406   8.398337516421709   5.856988124262749
6.432430311681385   3.226660670941983   1.9592397100946721
8.971913736241422   0.956345356899108   0.7168262396498764
1.2544388064984955   3.0972520530718626   4.231904059510427
1.139031363200469   1.7868655405242329   2.8270816887874006
7.762945541276459   0.10345860108457416   0.6847943919001525
5.133797194380242   9.018991099022625   1.4733025128131714
9.276045520016268   1.8912043096960365   3.624305018104764
1.1121014428086313   4.973363792676285   3.442839245364297
3.017938656222286   0.47183176345168604   6.247025545150408
5.194271521085982   6.865357058046101   6.182401547083873
2.182289564008223   6.537612711417242   4.992590035383402
6.683294092815408   2.1274719737742376   2.956681387250987
7.148844028926278   7.748215971952371   2.896279477158217
4.300634921523314   0.5947914122292259   1.408078836379905
7.073091159000556   6.89870647478933   3.446271077903023
7.742798954693866   3.1402852695509025   3.8572194184507453
2.0347268498564235   8.580043876952995   1.4887988236378422
9.592000050188496   5.01875772357011   2.8459448184424545
3.5228617456236933   5.849514609496884   1.4936242874535173
3.793199869426951   9.866088576643762   4.7282256283827655
4.457968264924931   4.092017309663623   5.4335941246471995
8.665752560643572   9.935662503735303   2.428688659591387
8.813149926500236   5.8348437505891875   5.382621138600767
1.9394187153991185   7.427457769575965   1.7130872575214755
0.8859972817976525   6.849784488607955   3.3052133495889935
0.10984097235635737   1.6128214387385298   0.39560129434713875
5.384565262065041   2.4798237455678795   5.27344386246525
4.819240965227948   5.474337719243472   2.8935238081150154
5.954191355974329   5.319435730857669   3.4446920394416747
1.0153872137399278   0.12180416563065061   1.4342076075044745
8.229099713080076   1.98067500205608   5.887288746859953
9.661903302250881   8.406004508351154   4.985726768137056
8.725798820330525   4.995161672603367   1.7058863877931365
3.213627408590872   2.888871522351525   5.202193248490603
9.791284694779556   9.789689817252194   3.6502792814830674
2.8245520185087654   9.242914984489262   4.789654413717116
6.600983539042121   0.4065705082576843   0.6036552238303619
0.7682337086160785   4.077045509383457   3.402918308704595
2.2885520415020815   1.6804245053831157   1.172094003899139
3.041963488736954   8.016398484827889   5.881548597813361
9.15335449294868   7.080361834348278   1.9436574774334452
6.429416253706006   6.176372196695073   0.6003217179836553
8.661309795247648   8.7763686274076   3.456964759229451
6.5672643581691865   9.22227751587076   3.9253278594692715
2.538522879015707   3.8056413911583924   5.24779838129022
6.292972825441766   7.135623828184746   5.697335182506137
4.367710898518399   3.264866380373816   4.00048752387983
7.506676846924287   8.533760545610306   0.4874292426544339
8.306938725818064   8.006191248117215   0.6014822538393211
