1.595514950406053   7.7177799827986355   4.303241193344492
5.450689350030821   9.43440725339872   4.010839908401882
2.8681992751776115   1.0391177647433003   5.136629914601651
5.784827516217247   8.038577341659904   2.3965244643164545
0.33578218230646684   7.5516020869812115   3.2381884363110895
1.367955860181897   3.9649959571146773   3.4103866569227987
7.687613932752506   2.3105978033822296   5.815663903238135
0.7282167061586036   9.386147824652378   6.012772665120386
8.670641631729607   8.904456570540074   0.6735815555803605
6.4258204915923   3.5568144224835865   3.109356733841719
3.5038458167883175   2.202908108737938   4.322468784014015
2.0297166619960447   6.178622793932098   1.2535469939730288
5.809604302683592   0.6007470181874871   2.437039196526089
6.825832555346568   6.161902262086696   0.2621281707199565
6.013580618096161   2.339505182744194   2.2472865191651663
8.295746874076805   2.863823393379557   1.579864566390608
5.318949693584426   5.922728369836428   5.614965005022404
9.09361947401086   4.328868486810881   3.1854552960295366
7.0530360548355855   0.2102573246918613   6.0491278024897515
7.820737318808063   1.2784988357114226   0.5078222208621601
5.9489579308265474   4.61378945981499   3.9752437262411906
4.241989280330365   2.387849585822158   5.76458873214518
3.6463032874372243   4.148086900444222   3.963594938466122
1.6753805821632481   1.8818493139376573   1.322890957704209
6.985514191986567   8.005872744914539   2.736249488747786
8.929872192220955   5.602556235200324   6.033850480909905
2.6165901009791166   2.575252626170925   2.818067437606861
4.3606997975809705   3.435454174877188   5.195177776145596
8.8783674055058   3.402753905060079   1.676002767994162
6.69589110914943   5.145562665276385   2.136243070347981
0.42156432309873026   2.0019347809716392   6.241945874289268
4.484500117197524   7.618016780539276   1.8254017980825061
4.633925724590158   5.173344739660411   3.472497361590295
9.26153534463339   6.361896783370784   2.9441747536386287
7.4003881654279535   4.179456833137194   5.543714628620013
6.846928841247722   1.821994214022988   2.6207913636736655
8.270156728310564   4.750244969584691   1.9317993399336602
2.298948160748988   6.986258969712452   5.249979870151477
0.16827119171290938   4.885698607562283   5.453281377826259
5.776891466380812   6.792725534622236   3.768924273284241
4.243647761963698   1.5160634775119526   6.028865223299902
1.9894270696673995   0.03680408059073592   1.512843716271283
2.5896297011092178   4.247626605194638   0.7171716802960287
8.758876979053342   7.038622549288812   5.921814494413491
4.2429973117534185   0.09450781913964157   0.26065770084260353
0.8953797036322243   6.460783349855263   1.1784032936368303
1.1910192377200892   2.6440304762928704   3.512197912221781
0.226555847192358   0.469789567488883   5.790854309790991
1.5095590551708888   4.917216369290863   3.5665235580617574
8.370887690140886   0.004882183069873813   2.4781070237598266
7.836675091132798   7.762148450321405   6.2581153571942405
0.005681676476406494   8.593395897329893   1.0819173718521018
6.982864484128122   2.862507880126732   4.395912324065068
3.6149631499418575   0.5837285973470518   1.2650426762757232
1.7090794599085988   0.7577644420679607   4.51512977166473
6.675327501773274   7.281391197468254   5.536088700024893
3.2326745160293   5.645919697833056   1.1132950816604985
7.4536986474853775   6.657712770245807   2.1222791361242255
2.5000337570181643   8.75787938233015   5.6001551504821
5.158182970497923   1.0810127669526057   2.1779513562492907
3.747593108820667   9.315287827845765   0.9227113994899664
5.337632550912961   3.5401265513810563   2.7213961349774474
7.773668249713776   5.937088930930887   6.023809474077627
9.304762131278599   1.4495723852885816   2.2581799785682963
