4.767398264033824   5.822635177310692   3.661572600222448
4.535638832012919   8.490462315421828   4.96535700039005
3.2880913627483905   2.1722011716200322   5.20772679419912
5.775520302023984   7.669009132168064   3.3061136844309074
7.8169974771437545   8.59256036579245   2.4117464293844573
5.706816782182575   3.793342565597957   4.713955186509677
8.014394280243911   2.160898797492094   1.2713480050977868
3.369790340279901   6.3698834756004326   0.9106571763404818
8.232032144508217   1.1469559617536045   0.11764824663021226
5.728667878821376   5.533138887001659   2.4026792613071315
1.113624338240887   4.117144360272945   4.4910824251679164
8.607281005173006   6.432652948257785   5.98533652560855
5.408183916685095   1.4950399479469914   1.788878632845144
8.898683945217217   8.277376844564426   1.2866032512973218
8.524639902094323   9.207168262898268   3.4687422900806233
7.307589121127831   0.8939983801270293   2.0016688583105626
8.307462392300247   3.450326648196766   5.322959400942852
9.732897157319131   3.2223531648196686   3.8274497882641554
5.274501144053206   9.740929550022667   4.385561471678953
6.588167884432089   2.353811049847137   5.0234247302470045
4.212832552972186   2.8305758782451567   3.5616058548918264
3.475398840360584   5.480943732860704   5.6965475633459945
8.78948365165891   2.539141390340461   4.0434950837144354
2.3289207510039485   1.1432414767696697   2.5101240793900925
6.767236061054701   8.814498231758341   0.46674127706180235
8.2470452855116   4.885979610891982   3.264621458091844
0.8129506873547268   0.25400494498083875   1.8240747827094073
8.960810721478106   3.9231547928133104   0.5265522685714848
7.89325451949187   5.512853192115798   0.22957195031149868
6.106651211024144   6.875933761575147   2.1681474727837866
6.132256639010103   0.2916603133926527   3.368447726730504
2.6695768050169573   4.231468735002946   0.8959013387063605
0.2367930235378588   6.520590963234756   2.0692303117438335
2.9476869096668947   7.921443142803734   3.9227014179282933
7.149242424495926   3.3267475878964903   5.142697822282725
5.924243836051008   2.7390870154336233   0.9781808163325137
7.1767036120601855   6.468504049826819   4.394903556390705
2.861647198518747   8.758188504286146   4.079309107825978
3.5396443912409734   9.048870736408187   6.0023972949197555
3.769992927900152   3.8898851011387383   3.332604453987519
6.991294192613358   4.885240720310974   6.000583593125262
2.425091493085914   7.063457961799134   2.2856111797562932
8.812565963120832   1.7603158697258054   1.191539514092579
9.67398646153804   8.197849612823566   0.21970971800992167
3.7914730620587354   0.6188132162874277   0.8438559837930538
9.232652923532958   7.289286168641283   2.9087998348481197
0.8048867433059272   4.9547923661212705   3.7151179777404217
0.2290236900975291   5.537153545893598   0.12431944055682578
0.9281199024701215   6.017902254839696   5.916519439537567
1.7722152177646338   2.5799910918786524   4.544643498457766
0.021496443658298586   0.5835568895135632   5.3874583935629055
6.849671241566128   7.820654233343194   6.169684348590088
4.444041175622766   4.602399170375454   6.034927066063505
2.56053892751782   0.3283219721193844   3.2481416800126133
1.3736604836989776   9.380640790429307   4.794081317990677
4.503836443074643   6.950467643185111   0.9563214267015575
1.8801800901727141   4.324334236986063   1.9629689590805512
0.5318782831450625   7.313154408488753   1.8382258713747444
5.201805964253905   2.4011861590659684   4.028893059955063
3.72276543238448   1.4547480646344513   3.078494657084662
5.832671632741899   8.87669723049416   0.22465101444629082
3.2333002127923596   3.180457508038553   5.350501247291564
1.4160619647875106   7.12345565498975   5.1056300581591145
0.5986845753816398   1.2087708647794488   2.2873189760285006
