3.5786976022282664   5.60629250016376   3.1991393371789285
4.875859975504199   9.723352923495481   5.757236286038974
1.7777371217820592   1.3442807980793   5.357611501633351
6.100951802000891   7.326856261564553   4.266093769272985
7.013349810743582   7.757861860004675   2.899439519021917
7.228633577228453   3.2274246475340806   4.481221021306241
0.990110557214759   1.1365795298183539   2.38900668482863
2.7409027533845176   4.924300376530822   0.7778550274787384
5.516716041159721   0.8722215760033946   1.401500079338659
4.278516994732091   6.3947030679622   2.0740921393472393
9.750943434375685   4.475019796963789   5.3096650197445685
0.40869468528541425   8.95251336218335   4.890415359566105
6.078173985434005   8.11448113125793   1.2194851293936693
0.7155395055891266   0.456527061329594   0.7274186382675629
1.8709256325326995   0.002235782647591833   1.8316436076186011
4.788406067037399   4.528451036508279   3.3371055615556395
6.754603646935237   4.4827691790559046   2.848119984085287
1.6003613347146413   2.784179188915536   3.7171662338054112
5.17096041997029   7.504070252480771   2.060683799423392
6.884278345061809   2.4693229645479304   5.639300142830885
4.795742642237502   1.8648843004453877   4.466134528905408
0.5511015358171716   6.435881636427199   5.9211963593976895
7.9983975941969225   2.5705798623393434   3.4786674808799316
3.4629835789715337   9.710789801147081   2.6739116688228006
5.2499727842473485   8.58581847441284   0.24650343223661625
5.100008715818158   6.381954047903718   3.264486743149411
0.842753373949227   8.436975429547175   1.697363511698831
7.830550058446702   0.9360868729999634   0.5928949789106339
8.047995816767926   4.560480153253024   5.611504573339168
2.809067627164041   7.089532372191524   2.0203366545593533
6.586830159756934   9.249134292187376   3.728831339463438
2.209359853465325   3.453859918952702   1.4333284467929446
6.906469917637823   6.742825405593125   1.6127252717326908
9.752701900001634   2.0102891609021087   2.1517498548712513
5.784958439003578   4.496469922953892   5.0489900517243695
6.767674325081249   1.5091951542328972   0.39800450681672683
6.843560032983462   5.6706894941835095   3.1045142599525124
9.61285074194953   2.932438996667564   4.534224719376269
1.9463287541340737   8.636943842797422   0.325676166021285
3.846614140669146   3.7127989719109102   4.4873813359459715
6.0277053934014715   3.6714299221456574   0.22897514530091143
3.82466217290301   7.1128522013750075   3.021741639873974
8.60669846039415   8.53217438576032   1.212517442271549
9.395506363440564   8.094881503573422   3.728320593042404
2.7382233176414235   8.36491664312412   2.0252045262401994
2.095767106963061   5.467070359562279   3.8984870531873534
8.265238036268839   3.6600095947667004   2.703855869710202
8.533829836182589   5.694326775952947   0.4650815708791983
8.993829344620403   6.572390766333871   0.05319758172046929
3.4646316831154653   0.9855926849098086   4.291590051302229
9.701665653375853   0.26227819313353096   4.158003521378198
7.7929377731037155   8.21325092746045   6.055695193720886
5.666909452384912   5.4720863728923295   6.282936683367001
3.1024566301889887   1.6724090604648545   3.4940306629960562
2.0368718041286393   7.726184908901678   4.859723303777764
3.219129602537142   6.387404662397592   3.060650701890591
3.1937360102233403   4.109816164769895   2.639012210986963
8.460817988124738   7.4432445809628085   3.413159123734211
3.8559617990255353   2.6356224947159084   4.922573162711864
4.101594535162579   0.36284493719071215   3.3223186538503247
7.692243590507522   9.430954805205317   0.7961173090970693
2.720135106505133   2.8550161235589266   6.112250700228282
1.2494464332576791   6.991935570989134   5.096453244168421
1.040138455395073   3.533460909404018   2.969413417634725
