5.890053897541167   8.86561435914944   3.2685526312933666
8.431639063543557   0.9974464534621476   2.6521046037464293
7.005514043052689   3.067022781821768   4.584863376769472
4.788895058389146   7.110777455119188   3.144248295890585
7.874909811200653   6.057828118663246   0.1897961801704095
0.4074423978096235   1.3679725874934303   2.823797319930771
7.522475184412048   2.1146386424372547   5.471421332318874
9.332246387867533   8.57410475536236   2.145927214919088
6.743950657196079   8.013427193384826   5.687067786794635
6.733136140423213   5.289349262413844   3.948161738260573
1.369171491372105   3.263981000537398   3.4223125097588114
3.520036968438784   4.351874860646145   3.3400184590267563
5.691535520388465   5.769181710565403   0.3874711155310513
8.170598402528313   1.9110632968607129   2.2650551469935056
6.369445502696507   9.641846169357258   3.560791207608376
4.020379626641459   1.689185912373469   0.2489566210588548
7.627876734810734   3.706351186124792   4.918038216475098
9.465014070667577   1.9234012490750785   1.999645901979387
6.645892261944866   1.10868530512042   0.025987580577652436
8.911127344769131   7.940221389996895   0.46021785953267713
3.2568857270717637   5.519702493477887   2.4610012210836656
5.212541063024304   9.356550893867961   4.939706043696324
5.299880590816278   3.822267418457027   5.1586661664931
2.1869379009164924   3.7777266270139016   2.4079441724087176
5.378629345848354   7.7777145792343205   1.129227594876108
0.8662457246644562   8.203061144041865   4.715577255156437
2.461862799732318   1.296181569490123   4.030366919358726
4.215483284339208   0.11457388408289948   5.192479876555754
8.546495522095134   3.019432463615564   0.8382764962795182
8.486573106104867   7.15150015248015   0.733361382481967
0.9826737484156283   2.4444629698671694   1.4809462389999035
3.160284165257675   7.465426614225552   2.3239382099132264
3.2708332088495418   8.236271569899303   3.8686128694111583
4.531474023805758   3.8461364946833183   1.9374059828663128
6.165929119326486   6.714443251859191   0.9584855091357357
1.6576424647569814   1.5025136570828588   3.416130585479886
5.366073795388371   0.686560459727624   4.180123627430346
8.875692424561617   5.994540172379361   0.4906249633878794
2.06878268115255   5.359942149849184   5.226466275893443
8.743508470732932   3.9323762261057786   3.4970390858082867
9.645731294718042   4.0092586134257315   2.055034064014906
6.189014651189434   2.289994377857723   2.631246330626578
6.1045585847844075   4.439672572560979   0.6565168329461104
9.375058592821937   3.0810206022343447   4.830792181046209
4.652251376140065   2.6754258318408266   0.12056148676265813
9.732738577083923   5.567273651407971   0.7027026866528775
7.219961089744005   0.5183960873628676   1.3589937334401034
2.1860161533812335   0.41565161855378585   5.859927934216244
7.975127965538497   8.74256402655078   2.4735383314261505
1.1587034625449433   0.4854492427424595   4.2322569678317885
0.9775023690819699   6.866886696588921   0.008477731901185948
3.152304620097038   0.5157257542494567   1.333191472283156
9.380114634936609   0.8571575706218948   5.085113228138215
8.09003900718974   9.60433907553415   5.455393763454751
9.086255867207676   9.539446330040978   2.5592307874065923
5.216775395337828   6.385847087400847   4.683216617583887
1.8811751884048704   2.680773679550039   0.6007076869753798
9.533672809701226   6.968898451743479   1.32222427352065
2.101609358584958   7.9105762064351355   5.978351359936019
2.138149792001713   6.144834140529835   2.3352065117503056
3.591530770544692   9.108920158757469   4.512538113696441
5.458273986683419   1.990315617981954   2.8282771016789225
7.600910037687155   6.847057876787731   0.506933700309858
0.5313067735913783   9.394965459674868   1.128210345409228
