5.822830667726454   0.04328987285633398   2.897220606920461
2.91195487582805   2.8449679645975436   0.20112001699840562
2.070665184988983   4.077721681546053   5.755446414709736
4.499214370076184   5.3979784967050195   1.1740464689035406
6.5059452788324865   7.4023637714727   3.020503384221226
1.1882626776004974   6.257053010162606   4.5761528118845085
8.876106633325326   2.280202799510486   1.5111644816146808
8.41298761352517   9.84072024815202   5.850220069489724
0.3738841799071396   4.238872316084699   1.532023426748727
4.994996572996916   2.307701410060531   1.0959503270162676
2.9781022382222804   9.704566410423661   1.4291430271505166
9.020665250007559   8.678254682523281   4.883881296618666
3.9104093688946557   2.8315679310366235   0.3278952238567698
5.780580325841047   9.179558189165224   0.5034658906043679
6.531828016023728   4.310657909387339   3.275459273109129
0.006511283674835555   2.4995944478765906   3.725449553876625
1.2583778679907816   2.765197581984928   0.8983244241607715
1.878025265795783   7.137908449735422   5.5677107050095564
3.720170731973411   7.860105659601543   2.7160770286029563
7.626943978495963   8.000198770673775   3.2826250209907504
9.3283704856171   6.260600873174097   0.9959139255718776
2.7783693621254364   7.197972159120133   1.2202376793144596
7.537653221780284   9.55671694101828   5.048848337924702
3.5263074187694103   4.0013409987929816   1.7598230879987367
8.060082780756153   2.6137884837490204   4.878088051926466
3.6288968038026317   4.8466015205457404   3.4627129325642287
5.006947476187723   0.46788839788982894   3.493358049555119
5.184977822134217   1.4421663273687564   2.287928370267824
0.13528204464272164   9.480203503175863   1.8012716815465457
2.876907834842949   0.8823728180014032   3.1738803418112345
9.516905502111278   4.303632573412777   0.4772429618616154
1.5014036779344941   9.419191161352853   3.8136202019738787
0.2811654038260725   6.444911271609649   3.665585627789799
2.229554616441458   1.6295483046143469   0.7007458307525964
6.377786587655936   5.1168107277351975   4.857724845439946
0.858236474384185   7.2643976009630995   5.336737063354424
5.506684737581837   3.097948874533198   1.7071737259461357
0.24819383008827522   3.3713281221376548   5.328201770929804
5.470717565933968   4.408727777498914   2.4263371184250193
7.159881395241365   3.2351116021044235   3.910806368274928
5.534772065604336   6.648101017217353   4.543084712761262
7.7353103029217465   6.565374552204764   1.0370364054574561
1.159268634177637   3.6654772754347347   2.2145071741562297
7.490956923301071   1.4444526316242885   5.990828798355433
6.088773555962299   1.0383175555017252   4.590008472645797
6.8808778154145305   8.833959696850288   6.026699964734565
2.293143311349498   8.308394528311112   3.2356909097990108
8.545782759604636   5.6847937772146135   3.898548479547754
0.787281688348008   5.27018779000905   0.3633483837044914
9.839897145416684   7.556241764223302   4.074507625205344
3.972201714545015   1.2595940924577975   1.504996430489177
3.881531485920947   8.993852200908426   2.0872289496944205
6.716349552985804   9.778272346229054   0.7608892385845466
8.491169924867863   4.861897808698377   1.8584227717915118
7.530070805279292   4.09112355176025   0.04875309365153038
9.560985803786375   1.3512659558783442   0.8949366341944606
2.6319196454108376   4.700854876268838   1.2318345883504311
6.344542511595079   2.00168307176342   2.962018297266082
1.7146280199701305   0.43910191982679275   3.22155613004872
8.299193664451533   1.5852482921227407   3.7800340551664093
0.8912805733363871   8.57251686853671   3.3959943375692063
3.744845110960387   0.16847724525887797   1.348423138781366
8.446792854077236   7.248504549223074   4.662847260944907
2.0011920777633536   6.263633306838544   2.0001069917549117
