6.100311841095583   9.757115578127959   2.9126832709148127
2.8513528493290727   2.0564267524494966   6.219156749686398
1.7560682196388682   4.4966498674431055   5.866889488384829
5.429907039439055   5.116665155324736   2.4878511566589387
4.440539198312564   7.748013828380899   1.8235357943096278
1.1103481413350695   6.957880667848008   4.645990089315826
6.340149001100688   2.5135081162763977   1.3413294349679228
7.270436301916687   1.8698494135673205   6.129900764244272
1.8495967239556612   6.17198827432336   1.057701023834506
3.962310843721733   2.678166682072138   1.0703112613525634
4.084850736854632   0.5309105689904151   1.2376487577341704
0.013770506110144243   8.208946465583923   4.380961374432977
3.967697950842664   4.00921304393086   0.31646891319497356
4.181423766324948   9.629350756667694   0.7871278221427328
7.138006525642814   5.782619725271881   3.0602366936704253
0.7480352522506053   2.697624066952019   3.8664450577556493
1.5405757806676526   2.395933614260506   0.9177079703736108
2.556882641301117   6.806854675560521   5.806310200640789
3.540817379271376   8.951471908177675   2.817965992421784
6.421659334687741   5.336071247859576   2.594144669990403
9.231063637489402   5.001770250445691   0.3221756810956061
2.8095694251404106   5.730951302978778   0.6895170848208197
9.30977962848203   8.979578390365452   5.681202739558107
3.594546460863694   6.158384074463307   0.7699646382780831
6.103961467427579   1.5358629300625068   4.722298934527069
5.3663496045140295   4.13818817660928   3.4000264721784594
4.81249558994617   1.181181489441009   4.0547222563901615
4.822813213493096   2.323271813651818   1.6408475665973097
0.6096725665316625   1.7081217220724911   3.5462177506482586
3.1933788796656097   0.8349333235402486   1.9888948482273665
8.464418696540847   4.169123906040571   0.3372532579709643
2.1813074118449496   9.960723758641643   3.5813955635618635
9.894984063179177   7.086704996511282   3.5566218619157954
2.8415828182508904   3.670739654373143   1.3708901433015606
6.374836395595098   7.328474597059384   5.137477236990888
1.9198333289712264   7.492487113594678   5.968988404644808
5.5529612273089715   2.9698258388961567   1.2816789592944966
8.290718865734863   1.8579111213089115   6.165348041122468
6.810507731634599   3.6729359466532854   2.602276679349676
7.505991009077662   4.239950592916541   3.9650646736488215
4.680936152533202   5.86882812271226   3.2419248012426167
8.632416353909406   6.869689767399343   0.1799858708944389
0.3201126556004503   5.501806773559351   1.6376699572950826
7.1506546703482945   2.8756610713240622   0.012632283030069164
7.6577890786323835   0.5046082899524973   5.987926481000681
5.3146365127149116   8.02757325827855   5.504182150128868
1.3450063322874604   0.0379790276124099   3.6786028455451407
8.120685890450648   6.054450444817229   3.3862389994208444
0.8925175487474207   3.838856738145639   5.68735743151271
8.648211109796089   7.920230637625305   4.047070288954508
3.7039094466877773   1.5668878564840056   2.619360824498352
3.638882080676833   8.097855923829984   3.3040940273586195
6.699090897897187   9.022865630502052   1.543089098503604
9.265203508612545   6.007749544609791   0.5278519838045055
8.845491072253578   3.1902081397285156   5.868441039186719
9.70525004593634   0.5433522133565092   0.2796692021025279
3.8672747051436986   4.822413322485565   0.7326111879928291
6.870846633360795   1.125909077517457   3.002547794098036
9.699942410955462   1.374877793963341   2.452896432582132
8.752444881279114   9.740077983689318   4.683151052004135
0.2586578396446386   9.052469386731255   3.7177354356673065
2.505447443969144   8.931144306651468   1.2758796587070707
7.63057679672126   7.600636701482634   4.036405062321801
4.92179932213893   7.024815273027735   2.2922907931358973
