4.6178342268273465   0.171756995040243   4.068509844950157
0.9467027391526149   6.201885306014519   0.8332736308030921
9.60711885516775   1.2652742766903078   5.276849227971869
4.054092297909276   2.9413228388715473   3.813283349355858
2.5554018138961117   9.89557576649254   1.6876270972880354
8.801342233668326   7.113785056382548   0.3209183646707927
6.592025954780797   0.217672495229753   1.3810016626158665
4.912963077375944   2.3213199204191035   3.7200448570936078
0.2948277030303632   7.004338425966031   0.41450124183966996
3.4101113004131354   1.7624830558974933   3.090783938586056
4.918359275610273   1.2295657094205337   6.139780890592047
9.483089968821538   9.750732953138906   4.166066995185874
2.863211107559014   3.367242098208934   0.735451849309402
4.941847623484075   9.138809713870941   2.5775373242890542
9.50566519907228   6.28360650577345   2.464083689803336
9.117124338666972   4.999024757493646   5.140021960922129
2.051710378329996   3.006980096508232   4.451489270046678
4.079112678186479   8.888108352231288   5.404912953832295
4.667382175785511   7.703412212683288   3.6874992886094446
5.688964753524731   6.187484222922792   2.0755975651313183
1.955749538395273   6.135400396401417   5.596208185538726
2.234984289878082   5.153701707438051   1.0016234682750957
7.631196395307077   8.194850276457165   5.655785936531701
3.014477279407307   5.755094274388232   1.2393475467818829
5.766839814003363   9.445556867083559   3.2475063002762576
4.979566059727226   4.929972977107304   3.779830302341814
7.646356784263788   2.1307025650298104   4.318802770890021
3.949858334207625   5.129578881145001   2.0425459591462074
2.5658365285958875   2.087076787443717   3.586545319149211
3.8312914177926984   7.949628930080295   2.748129682231958
0.7092794966282612   2.5620394927161545   1.3784555552569586
3.308308807931512   0.950126701835449   3.8516957241565954
9.037802647570178   7.954811655401115   3.6258621778422495
4.955779960377816   3.7862693531761775   1.8057325458285423
8.228627406235004   6.369917558622419   0.7603632347505487
2.5040608295371225   7.724020001322884   4.714191798574023
5.7668033819251745   4.22351663731367   0.6911695274289393
0.3913560855871119   3.513212654714232   1.1369237564590053
5.82043676757797   1.5200840792557364   1.3353295958324538
5.802313621784249   2.9729772818114863   3.127914203072267
4.329839693460569   6.6629368904679165   2.588502682635142
6.4419166138619275   7.847099413372622   0.042056361738935344
1.0915353824236367   5.397495029089961   1.840071602333641
8.53548571135265   3.299116895803796   5.729150819439517
1.879280606158055   8.456073839988687   0.4510008734495431
3.394458342363895   7.134504580213818   0.20249553164936204
0.6753755112114999   1.0224216841896312   3.1722514984238512
8.011566543946769   5.013716255139396   4.337498228523677
9.494301842225559   4.110953856725279   3.6624064814966775
6.734436735176692   1.6958073745418019   4.72137085284961
2.6397609611018398   4.310972374714115   2.525392867303967
0.2112507780635886   8.627464012212872   5.242518614809272
7.237271294749573   0.8060888820528967   1.6214378454049196
8.503745908173974   0.15289174548539997   0.23496497486405615
9.762937057379006   2.858260423959597   5.48170364118122
0.34060075906700593   9.717970597231082   4.74591174706681
0.6072531451700565   4.615632975687051   1.6034263700979987
6.964483633013449   8.911960246229638   2.09652309661717
1.8567575772377585   1.0137230631230159   2.4477850789347935
8.77462270242187   0.9859944896120658   3.72598013999761
1.3250955824395243   7.8078336712052945   2.3365689421005063
2.6092869982392646   6.929103300035921   1.8573004256099772
5.525339145688397   0.4993686045612609   4.537224544508904
5.58268415545382   8.022099238088375   1.6357214047576405
