5.365364424013533   9.249639106565004   3.972650701562534
8.185067811515736   5.532508015251858   1.3148782721010366
3.647102845999536   4.342047625454593   5.1673165483724715
6.375038903734707   3.553844889506397   1.1015892076299796
6.58119869925476   6.642478890802907   2.0091509948114443
2.393870769114858   5.333083281176036   4.39695961133234
8.606445166498702   4.548423440790598   2.0406297459794738
9.365293178516087   1.0853952797361122   4.663411191555237
3.71652206123517   3.4797001872515008   1.9316360791774363
7.498759351009372   0.9379563660774137   2.4184915369907456
1.2347470372201128   0.12011433715819553   2.2320180556548106
9.527787996192654   0.05475893403171739   4.487581419857399
1.7712071496193256   1.4896416467905955   0.3480636497710648
5.695855747091699   8.306859688261667   5.3973204673797195
8.23685027367941   3.5415113575310886   3.196854840340106
0.25262543738953624   2.5710050566728984   3.183385475319637
2.7917477292498094   3.0637533496000153   1.9986135045328903
2.005891825390226   9.48175296413143   0.47160589358971466
6.940983813106653   7.430663587277091   0.5830966805127467
7.999886475994206   6.627161915960705   3.278042742184533
1.1647302596101667   7.852404667468634   0.49640288424949336
3.7298276075354018   7.4075046407027525   0.8177339393168794
7.627043727443474   9.355547012628008   5.707690594033029
4.525940618655616   3.3117416261515196   1.0769756224245346
7.02077331171758   8.535417449551058   4.783184985754488
5.762552111610958   6.600210025779161   3.287822701486977
3.270440026122205   0.7385828127913033   3.438990000276461
3.4246140433172765   9.808602817905623   1.9958161833638797
2.4785672828871768   0.3512018576463295   1.9445747578162245
5.132426762744374   7.442499971191434   1.5687896773065106
0.6961269865119537   4.635297997149988   0.35039111299993
0.9661105098540268   2.088793085180511   5.9000111488180185
7.190600720752027   5.719053743594335   2.935394768463578
0.03705815876942076   7.5666537550974935   6.068498513480765
9.335943941559075   5.872120586218756   3.9269816991178215
2.6882812299634615   7.134735074667978   4.924071062065591
7.033311877834811   4.198317546124034   1.9841391408765536
2.811428928038936   1.8555143706940864   4.156231068916869
4.219946696430661   5.884317385695124   2.2802729212582546
6.6593113117594225   1.8350775709035025   2.5820370245880926
1.8703317440528489   4.621903332461215   2.9316786792527214
8.022618091446274   7.606342366134991   1.5269144381620887
2.6354702877257448   4.2078124500218586   1.2121008162037246
4.385020651352267   1.0687096076683011   5.536939276409984
6.067302011353362   1.0422616752492406   5.057840198038276
8.57551821346107   9.094584121602102   5.288315512446882
8.784001749981128   8.027624941917134   3.5070324096969028
9.470012351701357   4.653716793140777   4.348730648359732
1.2055667139029644   5.964130515544394   0.37707123087305155
0.7149774654098733   8.948637194601805   0.4139928541191323
4.699279285262096   2.0592071898729873   0.411605267639942
4.934189539912946   0.17703516222811227   2.1900530215845895
6.4514254362098145   9.946074480302695   5.865825316869749
5.842466081511222   4.639090615386405   2.3907463494332886
8.951178060404004   1.8695892209578766   5.986369713428439
8.372555835824775   0.45396630478591904   1.5688297868915029
4.299891905379799   4.821596106178705   1.5510100555655069
3.7434370859880426   1.8073569610873221   2.65788088640363
1.2535466956130608   3.480397123035425   4.942342373357491
0.4076189980423273   0.48797546890030014   1.3070476968167433
9.758240442426782   9.15730103197265   1.1467058004263606
6.0237627228643245   7.41125672373703   0.06597788122417883
8.776015950671761   6.879659814086248   5.766257004826226
1.4834553443165979   6.848560389144497   1.707205147062203
