5.8891154628958065   0.23831517536198712   3.0057456554093043
2.7062209686611536   2.8088390287605227   6.007142605047571
1.9180276898192217   4.427484373983569   5.911654195662786
4.229271769302305   5.372030855475512   1.565680494359249
5.900476149565724   8.07920854839092   3.3390067937284935
0.8151484947749188   6.572197782187214   4.489087238010399
8.750434779690659   2.859711742036292   1.8278690103276203
8.880642044722041   0.3434246300252232   5.878134278162273
1.4536382753905175   5.377373096461697   0.888133003680447
4.917749134754844   1.8957166411505553   0.9986700580693968
2.8590545673234744   0.31657842166701267   1.5956792567833318
9.449987066842585   8.190310881887214   5.149735702055619
4.571482610231308   3.1673076216878546   6.266780550759085
4.909351746173791   9.820563127897183   0.84715500423919
6.964987921450152   4.644360382332195   3.784429386428899
0.901942513579449   2.798753008717305   3.742637014295372
1.6170748134980677   2.4453668971604463   0.8391222149575501
2.51063567694591   7.738467597883869   5.854239521506655
4.408162625461456   8.423583897280132   2.854304937954016
6.656963187769663   7.3732755616807095   3.2416479699994785
8.993169513626281   6.590836096282024   1.3042536649933953
2.687216966460229   6.925919266622457   1.1249437144602945
8.119365749226006   9.735929487213449   5.09709689174961
3.6252307613710797   3.2872003822614615   1.3915786605536065
7.448184849499131   2.7972556512898206   4.483874890918915
4.14720548707894   4.464119708477446   3.52974023779709
4.996299383667852   0.9369444952960988   3.430218997087409
5.766043974150867   1.3557136799805716   2.2744655352777463
0.5871709677619183   9.66319228690139   2.6520703554781933
3.0170906793096823   1.1915083932039625   3.1382195953654897
9.710167952605625   4.344104685717083   0.1418331638992187
1.5318446185752495   0.08750046733914063   3.554955485319637
9.936802331302417   6.304484263965442   3.608803417020836
2.449102987491102   1.852304106663471   0.6863135376680265
6.065745608845521   6.271671076668325   4.493874417726162
1.0100181554172152   7.480270824662295   5.73329609548265
5.315610394928517   2.6526831895193594   1.618630579505412
0.05291485420678832   3.0343186980456824   5.333469742597325
5.096982314491048   3.8607903569273145   2.616139860409172
5.958778233505743   3.331944888770713   3.6720093390713893
5.046061774287024   7.4148196703862   4.510374416603518
7.125873885185671   6.682199451820267   0.9135221343995297
0.8523364064298182   4.253099686405797   1.730176517344374
7.366469746781684   1.9862645155496548   5.914702808833766
6.854761187846797   0.9075504956848093   4.827777221538155
6.983851330462629   8.371073482022087   5.525151919364147
2.3067780223473715   9.062266523159414   3.4486046475122776
8.24361722549415   6.046084450779253   3.7320297775735742
0.483093266764841   5.39104206843478   0.5049302256642875
0.16298462093299193   7.296766129484726   4.256690742614645
4.044145976158349   1.5257047455043917   1.4853874885670646
3.4987059684551487   9.57772329333928   2.642596211440539
7.226005215176441   9.683156689683669   1.126681088842643
8.658463232934066   4.840190108551927   1.7957522397125811
7.4543943989693595   3.9545669968434174   0.04680206588224377
0.21760509119467591   0.8331486738653656   0.7387390710011016
2.9578747993494146   4.251646744029191   1.5180821689445194
6.499028280898259   2.046768017776905   2.904924520856533
1.8369884540845391   1.0152665768535099   3.102885011587829
8.57376825906533   1.3126687922635347   3.8414198315012147
0.7550716382549617   8.64779454708381   3.692586301855414
4.203069183625939   0.5070682450115286   1.4653810495962925
8.136138617272644   7.661573484829716   4.3217239800492155
2.5873124506281453   5.5450403769737475   2.051327674426507
