7.00825330114293   9.041579723674912   3.9217782677747914
0.6768189700389067   2.850780902283171   6.13729891526431
3.4740620126686528   4.176319309044677   5.0100606354703325
4.569063258493595   3.525012839293441   1.1640763058487327
6.155445758560564   6.257967287096466   1.5169334247556396
1.7836173015013748   7.387046788107659   4.889109108097855
9.176180067086364   2.7758677813513692   2.376664587867235
9.199394367098618   9.34818928637809   5.09494579405674
1.3691998345864143   4.168809030806077   0.7784715857209341
7.9364115454201185   1.9065850444769654   1.421101809429967
3.077043084755   1.0585472448081488   1.3314571718301478
7.533659785713102   0.8568324083615821   4.493825465006621
3.0639562684818524   1.8770576657547038   0.2794545283755099
5.977753225794379   9.32814194933308   5.835830827206594
6.286864380103189   3.8533443289677405   2.5029506297896766
9.788470743981586   2.1723555670957535   3.62886787261098
3.0800978982509415   2.8762484123190823   1.3866357668518592
1.9191950866822378   9.03213727973775   0.02450206082499662
5.483693943217351   8.579529967882388   2.659114309598726
6.9527372544428   5.946531226043049   2.957635010935629
0.3079547678516608   7.521444655944785   0.6823098267016305
3.5627022444550285   7.245402660855128   2.1848108288170693
8.19814003227392   7.609976427171328   5.374629751893749
4.160195956163772   2.4442028449565885   2.3705847066782
8.669551463526838   0.044008012322697354   4.6073017742578966
4.371483972015168   5.1838428561494   3.0677567496059055
4.933583224534438   1.7354343032832191   3.4298485753761008
4.082327407803291   0.4771886942891774   1.4676454905088587
9.597555447293773   0.2804060267873338   1.3779759060606405
4.434377759969766   9.123888185350086   2.3993629054004573
9.260717824524676   3.8966485568117606   1.0028465798173245
2.170545019740644   0.6986894592745845   4.200046168387003
6.877581125361092   4.868345036994988   3.484368977471182
1.2466800655207473   0.8212057600401818   0.6029329792190454
8.526050543077186   6.752627363343025   4.1891269423581425
2.6178102639364256   7.233679111413139   4.2172080604229105
5.422110418658182   3.2876293596727866   2.396070345444252
1.949461830987258   3.2622385805262146   5.276275147446827
4.802785103805151   6.825687129821584   1.9342716891749616
6.712413092680647   2.8418770528658563   3.3149358674782974
3.090844062247963   5.374859319001754   3.7145853017618986
9.303109243151528   7.180675570918995   0.8062602005211659
1.6271886091876429   5.523090217267704   1.2022807457959157
4.982527227880479   9.817655105263942   6.269802012750633
7.0128980592544385   1.51877081935513   4.48652788084263
7.287858035232008   7.6331746254971575   4.52002005176376
2.8620205698334193   8.592253486939045   4.767142616085876
0.18817718518388116   5.044531374647068   4.935117790383123
1.405023346078523   6.557227407501888   0.5342813651463363
0.4180596490454721   8.417102568372819   5.345108889895131
5.554232953717767   2.37909489862488   1.0077184697702581
6.474986991503956   8.001620790059313   2.2494453548167064
6.148185522576531   1.1508839241791338   5.9792257207769195
5.155748819068159   5.670496661963816   2.4403851291866347
7.469324036080215   3.2510479977651037   5.978456196419098
0.32537307654561076   9.632919146387561   0.6199680295792276
4.3635552830373205   4.331880229212823   1.0525093776011585
5.232592444463884   4.564863817031872   2.106629848515382
2.123322773259515   1.8824365743346294   5.071908742470551
9.041865428073265   1.7076962469543278   2.2858659096809135
1.1351207258864209   7.9815995861221145   1.4780825428782458
4.758346375246941   7.652904882050049   1.163044310928613
0.2869813390281557   6.009313762889411   5.139422673537403
2.843705675849476   6.344202304678169   1.8821762694359765
