2.3759549330691803   0.0453543146756456   3.292756926720076
1.2024624948560982   7.139757967314108   1.961261845371196
7.0035365651392665   8.293963814083245   5.022661543519943
4.854211323804347   5.665972090916941   3.36530930241022
0.2700294283251198   9.883510544114277   1.2203176475901023
8.819951911593305   6.402973303893227   0.45482855691341
8.407633284072437   9.578166467475416   1.351328390466684
6.381967777785106   4.637394911266122   4.744404577436814
5.86431069642146   6.787421045370779   1.9165822743115717
2.0321129231929316   3.316684375490957   3.8236687640837284
0.9699391743576431   3.7088238826845688   1.5226542340567903
8.516127452663866   1.8528313836920183   5.030113410465086
2.4047813354711978   4.256229342092009   0.21806165411234396
5.045990565626748   9.334906864465953   3.170068680466438
2.4233899634438933   6.924629639178006   3.427610399244737
6.565126989395517   5.980577572386083   6.073282886926956
3.9232801220527733   5.18754740950739   3.098480027088636
3.0160573973571334   7.910624845923356   5.85712683509458
8.852005053029789   7.379119411613339   2.5962973267671305
5.507310444506082   4.968090746218269   2.1520049547994082
0.1822903769093719   6.859974947551161   4.661076821315149
2.1132618483976118   5.9839502974446335   0.4847282678813448
8.892400393892137   8.206180558900178   4.8145155453489865
3.9799832366466603   6.324809936761265   2.394335783204888
7.1620447094470086   1.38476084214809   4.951608096574187
4.924699143495934   4.140349477350431   3.7632756207664713
8.948763956032352   1.1402962379497663   3.798798984449139
3.0747048449839514   3.55563261585392   1.975934782649728
2.0730192796047526   2.2302815713801287   3.5119427711723463
2.229268710813117   9.006618722836121   2.2564837086901077
1.5751579167849172   9.843489589019411   0.6584182574548576
2.913744094578589   2.3495025260060336   4.220678040766865
9.757025327570755   8.577292433968136   2.78147935158345
4.0277656158845705   3.2055798546388354   2.1247730712026667
8.876495211564714   5.490434717884302   2.8649466586310846
1.6128223707904643   4.987555161796048   3.855343708036742
7.6347241693326   2.583516879024261   0.26923298731921663
9.762198901947654   2.7021675542225774   0.3915599255595501
5.892202085977898   0.7074952689978493   0.0908642028693938
5.496697612201285   2.552202779466654   3.8275265290631793
7.788799294507194   7.724994550146544   3.050014490969894
7.59091369904696   6.36388229896253   5.6245022862628735
0.03046233555438249   7.671742631241319   1.9873628462678474
7.396214782043216   4.738367591555665   0.3187119302849149
0.48169813903825126   0.8786805257398647   5.77455026146431
4.25590330485027   7.187491520016854   5.557274894280932
0.5059225466627726   2.015820569119588   3.6774975385359614
8.195115092578137   4.802162219368109   2.8983393212066453
8.744838630517654   2.6688224638854825   3.580999934313932
7.1169341137155495   9.694950988509603   6.116120916252893
9.39731824830576   3.959537362975527   4.206466841529252
3.643720448616987   1.9013121335312828   4.21261342709762
6.74459519539244   2.8581397247503264   0.27113239518673715
9.2069989455445   0.3102405839345234   6.242911900413568
0.7701033109913502   2.778835997757477   0.6709089695585718
3.454321631606832   9.138785314677525   4.14946001888188
8.320572524533397   3.7374887862910384   3.1663424772572535
4.132157174280641   8.221292951354771   1.3447878963913948
4.195863727338929   0.1278323543759347   2.5685444116174687
7.840115797179705   0.5884168407520327   3.168425281229947
1.444826982809925   8.21733878743545   0.19696624217161068
5.451949641962951   7.554218739309   1.403058543727749
5.876243397254911   3.888578609090925   4.376006129835251
6.331473466393236   7.645794934213819   2.7752779940370687
