6.191860831549167   0.04900802962063189   3.0324267884126286
8.683241504621313   3.910646063607401   6.019978178634461
4.460752442728365   4.396382202852605   4.869162267187171
6.058541899332788   2.8802381116825613   0.9215509918742314
6.859370307467245   6.35643879317964   1.5687647455254412
1.3783820522390484   7.4344472274601445   4.616005871352536
9.249531309740009   2.8454820411860595   1.8395721289045133
9.277148494839658   1.979721446643024   4.541115343306545
1.7650417871171897   3.424401299175375   1.523062929363632
7.739731921408081   2.372013670966121   1.9352150338590846
2.983074700192966   0.4262000968682275   1.4435155782015672
9.145724626055218   1.0591577859773889   4.537718395300331
3.398008908695244   2.0583030389168857   0.08124163590593067
5.1224900454843185   9.02149189166212   6.088726097144888
7.637986750174767   4.326754642224659   2.5913554320467216
0.4199634940330495   4.033850124537474   3.5075043505496626
3.079437547460385   3.1675094850839045   1.4313645443230263
2.844373009690276   8.26299630342931   0.40450767438809376
6.118053813752848   7.281548206137125   1.956148490421477
8.344663193419661   5.660707385984212   2.73257224007629
9.911902582918755   6.931097203068721   0.04260598268296789
4.661258131220366   7.831914236642005   1.4182249658398742
7.9178470876096645   8.576886796716567   5.658814655250228
4.673129532714909   2.4345411207582175   2.2719910896737803
7.430876137843252   9.613738940598614   3.907436551467776
4.744813657294398   5.8986598483882355   3.2351013874907215
4.266234988239964   1.301801670306137   2.9539734400732316
4.21846710729541   9.195281742577718   1.3966740572759657
9.56386940173836   0.1526803871961313   1.9102338216277934
3.79113485936104   8.384168882375418   2.203255560465007
9.614080497567212   4.333097317920245   1.1757688365390722
1.465020798075971   1.3040775597791683   4.993738556451665
7.110844128635006   5.449635386022934   2.943283219951509
0.45678402254560135   0.2576381450738664   0.02019878763153926
8.023698331843669   6.425434818380347   4.317326022576522
3.092440346625647   7.434283141907609   4.569599850113544
6.498475323073866   4.168956627850866   2.5549242759244013
2.2514815485816517   2.6238243604389733   5.036621060718175
3.1755953210392693   5.7726848436795   2.0444232542974388
6.804635770979223   3.3640327542596555   3.5586329358232627
2.9631698298031997   4.872399835305659   3.5750659391123327
7.587131954869892   7.705695306374016   1.3926929536953976
1.8546353513274094   5.274467462208045   0.9087645203821504
4.894830259824715   0.19831261867807615   5.992938388238507
6.523078445452725   1.9453138566200472   5.03623378099246
6.794788941599116   8.075692212036719   4.326995733930156
1.9514720937718293   9.93708467877611   4.165994614843389
8.881950860889186   4.766447225716977   5.185936479028728
0.9447434256576316   4.8685663509838895   0.27056404855077093
0.5709857302086531   7.770310493195785   6.116684441007696
5.378860902425474   1.8505725461102749   0.5514811641362034
6.044056081520305   9.028015751101917   2.050665069177019
6.657789131763193   0.8991588007528951   6.184021626317606
5.759792452003305   5.869244936890528   1.6886402620206498
7.9329687410662295   3.345078867411122   5.866807247950781
8.75344535274895   0.24438686136479215   0.9949976487270178
4.5170872236229815   3.4459987213432535   1.073346159424499
5.532422573571301   4.179073549844745   2.2280541571143466
1.2660113797673915   2.630850613178426   4.81458820851363
0.20090907554985304   2.4157984480983696   1.9297722067295537
1.2742185378468147   8.401397354294335   1.559285973639457
3.9332169949631544   6.270655886146522   0.5737487313665584
9.064346761273155   6.75581445063608   5.494632287418485
1.0369847749975918   6.277409936061401   1.7354067523204857
