0.10472480902128645   0.8781404229680749   4.473439889352726
1.2655155271470524   2.8937329989476166   2.5195547427161666
5.020726881620529   0.6883088427008441   0.39096170122495044
2.7977800590594626   0.30059505923885654   0.9590313472542701
6.053825412013611   8.509019862952806   1.7999470187146622
3.565965803572239   8.483421548660155   0.2653206411969665
7.046929935986784   6.7621562951516285   3.6873064695317685
4.213182031885996   3.798971227813298   3.8031532282624183
8.512142058917398   3.817289808585748   3.6156355793264217
5.867543376029966   3.6395426202770116   2.78719290584141
5.256202620689954   8.492673283742606   0.19702802262879238
5.862231690883995   0.6004763770257816   0.2286112790825946
1.074759034922883   3.654892980033015   5.004373550910693
6.0917035289592425   7.686423094673331   6.197181907194733
5.450013069634796   1.360721241241473   2.4952358542807276
3.1654035850121978   4.358268528343337   4.309013976585227
6.409611444133463   1.967508050529973   5.968681391400626
5.262367270424849   7.028935656438837   3.175768637275005
7.3584957447305   0.1576185107565291   1.7997498670850285
0.6405063248209831   7.951847228259683   5.623701830418574
0.8429958942584954   6.420076562162256   5.999815991998547
7.662272634729301   5.86041876968699   4.947219882212287
6.857395930649209   1.3768621841770279   4.82807870298068
9.743149159382746   8.23424688878219   5.749743806216561
4.926482731905498   3.610176633787046   5.051106972056793
3.769921134465253   0.350524164961681   1.9927620519574138
1.5283943161364446   0.05093843473399906   0.9430662998376029
8.861820115773938   7.462850941079159   5.113994520008263
7.557751677316962   2.0571095958376   3.2522547587349155
4.3605752393898385   1.0271645772532094   1.7000408622011474
8.613398790196916   8.98258421546938   5.717729929807069
7.993099704613663   7.604604716952855   5.760942768755921
2.647312348350047   8.25326750196311   0.8274174213131661
9.566344843680145   4.712270437639051   1.789934456407289
1.035388571800948   5.061156424430626   1.7729227124303413
6.648098139438477   4.140776379976456   2.3032632201650305
9.30940848364576   2.0964191715673506   0.9821342292792647
9.76976750366803   9.425278373911008   4.75281790867645
1.7952647990765231   4.148370870348717   1.8608161592715033
4.807437435557563   9.67080423515101   1.385915914206173
9.029456983281491   2.7442793540902337   5.579879066957305
2.5473567259856953   2.3279738438329542   1.0511621567081193
5.570210769102642   5.855409156786912   2.763087044433918
7.161849462216919   3.7600290671155174   5.52128743630647
3.07310428031499   3.1714270739081205   0.5228652282145478
4.410312458639271   8.83432594536619   0.7867269812545463
6.743511729350997   2.806798489321932   5.191898699241322
7.0850769204922495   5.382467193812792   3.83254309754615
2.0220843868544067   1.3414905026286175   1.6943474060901447
1.1014790353326522   1.6902978815515244   2.324119583758118
2.191244621801895   5.200767456262316   5.258548190523562
0.08663169218290823   2.826781638311162   2.734135127178766
4.208661948493428   2.677744059268302   3.219033861925499
6.677733096168957   9.383214277165136   3.074356481250814
0.008074308567300181   5.99759412921021   4.455138976016175
3.492476606363933   9.604505901369407   5.811005171548247
4.871639023427354   5.266808822924576   0.4345885765599544
4.1816585503389705   5.976769279746346   2.7849037491858915
2.1140959875128296   9.506484851546661   4.302693493839918
5.757927702313412   4.393170646357593   4.004121749597172
8.115424810900354   0.7296627628294697   1.3909317372383727
5.670855714602376   9.520626603026331   3.5004540162417963
3.3459972581720807   1.5818745658224895   1.4878988007804201
2.7306396591188946   5.944868904788493   0.6240859706632601
