0.642726166254926   7.353578365072609   1.2461368367699692
5.9893152639899006   8.908459071554603   5.843106450035157
8.84980680905374   1.1538112482361436   0.7297982357335528
3.87610348441936   0.5491524321118735   0.6991054876422345
2.988947748864475   2.539088676471546   0.021467451119671896
2.447004262771781   9.879107274734228   5.974417915286661
7.416612787345985   9.944613406487289   1.5540540571156032
8.043642873280394   4.425094736800702   1.6501313649604097
3.3848114637866042   5.681136953255631   2.453905265858784
1.4314939518497443   8.633805588548745   2.694115874382978
9.876065441180044   8.793930998952122   2.565985104779577
6.429657615383807   6.4778448469349375   3.3792154486411277
9.754312370140205   7.269728264740488   4.216227643847931
2.4832512375896587   4.76658771391463   2.4570940028556416
4.227726621888938   4.4739938361386775   3.176312841923089
7.520860566990094   7.437645429219637   4.960327390893505
3.352784363673142   9.057689648111994   5.686024484749141
0.47362197292923014   1.9090666578348894   4.421214013423387
6.128082129091233   7.732195363433786   3.0230203247143805
8.09693915093925   5.243546783061633   4.229276300686461
9.301277200045137   2.869069324756323   0.7852186217078574
5.433153674593086   0.846291842311621   4.3100337275093725
4.587500117284596   0.4362149515747666   6.212225821118219
5.836213777835452   4.375506989575329   1.0945543178734694
3.007151809994017   0.921514755714139   5.951201060705097
2.120870746381745   5.415244096470675   2.286654858379259
4.818414601404411   2.3673439101062725   1.972496654150065
7.809431535411373   2.014953584286308   1.1544727550431022
0.6585208739155689   9.204110074892201   4.616147379370426
3.4164140292743457   0.007894293422161525   1.4560778687133882
6.912722293655727   4.2280183167357945   2.200746051118186
7.578538357668238   1.118236245895376   0.19151462181800352
8.003760912234934   9.251551761907812   2.9046248227247418
0.3392311587676897   2.6031535248374307   5.5022579980964785
9.658348909098706   4.373150880007454   1.7503484897254227
4.069875261460203   7.808486705359663   1.9350570858654974
9.155647099306575   9.565453506651878   5.573135140086124
1.6213870905139294   2.252769178669122   5.026846000870639
9.029259633751593   3.9116283140803105   0.21650250122140427
5.042186243925365   9.173300196828075   4.567369339251567
1.59728020602539   9.871411300040542   5.389690490081263
0.8470307202860972   3.4314980403668818   4.205933046741804
0.5843904496456078   5.560142814511323   1.9510581434820744
6.872105152627489   5.85749983976637   1.7230544687992713
1.7374733109054588   6.935402671118907   4.585487208089626
6.116595049213753   5.2880526977521285   4.926828933788043
9.749418570864993   1.2429187504346622   5.596945057114642
5.64396445119402   6.1958370718174836   6.150794410521731
4.085971370567209   3.1691756572854346   6.106206490156895
6.543797307127698   9.706481028880377   1.9161778674700898
2.8070434201204795   7.30924973897808   3.3136392139297355
7.02228069102646   3.0324469847734896   4.004550618359941
0.18970154987993776   9.869432610498635   2.1073820718196
0.9377758399381415   6.556971040907949   3.804962984413728
5.855200170977766   3.035697481160061   4.291115417761916
4.986576681436848   4.736569378294864   3.942422394941904
1.122142424793361   0.9520224848745275   5.649851691228328
6.81920961526802   7.767250130802179   5.965287728254077
8.29754512561519   3.639796917090275   5.674296288737612
8.42801551681857   2.714102702799856   5.14080758867493
2.4134605709718806   3.6187802746319506   3.8123464279695627
8.712245149322133   7.067207578711642   1.129565465149834
5.73157571160071   1.8326069762368833   6.132009152574983
2.289162085201386   6.325130004814092   0.8505023059639203
