1.406097143689594   7.899157816698862   0.49166053329499637
5.649431470421283   9.34879978891427   5.406062041789936
9.355680383412722   0.6261444621893647   0.49302379371451804
2.3253199453642486   9.914441350794448   0.5118968566079466
4.677156538496697   3.8630462171494306   5.560450731555521
1.878726006320842   9.324975696207021   5.955927404309094
8.298766690346431   0.6500859470035817   0.6346587548609403
7.114440022762877   4.913157271516605   2.0826808337038836
4.009799801813054   4.977808908433294   2.8103012244802903
2.722057023901516   8.720914734411974   3.0239411499969178
8.86372960095108   7.2904688382459115   2.586825716744512
7.75303665891242   5.597824874326376   3.2467757911389667
0.14234244433034027   7.536034756848331   4.542888287647988
2.9634943019131996   4.524269846692029   2.918014017164336
3.7906693301509553   4.265507097424236   3.744411614695006
6.918521289786961   7.318685075031182   5.395726135161777
3.922728929118998   0.8924669505962805   0.30809479420379593
3.0362251945020042   1.2372116594640963   3.6371024678521158
3.8916659246936076   8.133764425115793   3.5493443062453394
9.531289229837615   6.251664461057194   4.46857331842845
9.397344069972517   3.5497165820488075   0.5625745442394949
4.626785921138558   0.8132037656674105   3.853839298600346
4.7731418999314155   0.08580979582039205   0.34577323715008335
5.6612211032405435   4.024229620604255   1.6636904526831264
3.3851619972482476   2.915186316881933   5.809324032414996
2.323703778412217   5.610370103558993   2.334234914612243
3.6906545739803   1.6802305876984933   1.3063052042480299
7.640574003581191   1.6006475418885986   1.5432031595596996
9.108475065800196   9.718420271494185   5.519590732245529
3.8648942697944872   9.647529705880665   1.6430104376585117
7.069389308765815   4.0767315895244005   2.153415920184531
6.288245229144261   3.218354025036776   5.581692251576996
7.931111943325917   8.416165518387384   3.4618424382806907
8.674310355519204   1.580903691384377   5.583879134388794
8.525148012615835   4.9306440944483185   1.5119994595846127
3.3030255395753025   8.210200011147185   2.745693837281961
8.95436580880558   8.861990970792188   6.088998639265371
2.7402812383983233   2.191109183911255   4.833225375906029
8.807146073602086   4.2457559503390865   0.44272980357629355
4.661411099387315   8.401328142804493   3.854854272939081
0.7461802077494988   8.976990970049464   5.025979220869221
1.5692410572997262   2.5154460815956345   3.6817293205383583
9.415708181921806   5.472330357659077   1.3658029040220399
6.253992554412436   4.650187690596163   2.2231607850320336
0.697753080712733   4.694103499404059   5.304084677423507
6.1905961869777215   5.504077695877367   5.642972218498205
0.2855997961464791   1.8570819366630338   5.411208341858705
5.83827820133571   6.462202579523145   5.222171048123255
4.091520808034585   2.3828149111351027   5.170586776978717
7.113082280110892   9.311903908296506   2.3880253227957264
4.497761894743877   7.355677411772289   3.705536195917485
7.253182613553496   2.66091705473787   4.105929728199462
0.755542461970082   9.906012764990395   2.473820302496264
1.3692781015808708   6.7134806787583265   2.963390029330528
5.597774999858498   2.4591813166458114   4.980108108133427
4.781070339766874   5.054794169558081   3.852967700932786
2.2111000380124706   0.8798291572163568   5.626716484113074
6.135484231490094   7.711668283143611   5.128869738268543
7.643686855664086   3.4657978626108195   5.516685372222618
8.393653910658195   3.0959592110223446   4.450379941019726
2.2080264444239113   2.8093177461273875   4.243058094183679
8.544502513869922   6.508642600332159   0.9842898749113116
6.676787705832813   0.7673094234854034   6.280771444798489
2.226861900384636   7.341498865497779   0.47844874633471035
