1.04000211568079   0.5681063231093615   0.19452525654250302
6.611956823857414   1.5073945033615863   5.97221503432739
7.991629947821165   1.2140176961473204   6.187202289952386
2.7360344745569627   2.76577395795248   1.003021772719984
1.6005559719645555   9.767240821824386   0.6927706689857045
3.975810004609597   7.042204212372345   1.2481793167963675
2.50488280941856   8.621740829762494   1.2564156546337075
7.727891613770153   2.732491116860823   1.1380378728128149
4.534443138200503   5.832070494223078   1.707830800779498
2.419104216389873   6.008344621899753   1.8647835719082604
9.015660557469525   7.172058121760938   3.9990738884388017
5.308482350153501   4.059224801850803   0.6930894323295875
1.5849949705106463   7.102213021157628   4.962184132038786
2.653140770666165   7.669653184928673   6.256531427164083
3.646685064073579   6.125989019740948   1.074754684019444
8.106843173030565   8.579237371137044   3.8480292584901132
2.391401779800691   4.374376383406296   6.077958420633976
9.839100303074668   5.638671912675269   4.753824130461919
7.490680744903105   9.26412688469278   2.0946411478365934
7.294453742567963   6.589592602892667   3.669882638456276
8.056556098396571   7.181218755137193   5.73193927477659
5.830404864324908   9.821762849400095   3.4454858689526433
4.912569671571207   1.6382413098673023   1.0099530339990952
0.6279917188789625   0.025121709589306818   1.1916863890846265
4.254514725666066   2.364195679013373   1.0551916242555195
4.646977657278428   3.7701096079493324   0.7604314361102611
6.179557094938396   8.842766693966805   2.55902771624325
9.036332340208066   1.0622824788726788   6.153054471032683
3.5214288103035147   0.7526618329571342   4.017462063336983
5.071192488601177   9.77755938398288   4.978393328145703
2.142194763493072   1.6494755169349542   5.618595780868032
7.958954052750629   0.3541830979429965   2.3375287378800844
1.6220884210005055   9.01537147354987   1.470837851391202
8.23469117661535   6.247273503526934   1.6871157469768625
0.14877773693943297   3.026167983058561   0.5338253167438242
5.884873597061287   7.590646057151056   2.1863847857137317
9.931421168749445   0.7317294363007958   6.178832351148986
0.5577687362797317   1.463762455886025   4.367399364279938
1.9798503628069555   3.267987147072233   0.3261259913320781
5.454906983748852   8.47827534776331   5.131604293787778
6.992572833701176   8.611006700657759   5.915677758399161
2.6936772439303676   0.7402386089599057   5.001431364673154
0.6232390144902633   4.985647907172578   2.0272025350956446
6.281555653292952   3.79021436475122   1.1217900188779693
4.091225920865537   8.719522901795736   3.096630595890889
4.672470651264282   5.111626432974008   4.822728936102652
8.695416042583208   3.50952416844488   0.1427494779102112
3.556300592620672   8.17049318413877   1.0508248630358321
0.5842685852451179   4.053989854678196   5.141643707364018
8.92603223114292   8.115699744566577   2.5720254003983993
0.705651335089452   6.170660684069886   4.859999002007184
5.951291786143479   5.019266940104927   3.032751510053803
3.4846742807166207   3.856999516510603   2.1494311419070313
7.138729166271648   7.458848451333732   4.385318688312089
3.582040798534616   3.1509664977049607   4.442588070599078
5.600498008762794   6.008110054579653   5.275847126802573
3.3851737731276454   9.674719535080339   5.562485609730356
6.368114276398795   6.888379504753188   5.958955737248505
5.464645590413528   1.0191935511150314   4.164189523057899
5.407075395421764   2.294489073714418   3.6760008623327014
9.099934696684022   2.2071882976075807   2.952757540161837
6.977047493130031   9.938521841133449   2.1374352467451505
0.43399461907684744   8.07251408634391   0.10945271541551502
0.48157396177937833   7.134759173838925   1.713192299669529
