1.795131143953454   9.166252446247013   0.43164089141458695
8.419470680163903   1.0915473427122055   4.773494269456761
7.19367225201854   2.6315133443815926   0.11499635853280488
3.6150375126914405   4.466562613873932   1.096004434603263
4.300842731753297   9.652474676991119   1.1172689942808338
4.018611753647665   8.256861395380515   0.2845072215707251
9.649704992755007   9.77578198895932   1.2277681658606805
7.2388279576982715   4.3871697593075565   1.7095851623141933
2.5994891679721555   4.976861128156574   2.067988898628284
1.4834297609903073   7.629259125048015   1.765594860778174
7.176248079727102   7.167576589352468   4.0629756657951654
6.744708830481256   4.952579776684049   1.459103559917033
0.0031014930978390254   7.789405487658842   4.059778955351895
3.430907542919628   7.726151758324252   1.0407419234333612
3.016186662775026   6.631532804059308   1.664263200183969
8.82140745255586   7.445402789920089   3.969287041549731
2.351923819391186   7.090473893280864   0.07048150921890972
1.3694020388413388   6.085996362696157   4.837213230466131
5.701408759027534   9.383500563098577   2.5048472615167445
7.484904584786206   5.776105687393937   4.297555003078414
8.50461781684107   5.203033023189919   0.10039800520808662
5.589035105481537   8.72510040150947   3.7362187274290948
4.94281206054462   1.1511642360130523   0.7499727714644596
0.6277630471036946   1.3832660574159807   1.1287560965795627
2.8121524864337863   2.801482445831251   0.6565296560768454
4.719497432119697   4.249675068258029   0.2405571241196992
4.560729547387327   8.907365025819349   1.8816607894655357
9.012633575653792   3.107936591274388   0.44947249275597934
3.696653108508051   0.585668027026399   4.82245533145643
5.630180558080902   0.5235932348981747   5.095842802882623
3.8835460041824783   3.705184655447784   6.2393817181618205
6.829340926380338   0.9757413455035285   0.9184948315704778
9.120090818467302   9.223024804317596   1.4490639251660073
8.437730464925249   3.9999120616623562   0.5062317254877529
9.737680013166715   5.211307876309335   6.141583236740502
6.60449334332074   8.105822234260362   2.253055901173809
9.777697273929515   0.7426175764810864   5.445429826566155
0.6604608827276491   5.058621603059778   5.017414787871405
0.08209966951114644   3.0737637535747235   6.029023509569883
5.074379639838885   6.897011968619262   5.013094611397456
7.927227751246737   8.436353523436267   5.125854022683399
2.4963271261630933   1.2833977847730484   4.678656020345947
9.454332464025264   5.9400833766207946   0.7846920800180299
7.576352425364813   3.756781625280974   0.20201790415998883
2.591080242005369   0.15896376690422198   3.859824378166849
5.979331975648533   4.2577329743662835   4.639090900315041
0.8222897701319654   3.7701389103450142   5.818539502718672
4.130362019263092   6.629924078255069   0.6099084827757918
2.0158935577773356   4.476698742714369   5.3671857655146145
7.617249887192621   0.0820338378022889   1.8793685597836705
0.28084784798964263   6.091855355817652   5.642368950159806
6.756127031063087   3.3320510443202216   3.245520081261017
1.669280038473107   5.118369674952619   3.6339653214869547
8.317053823206212   6.526645375623752   4.816440311512242
4.666559103052498   2.2262356435684825   5.475445053933178
4.527294722124768   5.323848796939466   4.467475243053001
1.2374751177169392   8.44528637991833   5.745759999080563
5.99647631786975   5.628181476719617   5.926755810608595
5.742314688119363   2.309903091008095   4.524497087848111
4.628446748077824   3.3683370892897675   4.0347589317671835
1.9489699489910937   3.2956814150513942   4.0875135642171605
7.687732019087321   9.326278919772253   0.8958997956926156
8.530557529140683   2.371136247941894   0.7727706002273886
2.610923940176958   7.916386484668001   0.656517615252753
