1.825084759348449   8.166716453924671   5.434526629290017
3.230821038344976   9.004116196913134   3.3364763996561653
9.488708824178532   2.9868681231934806   6.111828276501442
9.594962743819911   1.1773356258157355   3.453492375394868
4.313743155731643   4.2454845826788254   5.47219915863898
0.6935970042731735   1.153120278382925   0.01647225903234098
7.846008052512565   8.640695057992726   4.864217428805712
6.12699792360107   6.854976902140395   1.6477289693673194
5.751721626002574   5.515536792960255   5.685340559998859
3.383934663123578   0.13495129167496595   1.6401223274531636
1.122268204318332   6.9687338026819665   3.1991641035756473
0.3865049254042918   7.194951457369973   2.4615994718728205
9.949013651401469   8.304882898168863   4.199067876938569
1.7053490660018127   5.135971992025268   2.3440642243568317
6.412287871875023   4.049686784373693   4.461639053901618
6.842675049488252   7.821807121672595   3.2228608136522703
4.9798549393089635   6.8337369860393355   5.235712152081092
1.5461547421383495   1.3495528344389154   3.1939267517992627
3.9787376415699516   7.809916219874086   2.333646437423506
0.2663699114766338   4.101693156154205   3.0352017823544166
7.9851516945594785   4.257011061542608   1.4506867201464655
5.558146985964343   0.30176255117916667   4.69039449444024
7.996568335391258   9.72721641478884   1.5424634216713986
4.77117569237858   2.5858442988733286   0.810471159839618
5.884081658566633   1.5479096188495118   0.5404060299532526
8.226965685066604   5.769205211008256   3.3970019222334535
3.7020969477719614   1.2213546415615442   2.4139131927685495
9.616926128183135   9.596683451729994   1.1665770177456005
7.763001586367927   7.63787397586123   5.520988657788602
1.3184152855670832   0.428902349470547   0.8394155155818361
0.6832603532435083   3.033929080107831   2.0776377436177227
7.127842792742925   5.544822754710072   0.6675795045923042
0.6803222938106872   9.87018053855424   2.161031429519818
2.768633632456388   0.5666562377114301   4.307646832025571
9.550621683938449   4.539419574630458   1.9629599528688935
2.9962777295132392   4.166673112265566   4.418942124528867
9.623175350922288   7.580728620245212   6.067990142178175
3.148187027164407   2.16380331499622   4.4429828459048295
0.23011333005219115   2.262002492232808   3.169339171594295
4.687158907768087   0.5377439272457681   3.8076929775806097
1.324817017152746   9.34239721280164   5.172585548771069
2.427735780372454   6.495672330410102   4.823150266227665
0.9335626916226167   8.13212235711815   2.0177564227836906
9.676928556500725   6.470805372734472   2.079240329051155
1.6623305273933848   3.484878846771779   4.286533976542639
6.316189095727171   8.30349884635123   6.109857957338825
3.9103411292451256   5.818928279908148   0.14347886901684914
4.941239275302269   8.436438770883738   4.569291894461179
2.88842457310498   3.1385013473811467   5.127754083269419
8.73265772894768   6.335841824657566   2.84282765288368
6.8945570913286645   3.079786259632291   5.283224990233704
4.891509081819211   4.96552652062326   5.8651045683749885
8.974769747204135   7.959921166165638   2.3817078439862382
2.290186133038463   9.785237789180373   1.9979730249016157
2.6301755173123884   1.4597512538645492   1.9598569266017003
2.6921459455826895   8.076131746159104   5.171674837829099
8.522378969732593   2.277125891888123   4.416031009451949
7.231919409251961   6.611414702888321   5.322447894323539
6.698783778295156   2.018868970643153   5.455249412190772
8.697032348464399   1.3601489295740996   6.076839433070398
1.913117192165864   2.4993675697709126   3.066659204425277
7.0379052517087315   4.6207166874398   0.605159211801111
3.987955830693302   9.521742531782197   0.7703553631173906
2.269152117469221   8.749658021208123   0.2427574216278776
