6.983851696984377   9.979341566737045   1.8247391422541732
7.007788276603002   2.457528531052279   1.523529055966557
2.7557349432023166   11.689667045535922   5.433363615724536
10.319562441683505   1.3976772269775781   4.667952526394093
3.508259161560848   8.937047697374908   0.30381906770142986
4.585014092303144   5.173051282916201   5.481192054466467
10.926585637668138   6.125976033797828   1.9936966688950124
12.628472800438157   0.27108920459101676   1.2336676356716394
13.580092994846417   1.6048598475904954   4.6235167983860705
13.084380087408098   2.7844530844540487   2.8537111521706877
4.642519276787336   1.3767613427511995   3.0960574661061733
5.33177818340389   12.273644499218674   1.8091243560817505
7.928238194254944   14.011206706523595   2.433526258260521
0.3610963059219686   5.583714668288922   3.088597639302479
9.752571417176501   13.148715264922457   1.8792653729930686
0.2514890482788837   1.0298074985035308   0.16128291594624924
3.6242734731869968   2.410517821277532   2.8491875905060717
10.260244007603388   5.282598643565678   6.247241597181576
12.795040056119028   8.916812025589103   1.547902123671711
8.969601816434661   1.775673477926398   2.2443708478705733
11.91812750157901   3.606407270373653   2.0598683706635943
5.762848894653488   11.021424156521118   0.6892212581707138
6.288636851063829   13.84281719042607   0.240041566031922
3.8313190857375483   13.076385626050868   2.888754597585022
2.4789743624607676   6.047503467170709   4.6233356953766265
14.08742583507116   8.571959895150266   4.203562002084737
1.8042619099413857   5.1422123551649666   0.15882280698998416
11.698717751873353   7.06298635023063   0.9494460070407309
0.7538426148165398   3.8251934237068834   2.1301178220387103
13.00076604776178   7.72783908875476   0.024369041355360152
7.033300591785093   3.954924016183471   2.243200928940217
6.629545940564047   12.149859330213703   5.556388867001719
12.873940833350899   5.732783539841134   1.919481065508952
4.107586378610586   10.79513877382621   2.1514494429052298
6.3625882398794955   4.989194344636464   0.8503526245748003
3.5444787164469287   7.77320464234178   2.5331324889691267
11.134519017912202   12.32509843045372   2.5629108551927064
8.051368507838578   2.671300223743356   0.9722405840126758
11.54486439758948   0.8083559864161962   3.0797346670005807
0.9636854881581761   12.788820319092496   2.825418281940049
9.480106637144122   11.95903493953826   1.5070076755107467
7.748715349885267   7.36744397775634   1.5318608302405676
9.249425214682422   10.849915315961125   0.38160827005870135
3.565253645692478   14.359000711701295   1.258878474620159
1.5541560737693274   6.6114089631672375   4.257131667394966
10.429237256457471   9.061964909308337   5.502798356779987
11.859144414738404   2.0955050467442895   6.243492453648174
12.37039428079928   11.78146332628177   5.578877651750603
5.3381357346956255   0.3960979197984789   0.5533214916528387
5.978360701223117   6.6336722721267645   5.55686203418223
4.202093035843139   3.677774566819788   4.257041350287129
0.7507779419404816   9.34392528965489   5.745552368321205
5.88334239765288   9.324732273525107   3.932500623724779
0.7256019836318834   14.019907891964152   3.667796222931703
3.5067653476084635   5.5950652129328615   2.1064741540467153
8.340043276960797   5.850475282763502   1.6485828854627163
13.214323910171295   12.8314824830287   0.9735806949882686
4.753091194349434   13.624105473476233   6.055850427454667
10.659498424013266   10.633119887529993   2.729854281714864
3.164919398804531   4.265814720873156   2.759906209751169
10.265672667005493   7.942206862262817   1.3578570599528528
8.149576414546418   9.022002907447138   3.6731268996421336
12.623636583862154   10.200859288744336   5.724048501995365
14.081071416460464   3.2150857370291734   5.721992163878737
