6.879170938394088   14.221533427494258   5.311242308283854
6.288574255724322   2.8908819000106103   2.357037481396064
13.988342667511228   11.583018896914407   4.865306505300899
1.7820495425366625   4.369212685541468   0.8917732415233666
7.592030038232718   5.394631542892981   1.695575122611244
12.725169381611519   13.800666094471426   3.873500882684889
10.750274952596584   11.551956972680756   0.5310429063375068
9.756999540606595   13.903914478510485   0.9932448208045437
7.2307784732602975   3.6385270303171677   0.8037742114811046
1.8164293250835475   1.3523563939607566   3.2751752585524354
5.172996840961826   9.127054495606972   2.8324088090849657
2.7167497651700705   12.57866897479346   1.1939778468940647
11.745405825261368   6.788990052461162   1.97635426619477
0.6718295334572824   4.6092055880285026   2.4085864566169435
8.565265649485532   4.844683440247815   0.4513804690874156
5.3540076071219955   2.2974500752262905   1.2792477309728774
8.710204415011361   8.268272573167668   6.068125704885395
2.2716916241775804   6.920407721907746   4.747392702377552
12.900801497732036   8.352918289672024   1.528305891691509
13.003188749477474   9.402134844022862   3.4587642251512776
13.270830001682851   6.016110536816545   3.1217990355790066
12.106870182063187   11.103317491680617   4.991479275862772
8.839480273133427   13.351485725623414   0.8370890701401039
8.194094156803601   10.192551164768783   5.795150222417664
2.2304503186564144   11.589969983921787   3.6426621157576564
0.042212380677330685   9.031180523990868   5.720173434967631
3.621041344668166   7.772447327038669   0.5088176971317999
8.178743625059372   2.333627527786474   2.023166961005098
4.7545147205923515   10.820402482865255   0.9642081582390176
0.26447423187476016   7.836093496668267   4.264554965091217
3.136861587223599   14.29635109333217   1.4931779714034936
11.624606121740076   12.45412582708984   2.1999697173567747
3.158328894361003   1.3196876733835556   2.297778335678054
14.09623362394094   1.6322207181470731   6.107478010138557
0.027186870925121287   3.374613170137661   3.4142761208791446
0.6314114357770112   12.244052482966802   3.429724212922878
11.594441208046828   13.63547372960644   3.7741152874867985
5.229663784419848   12.328136534179764   1.373582205506341
10.980866572751006   5.270534200333866   6.194012477536603
14.017559986897773   10.541934348245675   5.239794007427138
6.540687204770122   12.884364912112893   2.4675593595394
6.954460097227993   6.680571674473506   4.040304099568448
2.9265001826437236   3.572925974859535   5.949509874176494
1.833941951189495   8.57117749673057   0.4214493921179179
5.372826562578331   4.408866897427698   0.05203900798389821
12.275247955035121   0.4120815941153855   3.162242394633948
5.820207052709208   5.430200703416427   1.1428890821495181
6.477712220861182   10.228780627498457   4.1550632616815
6.660195579244423   8.358818166624776   2.2795400023607595
8.439792976954703   6.942929024226495   0.802712972152983
2.243920606543551   2.55325416507008   4.798201214834548
11.066225169620676   2.621311853001837   1.7636754092379996
9.900358906561182   1.0842885829539841   4.449577046953841
5.1789695584275695   13.570975135314567   1.4091818130464269
10.646578792211388   8.76322184699199   4.285813711582029
4.3984595837770355   0.3481471281301034   0.4303438560969406
3.5584118917559104   4.7453894812168205   1.198557270219859
14.14422195274577   12.905997175535864   3.361679250888296
6.34427642975059   1.4964119850487754   1.9218228784713733
13.993481552235254   6.794817788959021   3.539101415851719
12.80299043788313   4.903446873964011   0.5726399290127744
1.1953936130713148   10.224622703919222   3.561428456397455
8.942333235400525   1.5694151345325253   4.565123947762186
4.400036135741394   3.7861440507070014   0.11529128620203953
