7.4596837177455635   1.594741560666658   5.809995002461875
6.364661922824411   2.407345900616144   2.447279644173661
0.3618701564137861   12.556465887596705   5.275256641772276
4.528012081286825   5.488192345596416   0.04218237335375655
6.5329832975889515   5.372401770727813   2.3645296066255224
11.720301850479528   11.430934147638148   3.69812400368786
10.055260899829488   9.650355943925335   6.236052554739759
11.837350567663162   0.12846457152215573   1.578058038386371
7.431688556183193   3.0741014344643482   1.406333517293776
0.0626897489679834   13.74801679244857   5.396569756819531
7.1750513439397015   10.194686867727086   3.1377660314929177
2.5511898808075775   14.224148591898716   2.9691027971592634
11.571896667270236   7.911411207107335   2.2747537020346784
12.903118819523147   2.9700276605583644   3.942467591396261
9.70381818903791   6.158083213050394   0.9742399872923488
4.6532414370682575   1.9900961591638928   1.119413855106136
9.003543493559468   8.329696813049098   0.4323372981152095
1.5581675152735857   7.711553447208611   3.9075299937426218
12.61199329332404   8.072965157748184   0.7239165818582637
12.018472886314383   9.416707746682723   3.6870003495182746
12.700620740824258   4.715744783965489   2.6431766029614097
11.259888700530187   12.524637864896098   4.122643841372062
7.385768932427101   14.013714099711898   2.3154049200434077
8.503014477487483   10.105078745350264   5.383979312973775
1.898134627807438   11.295094042712847   4.80263377936872
14.380845884548426   8.776568607182407   5.096048585436186
4.1780867705351294   7.814204161296357   0.3019409270995935
8.732248683127876   3.3573961215646984   2.3877732046720674
4.388718522058578   12.717434816550137   6.131223639973991
0.8666350539187031   9.584519645384587   3.447738887321777
1.5631231563945884   1.444197979051508   2.29429971576161
10.90682327531312   10.369100472056218   3.2183599767148205
3.492387922150375   1.989602066960507   2.593536936925542
13.990546383837149   0.6922501515578645   0.30752502348583044
12.256015209286915   1.113129828702653   4.056732488821319
1.714475082851333   13.118619742518746   2.629246281318482
9.149036494708282   11.625901325878438   3.8599403804012953
5.997549968540563   12.679202475602299   1.5811361276362814
11.965296599400407   3.8731952855995146   5.060968742418122
12.99645154929409   10.950109721324653   4.9950055295555105
8.430436958358607   13.75575301464954   2.2590457145190572
8.595801989513092   7.080065138554354   3.0798885640890865
2.7395572940446997   2.8769561823071945   6.0734627395548095
2.9825882268426147   7.309805927729671   0.8508924770540464
6.2508389462076295   3.7396069901837716   0.1126665482264162
12.434248915259683   13.021921282155521   3.122537021845839
5.549686512428139   6.206249474554068   2.6752396807920027
5.968016108211176   10.989504196572947   2.718748888756692
5.168935456402008   8.730084708650107   1.0858570268648193
7.5912927860727715   5.024430664085019   0.27097630503171577
0.8229667127174868   3.299375849349007   4.480788403036237
9.469520198199874   4.37468078718126   2.1216494080282544
10.724106833069376   14.390431417273502   4.814320909198451
5.254815018277531   14.075444149585207   0.9564170142624351
11.31469482835615   5.3822371970880125   3.3581916641722898
3.284403165615712   13.326048304895835   5.718473401971861
2.3045347017513302   4.789636293290183   0.5844574308796896
0.3363079963753983   10.679658445725664   4.023593208576822
6.503791328090142   0.6668952632937513   2.65021747360189
0.27531331052964636   6.402500548948979   3.8970585965023816
12.369580178904076   6.980380112163888   0.56958207966275
2.700748565194295   9.22092120699484   2.4301798169209365
8.776638593989166   2.272374281849843   4.249108464594433
5.196591216393331   3.265031544923455   0.20115426322254287
