6.280184464910979   0.9683547799138339   2.58226494544743
9.883270950655517   1.4090624001946557   0.3962833341965809
3.0884866053041424   7.85638724463754   2.8722128145075203
11.212166207801001   0.8494893781930727   4.795769484301871
5.508840236960445   9.717165644320772   1.807524457511328
3.100004718398325   6.238664128596604   5.703842400072103
7.436891035037633   8.144179449221623   3.07667998107931
8.631292416734933   2.999659208771811   0.7231630643543266
13.884435979445652   1.8157731835224749   5.415825318329646
12.693740846453274   3.853967136399877   3.112336178734965
3.6495828163275457   12.352906977441378   3.5754102296330896
5.438888970413827   11.64315289979841   3.116698311345271
8.952274832796224   10.534760405867438   2.381550584266072
2.548157867900926   2.837563004216701   3.729002216087061
8.467321984432308   13.929310410508537   3.3560145226479463
12.295591690743535   0.7538420242099997   4.701584902813026
13.579582651113306   5.256563123080798   2.0187885506309406
8.005822686371749   6.741290866032892   0.8681320267107042
12.620518308272748   7.912374152424579   1.1531278519207842
0.010777634419392279   12.674770082696256   2.2375771584808968
10.657655772797995   2.675413839958361   1.8622327775814795
7.262441821540497   11.047122552649872   5.118536977942169
7.376527023152704   14.281463294887123   2.552243650706697
1.7442594425954194   0.27727303943644555   2.37915814343096
4.501278688785097   4.4450763622013385   5.393304335061205
13.092685345164405   6.773484968982485   5.472365215350819
1.3611302294408234   3.494884595401227   5.94917496637274
0.022192404266945465   8.987239140282119   0.43844032394937044
10.015583439497464   8.004805718790696   3.258759464437874
0.32959202500066875   4.089272256917502   5.812627417103073
5.25452717316007   1.5079172283081452   4.242736414855205
8.838598529062912   9.475312504893996   5.466129217048539
10.654662795929   6.114146193222636   4.515639933250063
7.583970932153977   3.688522619280649   2.0216067996525124
5.464204157977144   2.6950856645559926   2.1445300877642346
6.1866603541011   7.177784832026196   2.5163792167278665
9.864024027589522   9.757313505556974   3.358138719324732
11.77355260161985   3.1154243881086603   1.3170904941716404
14.315138516783588   14.168365145372265   3.8921136838833608
14.279364043462342   11.30471740466016   2.5671419938471334
12.478782262190617   12.494887265533047   1.119867458500248
6.568091040285621   12.096912991534095   3.088682909184463
9.769570869680171   0.03334540546573983   1.6488421936954598
5.258528292306185   13.567890526833343   1.8201127434743787
2.342428365180043   11.57870744892988   4.659209835039009
9.63043427892738   12.42722984797369   5.468518799958593
11.140913070311381   5.115794641073906   1.2320269632051153
13.111249697694591   10.324688970065328   3.8570314958176355
1.208654900854937   13.531265050574078   5.22378119273103
5.760182555129038   8.578586965068272   4.829187634830995
2.88932583829106   1.827585975621614   3.9153967238632443
0.6120167437646571   7.77184141205772   4.40751431060522
4.135573371734068   9.638101877611986   2.10239637594996
1.1888247988691494   1.963020613119489   2.2050814292472243
4.334866753199967   2.4182271373153506   4.408795982904242
8.77962882971326   4.233942233947815   3.6993990105089942
0.035077194505442   0.8635544396803578   5.532990500780934
7.866699942528819   12.255224170246429   4.723065432679576
11.380570074352669   12.615023908254054   0.5573197256318262
1.3049783718924324   6.190509895559828   4.769652371391512
12.883142830905864   11.421064738134385   1.410658651241118
6.545910752420821   9.452723077706978   6.0236805940384075
2.133548413178696   9.244001896524644   2.312085650844926
12.244591054044868   4.839651979207375   5.4691805490446965
