8.418748349903725   10.935378732165779   1.0244539977777378
5.038727825767205   3.1470557672945567   1.737160265344576
1.2416229450971579   12.677066556814664   5.595665902076335
11.514020950662262   0.8173029574864328   4.187380329627361
2.6959989963878876   9.859958932426471   5.966463148540092
4.629977601306665   8.723814324150386   4.992745040456167
8.461333056867524   6.6089686598942095   2.099146082559646
12.628587493125089   1.5477847021313145   0.7916071123634452
13.71634491531965   0.8341955507108605   3.015596660665991
13.470984813416921   2.5239421385596383   2.826541167634684
4.088641296770986   1.286040448199168   3.1049622557066545
7.169706099065291   0.38719176979733305   0.23204910739458856
7.056011637069838   12.084331392380648   3.584030102536364
0.8701960911569733   6.455874501097219   3.6953632207935136
8.35077950584604   14.404778085165312   2.2123410466330813
0.8204070642817777   1.5576616840769   0.7166362944643252
4.106784693532704   2.577280936323008   2.4593022208337034
11.092799728535152   7.070935343595045   6.207368708190645
13.352210447407895   8.630242929040076   3.4054927459085325
9.37127174793383   2.650695860036855   3.884348616888337
10.51852687311158   2.3890255963851628   1.6826602596900957
6.241619636639444   9.397757644176881   5.75037254612182
5.767466551673025   12.855202409539311   0.9891720565216384
2.029366797216854   10.93123063300982   2.68088487696859
2.0319759453127237   3.2253899957647167   5.186232352235342
14.28669370805161   9.426382964763318   4.323482749625581
0.7969184131310943   4.959918622426325   6.097974119559916
13.042223988338773   4.461153656960802   5.660823875105799
2.213363188765302   0.8772072311034356   1.9320949477493663
0.3342391168760557   8.219667275732972   1.1205777319499368
6.350036655024239   2.5500939793058843   3.1697579413486543
7.141342137995814   10.483777124184305   3.984423445737688
13.587197937352633   7.393093426946486   1.4202387559908751
4.7899587323906   10.924952747699376   3.5902884139696685
6.031365767151971   4.847309531327803   0.42540898702774366
1.9337413640786347   8.897105480382685   1.3246442839219204
10.95559095438508   12.349049967816631   3.1813945450248116
10.112538055071395   5.053286451809124   0.9274659359546109
10.093366838565078   0.049531607830893165   1.1329742027866936
14.227571157788606   12.766638209601266   2.6309801415037315
8.27338409078253   12.353394943550324   2.3492673497257504
8.472954727412665   5.424261098550981   2.312142659628309
10.080161209572873   8.533750264742176   0.583635086900265
3.546031177325061   13.965954312953738   2.4132558728271607
14.044299733942053   6.399748446085506   5.277927078074024
11.357854028841162   9.152542634241078   4.59801431639292
8.638824014383516   1.55132376305784   1.0765358953256847
12.280543955037263   12.491540311059708   4.8600299311183095
6.053808211080695   13.907316228011556   5.702010844777105
7.160154194879291   5.063628633183889   0.3916259092346691
2.9245315325240813   4.966612302882362   2.7541049135141673
0.697210645414158   10.90134042678533   5.3486575088071024
5.427413153302497   7.118831315417712   3.8411380335779888
1.5973018448349703   14.222123727572324   2.206542689456224
2.804239707380802   7.6064491201745055   0.8493923726230446
9.073061760811235   7.964262085745816   2.8056628850806953
13.396379794099895   11.768272521117227   1.5146584448237677
2.5894387959528955   12.983168564437946   6.158245528762793
10.391859255016996   10.24406320073915   2.793173915427758
2.2501223254249796   2.059159390539148   2.2830060808552273
9.677512334645602   6.309068207367116   0.19886095829075498
7.56479643523552   8.95863557840814   2.839318377897658
0.9040387058281625   9.275804727552067   4.572265671111819
0.07585730470608532   3.360345011763879   5.047036312238815
