10.325182440480186   12.742208089070981   3.0580632350127517
7.391128169046692   1.6613166811347788   1.8634985656409238
4.5126441471914   11.911816845669192   0.9082382010696676
14.113977826292158   1.230825479672611   4.565027281550911
3.9966853505754076   10.805736375207522   5.16129624962098
5.652954331708726   10.757239685921602   3.704710021182841
9.28900334914667   9.697461805718824   4.981372908817681
10.974818074898932   1.4758459968215187   0.5495952260727187
0.5727315585413932   2.669591551912224   1.6378228174148721
13.33545195958936   14.14352514916865   2.092222426433729
6.180165772704849   1.5634568850880521   3.1927546840468177
6.199070248729662   0.04117567725861271   0.003896654388735918
7.699052057590428   7.725096765885687   3.5942155765418016
1.2999654289690943   5.520070985218974   1.8847850043592227
10.496177399759414   0.2381879433893082   2.444276509791242
13.776440175956836   3.7476738632903035   1.4071969302788279
3.842616065883053   4.468580976117174   2.085078948860085
10.226565983459162   5.287468366386186   4.150688251735096
13.722894710050115   11.455562386705099   2.324233873026487
9.5852543901486   2.765972818049972   3.917511379893271
14.304619656175042   6.079568633361897   3.1609617415715885
8.615130316231005   10.81835710858824   5.084549148940095
9.115745919940323   12.05182182403478   1.7275652547267484
3.4974573179282658   9.865710894228835   3.5421316860007943
2.533567267287756   1.7153928899932418   4.413612674884712
12.024766237909523   10.282309806280583   1.6300364453741865
13.481487753917959   8.073117901635566   4.7645350168530385
8.257817421683317   3.967973067974658   5.464411539072279
1.4147064363797126   1.509186953002917   2.5991520865096827
0.4020725722075072   8.326132071102524   1.1019338679189195
4.880599009793029   3.2245280441978004   0.9188881958704502
8.27621536123454   9.1688420750143   1.7753019538477344
2.585504683644144   5.44224277994902   1.4694054696238266
6.656594741067938   12.048761929390203   3.0563525930083477
5.064880396358349   1.9434711852317932   2.0887777291596663
1.8353390805894905   9.603818783612796   2.243695057639695
11.548472829267745   13.032431735295324   5.305949587349437
5.832053875653439   6.290958649845036   2.1116384944686866
8.526136449813553   1.9437898485093879   1.4013990367938378
14.415791606968627   12.320706866897948   2.589748565463479
7.3775902102021895   14.191303558658827   3.942363690681637
7.567525971472664   3.0690834973532533   2.801329823066884
11.377079773860066   5.561829634417196   1.6025206532338967
2.665316425477748   13.127405290542105   2.414497188724357
1.2671251542854103   4.379332880426492   0.851722989544431
11.414752097837974   8.692401074529219   2.6201534259729815
8.28422502300385   0.8966741848558237   6.256106405107321
7.975273083509306   12.402781930728091   0.1709267760686097
2.675362482765947   12.045414976369313   0.05269606554099848
7.07283564043653   4.116030624928475   5.783649840387397
5.4272600851176325   7.526010394219501   2.413033389819223
0.4992239617192641   11.34801357780397   6.271931224306654
6.0114726359735675   4.4448343152843535   4.74848044936463
0.5448491925023904   10.132092224747687   2.415726894032561
2.6816261354919   7.816858198165449   5.9557224364855355
11.12753374302891   4.326763382986656   5.01352111463521
13.553076783465919   9.492117797247515   1.7415459920771346
4.548970025742093   14.265581972152301   0.6599265162429048
9.648266218254998   13.838126870802645   2.046173292080017
3.2029360492768095   0.19161792893941687   3.287878582050339
10.778335866948213   7.681106573827132   6.105886608791852
4.682550974435806   8.427400444346425   1.8031011058459714
3.727829451997162   5.866527686420796   3.069856399498347
1.879575731179916   3.3411006625952435   6.208222815801652
