10.394677152724688   1.668335995345422   5.0290293601968274
6.760942871628471   1.135439643378207   1.2707989168354041
13.896371624044582   12.58688936997765   5.087396076000251
14.094764871004092   2.4611035464053357   0.6164976877991966
6.450500555667713   3.448984547327952   0.6360231772133698
0.3869943274265954   14.121297287461143   4.450501945986628
10.177273756447821   10.5106225870961   0.11907270472413704
10.240039016015768   13.205705451250298   0.967976847411848
7.614636755308679   2.916793004882775   1.1244090321630609
1.5090029868717951   1.7208560214628132   2.911123554948654
5.180650872468739   9.666411842900061   2.463799281637676
2.989834086594843   13.567941981388929   1.032876174625127
9.174571357640934   6.6093065064086245   2.131130343880816
2.069832985270142   6.573792049347665   3.030760174831986
11.608106124094823   4.57162395722231   0.2008157338727684
4.833724771444363   3.4077461996565503   6.194075027471821
8.404087371242314   8.840836135687479   3.945863565802186
1.5208530229029664   8.318572733355028   4.1496561085086725
13.227241582224853   7.641700288641189   3.2394706167568303
11.317818733358864   9.021574188736688   2.9880958627251983
12.089587483888453   7.156879547374056   1.226306936810676
12.702678875681709   11.07197726390858   4.100123146161105
10.1989604947957   12.034313624594088   1.776681182465612
7.543423128635559   9.613699932171777   0.19049119721754418
1.8174460625407844   14.38229422741227   2.728858896713026
14.35432126297183   8.3737900420936   0.4202512452293874
4.399712084872988   7.521043292214221   1.1644327713561746
8.970554980290053   2.250166536263404   2.9237324883230946
4.34004427586025   11.180747317484672   1.62139439503352
3.1151981474380213   8.033326884714493   3.0691424835139895
3.672236441767227   0.4300485386139828   0.24443275339838755
11.615124670940151   12.19805772421717   3.7120229652955437
4.903121224322732   1.087030906609576   3.116517033480395
12.996294741802258   2.9738902550076887   5.332736924889086
0.9998126114583363   3.045967400165234   1.9483044856163136
1.2209315402775687   12.954238600999872   3.4215899876164833
11.228321552966086   13.911804539249077   3.8605414256183925
3.7341399454097184   12.323521769645998   0.8348352091569162
12.571523234357599   4.0872488423336675   1.431253918468817
14.306897372663032   9.841283987006845   5.624920167895629
8.487611748647923   12.580945262590863   2.3158628047846244
7.223719944869687   7.351075642411045   4.041892265717636
3.5459601160994265   3.8665167626309547   5.94249599840738
0.121552531941586   11.33162292089105   1.4965850327378505
5.061914019341919   4.559265402935514   6.018639715011337
11.768922040217316   3.049088234939354   3.3713022899625917
8.15952294959754   5.808943436377371   0.8469049795525763
5.860837681520568   11.629265563531474   4.185527221602225
6.377656774919511   8.985825901932586   1.4975350993918617
9.17246438117768   5.440354309046292   1.9408704882948322
2.622262671605785   2.748910060260364   5.272088596451317
10.278615055570677   2.870443834842626   0.9127916472236218
12.91229097320619   0.8298911123767275   4.5780232624400545
4.308884689340108   13.414635768221597   1.725325792161419
9.421091737865222   8.303416178830595   3.884554530582053
5.915553630517333   0.37088809571969567   0.369474533027605
14.416351236784967   5.3664239242125396   0.898880733578489
12.746377268053434   12.388814436634341   2.4562869523338624
5.511911821037836   13.341249334947387   1.3017161806998279
14.25632258931071   6.866268787443905   3.147228173972098
12.977167086358753   6.20581512580963   1.0542161059849369
2.9286919023809745   10.177296627976137   3.762778967463106
9.253190964354282   3.741406805996737   4.99298201262393
4.926107406027592   5.872223027951163   4.959502718671462
