8.35745765874384   13.202427408065388   0.09966550134426516
6.648168326977274   2.1112324015124293   2.245949726037426
14.188844233473798   12.105791235703673   5.030073196328311
4.657458290052359   4.750176927829917   0.6320719056650861
7.25021221596968   6.433406553219961   2.8683214636536682
12.73003396209908   13.341328976695658   4.590253983185407
9.185337023424369   11.48384125717648   0.4863885590131811
11.704600073515884   13.938680696612531   0.5377884789723294
7.5256153806776265   3.5106597913035174   1.370131859491312
12.333665899110546   0.6129551902089942   4.811509541292497
5.80056529683861   11.644433018566213   3.404986752765088
0.16467340780099704   1.8581384867378417   3.1109366994156074
9.321197923954065   7.3312267880022794   2.756681545185549
13.21323368674616   2.0605327432607967   4.038832322234975
9.179363863213513   6.038982075514091   1.3462762692640358
4.637140114855422   2.3520051391252093   1.0807164583104327
8.757060178381446   8.663941602464037   0.6084838659274906
3.0587922384763786   7.953093454217366   3.805040217051191
13.360136876070296   7.959684545917422   0.23403063970925278
11.351362675500248   10.325986506948635   3.61365409406254
1.276912598153873   1.257410818474753   2.6169166684339085
10.430511089720476   13.732490714085301   5.658528293187483
6.6699034105832755   14.14674973729687   2.542275737481525
10.535883848475232   9.041927262990598   5.7167758816717
1.4886693092965921   10.48435559838016   5.233529207559246
14.325179980658014   8.486051847443989   4.702616982029479
4.4087399906726095   7.32130049342743   1.7993715322419226
7.965822979563721   4.78205389255449   2.872981545895757
2.3503846104088657   11.453009875896175   0.24814916780895346
13.811621923831108   9.665439551613373   4.185976997239129
0.9753475678587883   3.311436952242615   2.078220065765922
12.2181538138245   8.545991079195945   3.243866825009641
3.143670989668236   1.4051838796235923   2.3872755694025587
12.977596935886623   3.59736144293623   1.8501262467092783
10.491848064772729   2.3432201824769887   3.954198922305488
1.1295934848888587   12.84982568200143   3.568024939967162
9.622779749988627   12.558727626992   3.8229551853450934
3.8992378417495055   10.868446437693503   1.9442540465652889
13.456677169960173   5.928348816384524   4.8207718194183045
11.990749312625859   11.805305131571908   4.893887951355988
6.914108859566051   12.712170852705311   1.6995601605147914
7.102492562099046   7.537437734195886   2.621136897867299
2.347542380716464   3.955343158045635   6.217559239983306
2.754932867344703   5.444647445327508   0.8638875999313982
5.3015330220343975   3.1838209591258204   6.098217501771193
14.318745531652784   13.392520356168019   2.56998472344246
5.796513816632188   5.992232989893814   3.2749546731815893
4.781353035588917   8.672996766025983   2.558048211178428
6.131332259194414   9.347485837640676   1.517503174438056
6.371878308964951   3.594168401399721   0.3490300957197556
0.13828848829549178   4.14754281513622   3.205936094957977
10.228518690051265   5.651321091963845   2.6217138087500333
10.174149867412424   1.1527830471340321   6.163099374538091
5.5212615981568085   14.28788097808642   1.6166213222629138
10.801917182063978   4.377804348785903   4.060951690868784
3.884914302990334   0.2582408940612896   5.25225682946041
1.3846212842871846   5.236018125002883   1.211563143377984
0.7421816213397301   9.733049500297973   3.832647811936775
7.183137358741775   0.712927975686477   2.0814255648914295
0.4100248454024732   5.930881101450908   4.27921903934033
11.18540314919362   7.451878962913191   0.1371062840259101
2.052070350002093   6.875516298502064   1.1874992944258824
8.671786739025832   1.7327330775531746   5.699010051886556
3.2804534207611287   2.5496572083411935   5.839270252785984
