8.057368582722779   10.3287568885981   1.6270758890806365
6.146891043948939   2.798204699460152   0.8883681469146913
2.278992952467607   12.17533199552871   5.656215959278476
10.41850065379399   1.0953958456323853   4.750516961379893
2.296924020706169   9.125504367849224   0.5958140232597922
4.512408052260881   5.348231748285504   5.347702448544335
9.457513545451343   8.110065795254373   2.2651523632186628
11.63260422154086   0.9511651794737348   0.7756083265304393
14.307407776156527   1.7777848103752907   4.460583970265374
13.220315275678786   3.690543981078455   2.9793089569126687
4.205977650424644   1.5445298756665942   3.2328726722725687
5.587703219176717   13.498682672428664   1.644239527903415
7.917946120670095   12.60566866131019   3.0082433094632264
13.069306845049864   4.922368967060412   2.6271140361480665
9.75914037714593   13.881204868195525   1.4652958084368652
1.4829815604299834   1.2535808024570954   0.36937450852438286
4.088606373189265   2.713461492006463   2.3838103838440907
10.450322075428959   5.020857461870559   5.612883514115401
12.17352167594426   9.256757083798377   2.4524516643017273
8.30705924962636   3.104402267231514   2.446320103466987
11.38224992989237   4.127340612848273   2.137149611591102
5.719537540647217   10.440658915928928   0.35332543373076053
6.623833451151763   13.131379063440493   1.0774246088478248
3.2945544971386815   12.829103995029334   3.5558339236506074
2.306162988060451   5.591516416418925   4.927332903291126
14.075717771621752   9.418439175804428   4.141094058965978
1.5516342945119979   4.061473736833724   0.5862794828915363
12.414824947362781   6.348404713740614   0.7500042016648212
1.7324104827384916   2.462953572239678   2.5754145319729425
14.380538387133257   7.7838711931645   0.15009189330080758
8.03925790337372   4.642589891432571   3.1426602862254893
7.218743093366544   11.722735134532943   4.93769857752196
13.273353916119044   7.865251431212562   2.2066143692393965
3.9696944289734724   9.720121222938326   3.0273769645294846
6.546930429829939   5.598583828044472   0.9234511517110273
3.0978180701617677   8.222273273942164   2.4827342701802455
10.490647707284834   12.3939843844809   2.4645886889825745
9.886648032713305   2.946587469853301   1.273639676704321
11.0859119478687   13.705903243767672   2.6682042888922965
1.4410490194446737   12.918223457653438   3.4271340313797776
10.04035486234031   11.210176799059969   1.6360300914767438
7.583485281073644   5.844706863671436   1.2684588841286912
9.128330706571568   9.366775210096723   1.082536665838501
3.3027776325427385   0.21193299622785045   1.6248232429581435
13.73327947107876   6.759104885902627   4.390993697171775
10.055141500146185   10.079464234023735   5.804921073340766
11.04957739555799   2.9497272431748804   0.7671990961868117
11.861531993543773   12.874325411039841   5.960904420350382
5.381219668338802   0.8858214164634691   5.844236116667238
6.167302743735278   6.967150351169482   6.172614013012808
4.824041139491062   3.966237395649915   4.10960346517108
0.9923291187661042   8.68614110655168   6.053229000801995
6.3197014780839345   8.586930520422845   4.342331325998684
2.104783665303904   13.855538841081719   3.60478336852729
3.264543893202677   6.064325408059336   1.5585250495534626
8.34638928440665   7.192252487617602   1.6202614012001821
14.340139753548453   12.952451958743694   1.6183095007207486
4.402696478199628   14.020906048981654   6.212854491200282
11.273685410106024   11.42117748568762   2.6080534798275616
2.9092502590327447   3.487546485107342   2.962723132102127
11.091711403001659   8.526199858123446   1.1664407648773465
7.53702454191126   9.010585000500575   3.2613747190973745
14.271939777401068   10.86798046643046   4.348200304880239
0.5896066539306549   3.420104999753304   4.924379258307202
