8.21134989313147   13.492922972151831   6.250730765421216
6.575793553459933   2.395474652318873   1.9212614118142999
0.9361133724741446   11.66137481355288   4.035927885707901
4.138021867707446   5.078920211378869   0.2952640490418029
7.494308070670091   5.28709101987865   2.9211230237952948
12.990868882637873   13.74379598880468   4.498367086756086
9.580775057069307   12.198832478495364   0.3972206340308414
10.757637387306856   13.264389431554193   0.5218099516691121
7.818006427777453   3.3361751821032093   0.8839690138963722
12.346367450495372   0.23475787497846778   4.461062849336076
5.592283523472467   11.942776254120849   2.6620760879130643
0.5097627739596222   3.559512364407211   3.1723710704562054
11.06678490323642   6.563450127261853   2.7585571791959067
14.143288098974582   2.2051142014230356   4.970491714308111
9.840406460700208   5.918176785412893   0.980997485464596
4.350968956517106   2.185563961512155   0.26179337808033953
9.689927982165562   9.190143370858575   6.101114688544189
3.479310619922833   6.144957119319019   4.2196116222689435
13.932320531374351   8.533332872065786   0.10654457267322173
11.559528301580027   10.756395615975732   3.006931562533261
2.0850727443453745   0.8916625424232497   2.6000836991890046
10.12492850477405   14.296885263866079   4.833280877835715
6.640632445989266   14.290817364870069   2.9879569065856555
10.213983217743518   8.244794927178987   0.24516056976515968
2.253025957193329   9.897751081532984   5.364664332111317
0.3757591817206745   7.8277226976566485   4.821846708059102
2.9726986807058475   8.70818224893831   1.832872975054036
8.607974790679611   4.625912704236185   2.7671306831938276
2.1531256701785186   11.063906291487225   0.2810727778734368
13.654002868749332   11.329190804230432   5.148650765692045
0.9798411227044106   2.5711348221738852   2.048327215249301
12.154371441529465   9.505409534990582   3.138817700288172
3.2310126068326603   0.5346121884770774   1.8740888680515446
13.112398342605532   3.8314249792398023   1.5662975598219973
10.426409186754682   3.0780048250471728   3.8592139697047916
1.483210475348385   14.294049421119906   4.394980152985001
10.427282531330244   11.484729646567162   3.8093433743636855
3.6569109894303145   10.417345468547737   3.14345276115735
12.903421288634991   5.079612630969386   5.122324731106691
11.69250768052746   12.4284426946973   5.25582801421768
7.628659549978355   10.815178594010252   1.983248763731014
5.571392950243043   8.47190535592074   3.4105037117832713
1.6155527945528068   4.431392677163489   6.201560148770119
2.129879401119101   5.377652795948822   0.4956744979097315
5.421706129353686   3.2019677270469   0.3198871310665287
0.4282334881518315   12.702726671668042   1.9608853972605687
5.322653771694775   5.734787404014743   3.666856971438716
5.244216481289383   9.52434811162808   2.8531789457821946
4.897994992937459   10.903224165102634   1.5804233564334007
6.689305395542333   3.824506516101158   0.3883555791935154
14.298821816735   5.350550335601605   2.198318958386772
11.79947395424856   5.072479674747489   3.5761298638952908
9.258317566580782   1.6515637799050942   6.003258819354464
6.5450644055436555   12.602835206845151   1.9820452058377624
9.916471845809834   4.768790883550006   4.201265814534669
5.109355412119793   14.041119359569704   4.760374904691018
1.1402184413006262   6.277208221708195   1.1282437302564259
14.206422171112838   10.05985780916211   3.7892550327441774
8.994047130489196   0.14031578146344592   2.665799144189072
13.908318969423675   6.989009646837741   4.90095012579811
11.788883778299066   8.170127050224965   0.1060274667963732
2.3516979043313873   7.5495181870102925   1.4025734681178812
9.276568292042517   2.86905540236867   5.767021630734023
3.359129096073569   4.044426157912949   5.844523656322723
