10.112464675114737   12.645365126199868   2.8073998467523418
9.616576779673027   3.5434560823433543   0.7840549863097024
3.7474823271717095   12.666947418223986   1.2759495362193496
2.3098983233810895   0.2195423773461837   4.009248108436341
4.802828014668256   10.029705115357537   5.215371413753237
6.415888916302722   9.334478288762169   3.3828866928652284
9.494659363821249   8.635794227898467   4.965673118592813
11.053620741019344   0.19068556591268382   0.5226715526258936
2.4317739595236447   5.443300348878398   1.7070123008102243
13.713531508357823   0.3368973125737113   2.3927996104821747
7.498820470981538   0.928143976489779   2.9594092334073836
5.026863618704926   12.87257269188089   5.674625339883344
8.952063388864307   7.432259674437961   3.2928029152267952
0.7400440491741255   6.861130195117131   2.366673494901838
10.516656823730376   1.7543757422151232   1.696578497135436
12.501421218365781   0.8282723598532533   2.030527006525896
1.44682220172208   3.8566487713125497   2.363441164248308
9.069448708966648   5.537381362783787   4.032454665065721
1.5890601001250098   9.347123169017499   2.285765167622394
8.544261355303057   4.055016106476367   4.89939672272199
14.077225169405937   5.695526759598689   2.1486845882141385
5.914276662991657   10.792286214071671   5.626421876398987
8.026592286834022   12.641553455764342   0.6584404119975875
4.279155432021128   9.043868107548615   4.953011529394997
0.9198428021185947   1.4063026127384957   4.764725774725391
11.658749647947765   13.185369592789451   0.46944538814920356
11.805592432357626   8.710404155264088   3.1667833555042524
8.123609386314337   2.79771941444861   4.031229535785643
3.2742003427827964   14.191621445721886   1.0334106304017074
0.27079357231974654   9.664074386418884   1.5194323511213481
2.485242860257462   1.4113873111844815   0.30187054193893575
8.380022904218192   8.53370242684615   2.397767245532407
2.5507800426590634   7.103524327556495   2.036835892500617
5.80111371814051   11.971388259923566   4.324547704708205
4.795348852632583   0.25158372562021647   2.6886467857589746
2.7008401980826036   9.312370482815478   2.348142927581701
12.608007480839273   13.728189266053956   4.925133668677066
6.015977187211685   7.532340451708575   1.2785885515347277
11.19261795596956   2.751451829448093   1.050476929824694
13.013389039583595   12.252306233840457   1.9817777315414924
7.655294139865525   13.651358393381592   2.9700603166039903
6.6953847317226645   4.830918402647996   3.7666809534164662
13.401729273653578   6.553259160723676   1.2692736379178597
1.9660981374386974   11.544435077181399   2.900368028146043
3.6857384546666516   3.433047312960536   1.3525333566624234
13.192401167184759   7.920899960470969   2.0135896226862773
8.224588623626612   1.6811976526033265   0.6316017680221382
6.947259048045559   11.985380218713885   0.21620610403243354
3.761461592854445   10.205397631089005   5.456133452019427
7.294312454437959   6.6652560102470035   6.216495717209783
4.844792770165982   4.9333274540035985   2.3098191765275593
0.9837662160111464   12.44104231606134   0.02861631073210802
2.24482570549303   2.755612815441925   3.8517148985914123
2.7785328434604706   10.76506544834993   2.2899824380700364
1.3990554714917671   7.977565385298476   0.05028627477705783
10.825427972523817   4.891321085322292   5.928968908555884
10.97186101586925   10.277332272802981   2.712573299213394
2.0100659628277633   13.046431257358519   0.6579160531159233
8.734448751762633   13.73336471129105   0.6394834245361916
0.35239899855688284   13.748798592571614   3.687708023828394
10.929535731398632   8.049639530557274   5.8922043603392344
4.8009656531810565   7.73416458761093   1.4964462645660017
5.006921845179344   3.5412020742023897   4.278445490969518
13.564246269561842   2.603426405857455   6.221503222220848
