9.469808462689562   9.969167720766029   1.841184943199204
5.7627393089726535   1.8250879133213864   1.2147839246312042
1.5078670341184317   11.978243439606702   5.098450385438245
10.927791958665008   0.5588161827700657   4.790267489564938
3.008208267193149   10.258765010564156   0.4320800068676829
5.59724254276482   7.881941296084475   4.804945132126767
8.183953030439996   7.449098726773303   2.025286116614035
12.854859179042046   0.27537876090477414   1.144475019293727
0.709529491261792   0.9321645786876398   3.3839017700154788
0.20819326841444452   2.213240381829856   2.311973781326009
4.357416148427218   0.6951850031838366   3.639169206859332
6.779717676288705   13.550420001661214   0.01569541451504139
8.233547795332486   12.13311562627528   3.6214826998169722
0.8983965753996317   6.590139231349728   3.2625950248688254
9.149278515936247   13.231794187827875   2.311740300321402
13.621986316182156   13.694159016888415   0.4197661194882635
4.25550887675412   3.247651118344526   1.828259732279712
10.208384885579955   6.002934427062373   0.4055564070694847
11.613526704797287   7.946130666055908   3.3500467876466953
7.657618356693708   3.235279862783828   3.1762701418512953
10.019746933519194   2.9962231102626045   2.24576777632377
6.114866012870477   9.59188111059447   5.595424749782146
6.869794385557698   12.520539402238125   1.5050168642567219
2.382494905815842   11.2470958313493   2.8259366087920896
1.8034101905876267   5.437745272689542   5.231462070489361
13.796362174437359   9.522006059683946   4.177806882723802
0.8094778062190591   4.521978767268549   5.840740652026618
12.722383715740175   4.269995044844799   5.888396797348146
1.271660721294633   2.596757893627875   2.175254057895863
1.4702148894193487   7.594627447962123   0.45481278003741943
7.09131152985148   4.169702651633251   2.7223355895600574
6.86236645245598   10.576050236695837   4.165529301461071
13.56653944396119   8.108606377306954   1.611135428904784
4.5793153133594595   8.905969869504085   3.567929272774593
4.957390395306075   4.907667538246707   0.5431450923734528
2.5726028855636445   8.329667495244617   1.7683945123853384
11.162048441206757   11.872245244201796   3.488083692942803
10.394258789222823   4.860489771993778   1.6203291793825918
10.751157561784964   13.198791564863003   1.9265409801356466
0.7138306772714444   12.821393217700228   2.7147739526692303
9.317146472598465   11.771995658222536   1.6364133669215446
8.339771928451075   4.618413485224766   1.2525020738100394
9.398660813235669   7.812763089108313   0.31182693371465786
2.541157596810404   0.3461515704775303   2.110109982992066
13.367267095429693   6.610506305669834   4.723711601321229
10.785612749235543   9.3892569015353   5.565658368174352
10.518686949056827   1.958906827210696   1.1748897551487965
12.635965702926601   13.024719384121154   5.606346407717078
4.271622537788121   13.943793722754906   0.009362525065753427
6.64105084866372   6.14790551104754   5.954801149151924
3.4669138239160313   4.544781269916014   4.185236644003883
1.3885012878994987   10.069316455440747   5.467821501246713
6.965785754623759   8.591890734602291   4.6346796276947835
1.2808594772650324   13.902344330157906   2.477875089006725
2.949174346189271   6.405642377749103   1.3107175064334662
8.230540699802138   6.057649637613672   2.2111024153821526
13.93696664857672   11.917914289715004   1.6584531823437685
3.2163026942778963   13.737726481816146   0.06855530362838197
11.807308809981032   10.622030231801938   2.6953577413377974
1.9968886961120473   4.168080557486705   2.3846000872053237
11.98812147855515   5.369105276926863   1.0831274456436153
8.086183699109615   9.8914229713074   2.456108137527069
0.18817887586276172   10.889785092066784   4.821711728527278
13.895350336979691   3.5910122228902392   5.128110642823724
