0.34776786786611635   1.294441917762452   0.2574550164499567
5.959858994165723   5.514626230986558   0.6866081562870172
1.118639923938618   1.0180958761300754   3.6716715617865896
1.5841762658910503   6.487816103286721   4.410169545487719
8.39544404415733   3.9147945051598976   2.503645561939994
1.1236716648377585   3.001115555322755   1.207001180270021
3.980890899978589   2.4119789655683856   2.249602256910515
8.440870349168433   0.9058721142511716   3.8971382176044957
5.826998254053028   8.126275694843955   4.490376392424424
2.941677236974596   8.88237001150617   3.3914258004618465
3.1062929910732695   5.190030737188571   4.096319693734571
3.097542490511281   6.5990853855288645   2.871777150984951
5.105264486676333   4.198596806215114   1.548442967274193
4.608051683685626   9.105634231374115   6.0255480761722975
5.616707496318203   6.1745265993861915   2.689302867581167
4.918160365847409   0.20207475554827248   0.5864080343962137
9.211079808791201   5.359604492062354   0.1864637004278237
4.9014633122177855   1.0610805543018358   4.161660903954029
8.73595153397888   7.1946341541981615   2.4700580141110713
6.063443470270504   3.430574415542405   5.456528085717852
9.18144203547341   9.38494575369671   0.14511038536667262
5.739270640250937   7.163441777518783   1.3819935158087167
8.486980180512683   1.7003637727588323   2.6644426255450004
3.6403928626188646   8.552803630144487   1.555573558081017
7.597818809979541   2.285849954032403   1.1751363115678164
2.798255548101288   1.0103580744177911   0.3359107453241702
6.5884065680520525   4.651988399013898   1.9945269956879703
3.8360106115497983   4.07607522852505   0.9293598311948793
6.542367333869997   8.697100407175418   0.898445097126741
0.40835941487108535   5.917420560071962   3.350939762865671
0.8777050600358505   2.2635798344138793   5.8201431596505255
5.6137985823946535   2.1364817843068105   6.093124262780148
2.0278012566964505   1.428251873286515   4.009528750402931
2.060148427597791   4.491322437041733   1.090185991219978
2.878357414778964   8.009693863487799   1.6202947211670782
5.84792012768564   9.435444873088144   3.628628248538616
0.9199472309648646   4.639134515321627   3.323089564493218
7.210013935120669   5.166291779985393   5.130240291239361
7.658708495597752   9.3729714481035   6.21622093545844
4.531383032389688   6.565445294288173   0.8543056846244519
8.941956568601366   8.138695203721099   2.8070559585696055
1.786456036680056   5.593009364295597   0.5127487132545082
4.563476467809039   7.550182921736402   5.4643765556534785
7.186105530200854   7.478543339127433   2.0435218865361544
8.4146182120562   0.014821729401729655   6.237803483107391
6.558931781964547   6.517888538319608   3.251761053593577
4.994660981471892   2.608514691828961   5.701835277656044
3.015326831807516   9.722816791168869   5.130080026419672
2.0807174470382197   9.738793076575499   1.1728652221053404
9.374916470028188   2.5342540569246568   2.5686002081752846
4.7849419065759875   5.020663763347562   0.614641914289719
4.076716065258932   0.11359937578792945   2.736940202493188
2.2789045843981155   3.5152995886966796   1.5615016077938617
2.9036926715471725   2.451690382315609   2.1392056769315637
7.841835533309687   8.398302808470273   4.930508218500784
7.325626900069027   0.5408458999671828   5.787624412171753
1.4747861659395225   7.8538790203401225   6.083678381193825
0.6949712293174976   8.908404284371299   5.434699331845436
7.670425293144188   3.1322707215649412   2.9298016151430266
6.905934634527766   1.562397806076834   0.9491901890643043
7.928034204273631   4.577586762181214   1.3733035513451357
2.962588474277289   3.947273911603305   5.2946844339405175
0.42257072723436484   0.10691987970684957   3.025907416727516
0.11577594214622944   7.990354208986791   1.6950013722658146
