2.493759701224944   3.171073083226287   5.0854863181230305
8.432677114626316   4.560978581782534   2.9140738412636535
5.502931523214431   2.8739463840822466   1.0616574463685566
0.3110923474614222   4.662599276953251   0.12206249104261624
3.304041733750412   7.2163075660121745   0.21504975103657337
8.040554487896541   0.3211168907962134   2.1443754271564512
9.498532533934906   3.5575885606573854   0.946923877473719
6.754139193094722   1.4240696242979698   6.084513375034045
4.463019359966138   7.038492562907801   1.662057397600231
5.693271077370693   9.448716408646206   6.210902118311559
4.3382323973858075   6.260876138230276   3.4472668261185277
1.3205496147797193   6.652603987318772   2.0148212311586624
4.570043910647681   1.8271306897497266   0.997201099191204
2.0032895420683112   2.4452738820483573   1.8917289905391623
2.7223811521606214   8.32303304164783   3.6991582281082
0.21342242776902765   8.83323685147878   4.557957523656657
1.874192206139058   7.591960912240708   2.7420554261173575
7.977433185627515   6.485644278813813   2.131216304308642
1.502440016661466   0.48898022723118817   4.126103633967391
8.59658452358975   1.189045846514404   0.02490054204865981
0.6805694497305457   2.9811474446022963   2.8071300940070736
8.26478296946738   7.759121765033855   1.3092759874012996
8.280209625787021   3.3451198967037086   4.432242449227987
5.03334875345445   8.372683761173818   3.901744894968834
9.047394654279135   2.912275042352968   4.17336929670758
0.5705006314408491   6.172377149127714   4.174686533796804
3.04222758155685   5.829378077159626   0.5641475565681363
9.175573650629822   9.263603913142951   4.193912312677969
1.0782128638697719   4.419595777669869   2.350071902435393
4.061336842428698   9.414095837729779   4.544106504978815
2.8926636595233233   2.2839906147469597   4.805565896996429
4.442065524202766   2.9361531479579965   0.14191779852303152
6.385194154170067   7.8454722843684275   0.6010023052277047
4.162338699026351   8.631230573702032   0.7430556752504691
7.53706044951107   9.224832639175728   1.6799817940218156
7.071782232837629   5.92990967428536   0.8020469210343486
9.762227466428326   1.3074985844668487   1.8432147840667659
8.76231559689895   8.351241349302915   4.508373919120219
7.193341043901563   7.736466412120072   1.0687103972117886
2.30554443440003   6.623091584789015   0.8787079156051366
3.551314000602679   8.102725506476164   2.6818336221353682
3.9991983158075097   5.515860974853056   1.7971035031532323
1.9338959719279933   9.256459072862816   0.6014667959873332
3.6390045105085256   2.373740316951767   2.12667079625905
0.8776232533593801   1.2878289495726107   5.040147857172038
9.573001767055578   0.17595860202347624   0.3047008509283291
2.7656218174445026   1.005110889583622   1.138687793508541
5.395339662258241   5.538550054848615   5.1254770536209024
6.616141239537418   3.2499850408297792   4.927901661610043
0.011480261823541754   7.6115012151376655   0.1124961563235809
6.742408691843223   8.788575432019517   5.588043948031448
4.402875335688483   7.832796215566949   2.1259694652441157
9.54828032757529   2.216832161864352   2.129529456818397
3.0463302147759888   4.964943111054941   1.5635552967189248
7.417754952207006   5.129885617130454   4.268187466397118
4.682686022073182   4.815845906858021   1.7947638595072364
5.392968064189449   7.349307860298752   5.838119734321703
4.703978801568469   0.5534502282062262   5.108171404196317
3.3445498983812887   3.783303697070929   5.268858535332883
3.091178091513396   9.124445099717185   4.468213270030531
7.571058890788963   1.3701881475548126   0.6885474829088511
5.927268041008317   4.8960014097895215   0.9818407496090269
6.334810764345102   7.035607179465893   4.183196837845628
6.984516154623808   0.39122684598529994   6.1473504326044
