6.224373145297547   5.925203039334979   4.892525816873893
0.5344068632433535   3.6304885516971397   2.2557778187251256
4.567449522714811   3.0626192901022153   1.078454974033574
7.190625703372211   6.855894737731813   3.8310780861449896
0.3854292741626211   9.315577288988434   4.507337603772
1.9710619430221608   3.53258585908201   1.5799053368349507
4.920771082682463   2.2637460245416716   3.496704744565229
3.113216189473637   1.4354650248228507   1.3063509370606454
4.256928683849268   8.101887581289148   1.9472015615047156
4.170687576827814   5.860027374702673   0.9484248057395466
5.307607669258327   8.26707743657219   4.320792631651679
1.155518560983029   5.243823868300556   3.913387730768429
7.063525766939633   3.4910257988671427   1.4482473901131703
2.943709614247361   4.052138175879317   0.6982633527880392
8.582093194889179   4.590054573641346   1.7538617201224556
9.068230682911636   8.618544106791932   5.912840192873003
9.308947615777832   5.311281949176217   5.692014914885896
0.32962179682099757   2.4669281642472978   2.3972191472204005
8.433150294213831   1.4992400616671693   3.4987724922539325
8.964445076320395   2.278778958544555   1.4252374157699752
8.060613125139309   6.250954272214818   0.3994822308997219
5.0704791719505256   6.298612917129705   3.4374049328518774
0.45062918374871314   1.3278211965572917   6.002171692081675
3.1762186326440998   5.995076802248609   3.2477652338228546
7.483110458222586   4.600766761709412   3.6413952083884755
1.9557857051390513   6.551357141115308   5.139812718441975
2.3858326044430362   5.312535471815811   3.3735305421879613
0.7540369825768636   0.5685523560911536   4.8497380966130255
1.0292124541366565   1.911496261200108   3.4326047547928016
0.7075633020741394   8.671984132105859   2.80573967602601
9.456805532700814   3.413188921377254   5.490909204598008
2.836921023800212   7.755082311011938   0.5129260069973706
4.35431765624793   1.5250847510797718   1.387066302177985
1.66690158611403   2.5273551111176844   1.2847855648268944
6.893546349874533   2.1225212310245616   6.101853001121177
4.173149964540776   9.652949699637007   0.6686845940879599
1.9285238348156573   1.248402273562262   4.660439612344383
6.002601158339232   9.6370515508457   3.126943499054101
9.191999988824605   1.3309125145663485   2.887150077579392
0.6248510493212107   7.431426195188694   0.8708123238025839
6.131442058109973   8.685849684418013   2.6438918534497526
4.372341849889636   4.4027425591764775   0.009180672504264173
6.301956598714112   0.787313949856665   1.0987053665697508
7.591299528128408   9.743057285589874   2.200898331553455
0.38109452488193973   5.73918302799987   3.2611244968898347
8.487844539975278   0.0615792653295924   4.363579670516179
3.760524283451864   3.52292921291956   5.251487142609224
5.136282027899603   9.172012519307291   4.607594849530132
3.4640846909264833   8.865622948339434   4.373932870614878
9.536690109127527   0.41940771656571435   1.1327593954921535
5.7201179647787335   7.2923982369859965   1.8951255388795847
3.3311736641721224   5.156739561727006   0.12787933714526611
2.439343312641822   0.5170649912964352   0.9876633835366062
5.250122157238055   3.8806284409342875   0.7253981266983148
7.774404087620217   7.948477720423128   6.229059601270782
4.9781576980495   5.1914829948179975   3.0530984913677446
6.984998554114215   5.292140729524153   5.327174128526061
2.711750123537497   9.152354886841545   4.284951676629864
6.528406163772044   4.367872522134805   5.685334419655306
1.7241382991958543   7.499433817914592   5.644300407668339
7.314110787031636   1.2487233161433333   2.698824834054834
7.737303482133703   2.800488487892303   1.0346078832877406
8.701504321010521   3.2149347534293655   4.217068904741147
1.7286486121890128   8.410544444832714   4.404888807200632
