9.046960154599565   7.463009671307725   4.043002356685832
1.1141963821776253   6.5767241917011   4.083060947530269
8.368477423499725   2.963017217272748   4.959058341205617
8.867378338197115   5.438766838618105   0.7924094635003298
1.0404863230786616   2.3082131002490627   5.258786176473228
3.1919877178101457   3.8496679235679525   1.0059030290571305
5.0961252453484835   2.664719191636623   2.9096466160679566
1.5950011746314077   3.5111641829046025   4.1568109340276
5.711377724665563   9.452520400719564   6.222237792340465
4.173485966192345   4.675378160287931   1.671729533056192
1.9518862924300826   8.227788826086078   5.493455549513671
1.0850257984477913   5.420912511872437   2.8482193390780983
6.199817072698557   3.437553511266182   0.6487001437233249
0.6411119957994971   9.556607820323732   5.702745858747743
6.729061657825329   6.399761031031312   3.1615224595625646
6.131895815295629   0.29882639405630096   5.8626806691731295
7.251925291563845   7.578579196679602   0.5414630476193951
1.8953583637333322   2.611052950709695   1.7150131028252347
4.69982427500145   1.117323085182801   0.28145861810493195
7.240600643573819   2.808762182092447   0.5836327009594295
0.00885483219224703   6.84743208523069   5.739809681183422
4.9292943618295375   6.263033060664521   4.663377507140084
9.323754002767409   2.0553017462407905   4.744513728982912
4.765559863716007   4.108910331753785   2.5283447112744986
6.969249859077774   4.609276888221843   2.35424088162527
3.8729912960314508   7.7467552495847185   0.16467128238810536
0.17225523799134224   4.96575306894543   3.4405987872202815
1.8047838477322025   5.867994856616784   6.109971040795777
0.9410032757996649   0.8161566275019653   0.9882653070224781
9.406240829831665   9.614704720847651   0.12289780966595226
0.2155221883732974   2.7564326273558373   4.82418889761629
4.49643306385003   9.065364078053198   0.7831282630592041
2.696186090035034   1.9434064270561973   4.553583736666237
9.159237710159143   4.251022272766764   2.20044751156466
6.860030554340774   9.23199028889167   0.8766801161338239
3.5197191635686718   0.94773609218532   5.819421892090906
1.2107287002034692   7.455666474649634   3.0180779875589883
4.204436442314236   2.1923611680844046   3.0266721555730114
5.314492298471241   1.784932013798712   2.939292236419836
7.9960695827918   6.0970843323336705   2.6909167958749087
3.976727643936398   6.1383557382539795   1.6130381367723299
2.9060534388662833   5.7329196549481996   0.35557974046617785
5.169991840594347   7.322744267538878   4.763533196241018
7.517675945806519   0.05329046257236836   0.5588141081371415
9.259323148149967   0.983041749422294   1.8528117009698166
7.4262453460316245   8.662630976729481   3.1580171173454863
2.356116294284113   4.846133009453886   0.604615479335683
3.019249299472243   8.562243117976486   4.19093027564333
3.0836044149476964   9.572355036181332   0.6602720707352181
6.151154860699629   7.860490969124196   1.784943878119532
7.824424604565109   4.816442580255198   0.9424381146450607
2.412903165557053   0.7410746033825891   1.9741542135713088
2.148358052786225   4.05014734692785   1.584692570774658
3.269964811651954   3.051976103243084   4.0905533249574955
9.3092346139127   8.31492452015441   5.170318006357533
6.285852589162689   5.281015898006954   4.916838890300446
8.20670382624464   8.212082092024458   0.8291205035807248
0.6333200432420292   8.29393203239213   4.344115266773302
6.680878811187264   1.6828347666435313   3.2078860226110613
1.4254420776149956   9.371638408765165   3.2609397471473716
0.5246848294467497   3.7945955188293974   1.9825522989011028
8.16871956576429   3.990877515439386   1.903475118556649
8.154153031130775   1.2512962339398919   4.46486752281345
2.398585046559057   7.000923329887222   4.469050149623964
