8.412993434970588   8.838947513015338   4.255162429616115
1.5837613322806938   5.053126561374986   3.648155355523636
7.744294450944637   1.76588908678026   4.857427699100326
7.43035935371667   5.2315952716583745   5.68524955692768
1.6788094265540932   1.3487070669398795   4.8245938042727445
3.750215581349083   4.58872575239132   0.9059871668790522
4.287283321937303   3.2469042246718454   3.873182010737758
1.304143717866701   4.252576167702561   5.6784670854223265
4.669648019108589   0.3552479196045116   0.8100050126317041
3.243360704525671   5.286872788484493   1.6013076502109305
2.746871814573275   9.631185864723502   4.283296564029478
9.06363723233055   6.453859174098557   2.852706252199832
5.481729595513305   3.6502800206358623   0.5898510738790891
0.9109425908959113   7.5907956900209825   5.981807109899705
6.807904311492977   6.5005208763248765   1.3309546067286808
7.827716875523024   0.650436251504562   5.871974266451262
9.220303403616523   5.609332940161877   6.0237849115171445
1.7582232889207683   3.45403701875386   1.2238126221503278
5.306407544394342   1.5200640772786118   1.562724007272674
9.05945556559361   2.835486588680608   1.4399840115213713
8.756523160347692   7.4154752572093345   6.2430738451070855
6.036089648688299   7.312208567831702   3.354705504986491
8.60093124745197   9.733707292121482   5.06338986598207
4.747421682045062   5.883162584711345   3.1613986064061774
7.586806452004961   3.9391310167746427   2.550364681318828
5.765694292839827   6.171991597811526   0.37941683843681917
0.7129654407810053   5.651567857288356   3.8082517002962613
1.5463271791296274   6.762263726896003   6.03267674447241
1.6287102082869782   8.755623368199357   2.9246825954690285
0.6944692552683807   8.944463291425974   0.9800038355422257
0.39847769525504056   1.927607833704076   5.7503723238186675
5.092775075210097   8.968886475950773   1.0302179879052686
2.1273540638347006   2.685468485685945   5.710947068811022
8.690884054555273   4.330811815277093   2.458996613562212
6.436487003752146   2.105331767922599   0.2615225113584992
4.0918185186566225   2.20005596281156   0.8819224574898774
3.038440815929734   8.442049342040175   4.202212918092172
5.560603736350624   2.824715063622149   3.293268986110376
6.307618202633993   1.3310246796578373   3.3961021147413812
0.16637649647781447   6.698913021042973   2.1765975353152336
4.716180443002579   7.377003229786895   3.5727135240512347
3.298573103018597   6.2418148473113675   0.6508084010668
5.586884039176936   8.354690570024182   0.3939513243291479
7.303993799252847   9.262586359830006   1.8251807254130459
9.52432786710623   9.703688696572993   2.5437922398283823
6.662623098350229   8.284824533901812   3.8848683822069927
2.8391287824455036   4.095490901151594   0.7659051855076962
4.099365942025274   8.90522013867604   4.014158375656304
2.9062170787329262   1.0523384700335345   0.9319502989203968
6.668560022782921   0.38127044886925   0.33860735628435323
5.130776557484912   4.908228732485294   2.5209275619685925
2.874854618725429   3.1945689656245033   1.5190444780660919
9.409856566247052   1.804902451963971   2.138428668901732
4.752283575382648   4.037465186994661   5.443201499005311
9.420740079773617   8.5052988796506   5.591411548372294
5.9173670287375275   4.699351010713553   3.767918212933042
7.967166378616296   6.3255697880032695   5.6996902397086995
2.2850105430566816   7.981346582816068   3.6235997554809596
6.2656410527994275   3.915196292268769   5.674810951553918
2.3998543631319627   6.665022825764296   3.1893736061574276
9.661365107609289   3.8700712925745138   1.9845975369738835
8.667355636067665   1.1276209415756224   1.2592035420025787
0.5707910711797614   1.0898448495144113   4.700546137567997
3.692353451070282   7.129686147479859   3.898709063542041
