3.942262010550282   5.467523372088435   5.687335604994477
0.5859896659458128   5.893185812816724   2.996603866465347
4.305109539233737   2.468488210730545   6.173924596772623
7.580280650534521   5.8729244527550035   5.069191248672867
2.067141611155282   8.407201976285826   4.356012798352943
8.81788465914954   2.953654289000314   1.9458259239724411
7.816071098811816   4.534234731892266   1.5687047253185915
9.367765878381562   1.8129258990706223   0.9484003023617298
6.533107740063971   7.602371471971191   1.4507723274565316
4.976618783040377   9.240258386796455   0.1935087593693648
4.692858653111087   6.461518879668897   3.8513789144016535
1.8256016780520938   3.971335294069016   3.6589525566796532
5.094053078757078   2.213907084405809   2.7684732337173434
3.3669085134417984   4.4207055485808775   0.9275206979570486
6.357308840270816   1.756364535639372   1.930463515537862
3.223516970814216   6.652016874644224   5.211832556344485
9.164513394126306   6.088180467060358   1.8937850925163657
7.604348423399368   3.725195948073034   0.5958752747657236
7.06971097173754   3.007152393701324   3.5275581311801814
0.37225504153672523   0.39972529922347005   0.8354273285128259
9.208318070555771   4.9160465350585145   1.0269014317905745
8.162181467001664   7.393783029736862   2.952565894996561
0.05585060001711284   3.8688951085825924   4.309249350363114
3.6046464264126037   7.81796324046279   5.870311543729605
5.957686993818424   2.844943858753972   4.667982460275238
0.8320270280849497   7.176656800185732   5.0542032873332845
2.1732399146967745   4.923724992156498   1.9341089671353164
9.597243397387397   8.326345532639328   4.6077482829589895
0.9435155745258036   3.6152240913925184   2.8499134418334853
1.7209360567314853   6.461914572147049   1.5940290805324457
9.671692436844351   2.974319530993053   4.968466247966979
2.3105613433144674   7.642109530824925   5.138775598107928
5.792313702345208   0.9082452583869981   2.1457765404438374
0.7032468814914772   8.90384252553764   1.2621729047417232
7.435666625359873   0.45224633862391617   5.463929502040552
5.897386348565917   6.704198321817498   0.6898133677551933
2.289724648122671   9.33828186495786   6.238145129446659
8.656847953189148   8.55739382431619   4.478314264502192
8.611046306057872   2.0176191504636662   2.9128149992997034
1.2224979464141223   5.328643505376327   0.8887051984252544
5.816228989984702   8.677122690537022   1.9578294953902813
3.665339968294492   3.094452936315163   1.2868116632008502
5.338311702632079   7.62602297875683   1.6433190318940847
4.573819696108825   1.2391386506519768   2.5711786859633468
1.548167730261236   1.6234780849635126   3.798707729035577
0.3753215492551209   1.3600711458757277   3.51725072738086
3.0708329645799854   2.5343985222014145   6.22698147836035
7.242069310065316   8.66315909737263   3.3844475120048636
3.6326780985321445   1.4841484910871336   4.548248965620403
9.229273176179786   9.795372060013166   1.3119805747545814
8.495778883996985   0.8004256712999385   1.6050244993833145
6.126667508396328   5.828897111999872   1.5302858205606624
1.5860083772161113   2.6952302768611593   2.6617724251917982
4.69822617447114   3.7122933447560307   1.3457055038332024
8.457288203487668   6.663027916550549   0.482480827954376
5.571236921139233   4.241314570755205   2.709342818096432
7.069384671903661   6.566580363107671   0.3451193595694898
2.6362509001704644   1.45995843406929   3.9567813181553255
5.171739158764801   5.180967835036785   6.218420923428992
3.019138136794674   8.497156657001355   3.7933933747150586
6.531739276982782   0.1947443411492339   1.4589466424732846
7.773545633776623   2.7858312469010227   1.3319575691504664
6.438371175462179   4.69299060822127   3.297719048670732
3.7625909049550406   9.12995634135562   5.753541994650608
