8.073550462049383   8.43945828082871   3.6988978122419964
1.8333139385774024   6.996072427813847   3.812214938355417
7.7802934971441395   2.0009313782092826   5.107663133589035
7.673283144316404   5.053962728270403   5.778777225893055
1.0290642125860607   2.244834713612008   4.822528439254587
3.1949666670520185   4.790476409999856   1.0377993006685418
4.4532117309711525   2.7883392236330593   3.6652831124617755
1.847171415255704   3.8286551101556507   5.553025219114277
4.666390499794225   0.7625546993573429   6.140534371073126
3.1527259664800016   5.803189015792291   1.7630625065317829
2.9193040544113424   8.762068184875716   4.3836287539708225
8.782652973879687   7.0473614664041575   2.9808096810302525
5.125553983118644   4.522047695617556   0.4857890937301569
0.7071086415106329   7.084258922010276   5.836647043575278
5.72667970331193   6.976261723516591   1.6227937317845305
7.697766608756744   1.2136337809521303   5.823057435733854
9.235965918043895   5.076798332042699   5.814838630154892
1.1845774195752572   3.5066138405673604   1.0980063544746415
4.846854726828995   2.038547651150766   1.5500431010924067
8.430568297116665   3.308116213485416   0.9383829815117565
9.470380173536782   7.589069989653975   6.196203174901872
5.2032324806883725   7.711360321757922   3.2673306033905396
8.87361292113965   0.05677061868707156   5.01632802069081
4.363676919249729   4.896464750985199   3.1395802445033576
7.261490422973459   4.106415100903896   2.6772904050568167
5.574449191270546   6.082034523588117   0.5949094077849584
0.33513870314163846   5.683585113498105   4.1749726203303
1.4690803853354615   5.629800064949733   6.176021621423926
1.4491465303886342   0.0580847347436908   2.591776252209148
0.6416798594232107   8.927551431055187   0.6289860608716558
0.12059520777726929   2.6783262966281773   5.467785495443648
5.41690054074472   8.842419629008015   0.6467084662268388
2.6942498528171757   1.652823756440356   5.600079204337629
8.5368143254528   4.675384852028801   2.5617479035718613
6.269296953556477   2.0776143371082894   0.3795722687986018
3.8937351988150213   1.4642414668076977   0.5898848523994203
2.0335549457845246   8.463157510542892   4.057441109369913
5.333788961471103   2.793741572734299   3.1527239157748266
5.915253762979715   0.9030372025545254   2.8246084726895253
9.594968904657934   6.411959040856488   2.3544419572065363
4.5192228657465785   7.018381486979275   2.390642147501066
3.5790312491296046   6.60706127126611   0.2551192470657414
6.317112647163311   8.465427964159694   0.17446385933423528
7.225783798715147   0.27115034026756657   1.5830859419538135
9.578966200010157   9.47757008913457   1.9775869857377817
7.237038969492655   8.266492416581698   3.423833912954315
2.4044415334383125   5.27493587333049   1.0536408212920707
4.387388672481454   8.94757794596917   3.951823409181668
3.702986436595414   0.11045940938386845   1.2415769663633034
6.141754630244787   9.537728263715962   0.2730707420730523
5.563333240487796   5.174288283787464   2.3470946899707363
2.7519618308103797   3.812058354712979   1.5689642386911133
9.31515602395545   0.9564769943361886   1.8703156524474966
4.230000234536795   3.9339047518944437   5.44111448207314
9.362509271846719   8.535945802764706   5.529596474771491
6.706288985665889   4.922636021494757   4.085233850621358
7.6985438492763905   7.179970391321469   5.90159353789416
0.9114812098075663   7.963787905600847   3.538225325996588
6.877497596932038   2.817209235360669   5.7495869818712375
2.513700812321093   7.810909244861443   3.2326106535373684
0.5298276636828962   3.9711109734223915   2.255290483685011
8.482428054512198   0.8836554953788278   1.3346893704273248
0.4493408268017514   1.4465215488357905   4.498477010914382
3.797557564147898   8.094495694958017   4.5102828970836875
