6.381731140903045   5.959823236121233   5.02015268803223
0.24827481012281188   4.978515378695265   1.7488161000156512
5.179866808314005   2.2917218763117764   0.9627286361199886
7.542517531982567   6.593164513010176   4.0216706252965135
0.43313681468307874   0.5595127447332244   4.610245157339624
2.9520822927923716   3.380556372003512   2.1919472754042357
5.716910150071761   3.0707705656369537   3.685494763108942
2.431965856152479   2.086087844393234   1.0766222465203592
4.518058323149258   6.494120540136164   1.8884584539264553
4.999835881693436   5.7706286150458395   0.7244839383219612
4.771765523149183   7.5421516218605085   4.023761229540598
1.3032596992964058   5.4492752847358314   3.556009025901998
7.716928097588141   3.118319113294426   2.429040183559301
2.846309747028876   5.276619464219045   0.6307601458106589
0.16550409607002242   4.062585150668415   1.4582233814617886
9.212040480172753   6.710542957609311   4.812980217693835
9.10892611171074   5.333416349237733   6.062755091126892
1.2647255277033993   4.182330038468155   2.35294522773374
7.5864851780567335   1.5052202169879416   3.5075584457378817
9.605892067979314   2.182696274917805   1.1352902917803003
8.42457595181502   6.038696451842927   0.47210109612934104
5.451785806511871   6.87975334581085   3.2019687023244408
0.6686052716419627   1.316975082717031   5.932512197522213
3.526374667986678   6.804686995342676   2.631563955711846
6.5592837174058305   4.125528913069055   4.466433998285858
2.2706744681684876   6.280051970267319   5.28581573624076
2.131018787141783   5.431819681245736   3.2559786658378123
1.0342608976316385   0.030170956273519067   4.437564242844722
0.37439358040356346   3.17075797256167   3.053957274729474
0.6491783118619113   8.77684013514941   2.272259237081167
1.4019504578158697   3.0979931478353877   4.5372735888787075
2.596306777275623   7.23717493720798   0.5982962722594511
6.895666092164241   1.1395915672731043   2.037616046349326
1.7044378143645231   1.8512354793929977   1.5243322389115166
6.755301203228673   2.1589366657983002   0.6677506421060466
4.7688079962020575   8.677351602605706   6.1042445506983
2.5876793759836203   0.11134628671903357   4.43014332297845
7.524803431778262   8.613514818787172   3.1160366092989653
9.433094445524734   1.1682925433992097   3.306910840424722
0.9468314671501844   6.244596555419154   1.0728546645995065
5.797876777242008   7.832228399995221   2.998656919204133
3.519555141249243   4.245815586040965   6.184823229146319
4.428550509196592   9.622820678255263   1.4065049682385324
8.34337390978908   9.186311062358484   2.5032845959964862
1.309883792567815   7.194678220064537   2.997544233421528
9.74299528765315   9.261350749243313   4.78697050819439
4.092754413671547   3.1259112566210363   5.531209807840736
6.249167509106786   8.9893094309531   3.9403997720515496
3.6067480204442495   7.7346717067743045   3.830170152996606
8.937547197453899   0.17758689188907117   1.466016013268759
6.602101843199391   7.088459525998091   2.8124285380595015
4.427245207064616   4.755258908864482   0.8213214207192304
2.2534413234881883   1.028070948472525   1.5443271691924556
4.86960086208665   3.292003655521216   0.628376488403624
8.278731063225033   7.917185596657681   0.19824047576953943
5.121758033618714   4.205032800150935   3.5193662080084978
8.21366763524929   5.107090233859868   6.070393176752041
3.8350954478746937   0.48768696252181204   4.617977889187002
5.6965951822045   4.846930047018071   0.1374343256761902
1.5372417325298302   8.27842870096397   5.522762615807713
7.5307860273769505   0.5048212413656068   2.067533024611899
8.81708994316695   2.0684599885077044   1.2956448854714182
8.289321599232839   3.9286127043901526   4.184755743570395
2.228449619478664   9.071517529775186   4.869073434977917
