9.08503579677661   7.289613677672459   5.035595822601963
9.786320201236046   5.536479606323328   4.415979376396581
0.516331066793507   3.0744332428199863   4.563697538366418
0.4096784532555496   7.298040771714804   0.12491343722069026
0.33974284901316415   1.433823783546662   3.852832428515158
3.9405848846708325   3.948852918968649   0.4331376183406299
4.411553645200252   2.9608992105637593   2.6410522000470427
0.9991513165907906   3.785401160574322   5.510481902980483
3.7056549074078355   8.503693938719367   5.570778186997201
3.8030463381551303   6.075307457313588   2.375276823575027
1.37613079523322   7.97554685901955   5.490495433381845
0.6270911665361597   5.069527872666757   2.6230496262796787
6.220223152874755   4.434977821074542   0.9809286089252618
2.8345318780556146   1.0393141734913722   5.834427037314348
5.668971177039974   6.674860433466466   2.7582714645486126
6.06066761679429   9.266181639593892   5.471400462864304
6.654799244281921   6.985513679683825   0.26627123569544875
1.9035953471659317   2.5499324139397626   1.9565654381051063
3.2781335088916057   2.7009193730938166   0.20625477691976832
7.184277601653931   3.8275778636190134   0.3343168639949686
1.179454188725256   6.3693103099763535   0.12445922743929944
6.117678536515416   8.35825544709533   5.322728152221948
8.296252923217745   1.8877252209535147   5.317148316819924
5.300804874335759   4.480894478394684   1.7383422025688418
9.071340896640649   2.680840164417433   2.340022008587433
3.085116802686703   9.14775387588332   5.989050133818387
8.214265701914675   6.09837932788255   2.0048133079536576
2.10879238116906   5.864181772386897   0.3166936553504652
9.064691102647961   0.015347424560639311   1.3024185814025264
8.726394509532781   8.796834227014072   0.15640747638744867
9.151536589899038   1.8802898437069455   5.450023655097948
4.021460193149963   0.23957163969482187   6.235600209126958
1.0626558742833767   2.1372284145696763   4.683716239854025
9.637294899920718   3.5823209353792977   1.5681288404699865
7.163743856729499   8.341185122106149   0.7217797616064152
5.333774803697166   0.8879974543860962   4.810004302797633
2.08080950787486   7.091175883380613   2.5158401074339185
4.8452801633402105   3.6906296117784967   3.6968630859057843
7.309888066064528   9.48913510909713   2.565110181924037
6.41796966147373   5.413664298112252   1.9712250620196157
3.9081994885878752   7.129257737272562   1.4010627474681934
3.9066698309275534   4.895600894327668   0.9930645452568595
4.693670353597723   6.935570557909454   4.872655525219444
7.995401742499358   0.6019237146015708   0.42870066132921203
8.970972672637819   0.883918969462537   0.8925554323345413
7.482277575511559   7.42751135963666   3.905576428519526
1.7579333763085097   4.644773489352558   0.2600771921693915
2.8250472134452007   7.656158414630734   4.2312255119716955
2.0911791066355585   9.125881179778943   1.5183581830774242
5.141265844006541   8.208000965608973   1.5822102491013388
8.416385942142275   4.497558626992205   0.679638598775857
1.105954379302855   1.0152248300920466   2.3192975023285065
2.4524916701389023   3.8553521910726953   0.7008391586184867
2.7467287118278274   2.0724456196187955   3.691649146483188
0.3700547781904243   8.388625366755164   5.918244132200633
4.5976861168274645   5.962147241582892   4.106307129466101
8.074358416591405   8.138309689232473   1.1832687626472278
0.16500657689678974   0.4123940247602887   4.864973379276074
5.082397010407405   2.3504144220235164   1.721743470563716
4.44160088639382   1.473518856291951   3.370516871913225
0.08459483666424816   4.397072454646223   1.0552462783207963
8.088924742295776   2.959871423413494   3.153909024334865
7.444320976438049   2.0745686192860773   4.049650522480505
2.847107063080199   6.777828428348264   3.929885314516433
