10.105572349078935   11.285394683489821   3.1059154476577415
6.7021737229589755   10.507940102827241   3.0839256211205632
6.119523917513186   14.179292242030563   4.507560460478414
3.4339524185378965   4.071181153368115   5.950509734943424
12.099187554647923   3.744188071571681   1.9772026609127638
11.296649882421578   0.2545042773301675   5.608539264193176
12.906291517025306   8.986258462258444   5.005606555393989
11.741922558688236   12.560303425117125   0.08238405075237942
2.0850322757288824   3.513795562828083   4.91579261503872
3.625195708377069   6.217615769216912   5.420287186522487
14.384581981687205   8.49868828049187   6.1238269131682
0.3900278761835837   11.901935979532686   1.6027343659232844
5.351419026210863   12.968192197177537   6.257362481375312
6.938411551385762   2.556989518404857   0.2374764181171108
8.96929721865574   8.537801742971991   0.251119553111414
5.626848853849465   3.587401805056198   4.722043224763645
1.1462472987173564   1.6528169837812505   3.19034257119234
5.630557603634355   7.601643788794498   5.505421245678609
13.263396659225313   6.063174454181796   4.32917865883001
4.441588563531735   3.1196353142159006   1.372963140506757
4.894079573790914   4.800615067848639   4.599746063584397
3.367688229260945   2.0477038319757583   0.3904328807275139
0.5460131874120624   0.37944000755341223   0.1332564193010224
5.457728592642218   10.947922482636036   0.7471372899261266
12.54108389926043   11.013758674773547   1.1546492070277365
8.017744427244368   2.926512241598036   3.596264635861633
1.1228441455321425   13.552099951922724   4.758781949439054
12.22352239476057   2.5245324719009368   1.7481913330248642
11.207131605508833   7.922229811523157   2.7214913054188763
11.461816198815345   5.177825086439673   2.4976153132877643
6.499081486051925   5.492319283292815   2.3068165176685755
2.419325656152252   9.197970115791277   2.286516934679198
13.423169916676544   4.183707673004875   2.3464513695813864
9.536693599058458   7.532403300892714   3.061005583224162
2.871399972526523   12.756889211539857   0.24265619158597557
7.401943595080404   13.873548768361749   1.5833433041150924
14.21272930058197   1.8046700012209305   1.5528118261003918
2.0522921505686798   6.284030882312599   5.866063046089301
1.0395293962501453   5.5043851387217035   1.6649422237142018
6.4583455934927905   6.932185984752839   5.810010122528302
8.649865784835779   1.3545137152856543   0.39894016322713016
10.205164423526094   4.972286754852394   5.991981429993646
2.1446675912995743   1.2194194902819135   4.659670895804202
6.568158950055543   4.207333147048331   1.4508900755009702
0.7556895063385981   3.5851833286588235   0.7363993042541344
10.26198360467178   6.187031285986848   1.9242619009113524
4.60665387407655   0.5509463055106149   3.5590479668182375
12.199001902697832   0.893313915825928   2.4319253730512562
9.359146513996711   14.269380485108252   4.512159102571865
8.670466979502487   12.347050349599012   4.042171134601953
2.0720067967482287   11.01744874957363   4.882129872602466
7.90237049926476   5.624279324900646   1.2082412327991339
1.0303929155058889   9.065219955488274   5.451911705977659
11.165650055537585   3.0600787999345114   4.782224020225688
10.047809787546145   0.765066718275593   5.158833250324037
1.725067886263353   8.254057654372627   5.249064466096185
7.605149552444819   8.572346375939297   5.548967659863184
14.404023785042831   7.357135288795437   4.614166205545993
1.9057269622401065   0.16239234839705727   1.7305043077737954
13.72529000005098   14.164240043226576   2.6989058464030737
3.6439608572951423   9.632460344654792   5.959941293118087
6.107430389056995   9.158735278046343   5.572078936901132
3.70304243449717   11.699338605452825   2.3976734932084183
7.9218912486623125   10.024142909593813   1.826967925947386
