9.375365980302773   11.894505666550305   3.873723196484049
6.412298303007248   9.455273290426145   3.455698527270351
5.909774042032546   13.191473709135737   4.493406509995187
2.971880222751554   3.428498616942948   0.33871799617267084
11.797731414796575   6.800085394386718   2.479990696225046
13.40710959867201   13.511659355172474   4.892923277512076
10.288626057602002   8.841377101221008   4.240153452142605
11.275986954923841   10.956694110864824   4.157723740263511
2.029564921971141   5.445369019123506   5.6355382448397755
3.32382365237597   7.124667475048731   5.13037688456014
12.364664080425147   11.174654647789707   0.7835712854794756
0.41935743292573874   12.168074718778398   1.5281344086305486
4.892387410797499   14.354994968074692   1.5347532133018285
7.755099631695719   3.816422531733495   5.558809959653442
8.85836572002467   7.745774844507811   1.1323678949387268
4.132614232350946   3.5425252554788202   4.824773347706352
0.4612749807719873   1.4070599809100401   4.311928603740004
4.296930460052614   6.536985265731654   4.825124390110861
13.123943833678721   5.4588479029073405   5.054280775327103
3.2594921298545207   2.4304030211456693   1.937913496252349
4.456075683492633   5.243237556768955   4.615362590183443
1.493492058365935   2.3251556106704268   0.24400284114833076
14.307560440279245   14.32539594456211   6.163611288588554
3.5305558206313585   9.830874251836303   0.5936933487432347
12.796906120325449   9.010187535896463   1.4852971693929904
8.80694347150123   3.262743582740359   4.492207779925244
14.378749441216183   10.736664486752483   5.078515467845514
12.23100369973966   2.708695562323352   2.123044486961539
10.011126284612878   7.639725045801321   1.6912519940806774
12.257286498978127   7.747700707538463   3.0076865517880282
8.872832677892996   6.5095849458144475   3.2107081282699044
2.0500112772751375   7.580754231355757   1.2726910891081995
0.5839795625771298   5.1658755396765645   2.0781455657004306
11.802934460184694   9.175073043741737   3.058023189754615
1.5826925332180524   11.323340668283917   0.26672892621697797
7.588195954067642   12.998953455799127   1.4820173628090443
14.165262391308032   2.451386593115728   2.2066699680600785
13.54598344106142   9.76079565532764   5.206388910900313
14.225955392656424   6.212933839180452   1.4992373944041297
7.645781212016274   7.448791124852262   5.545673497520321
7.605213349469912   1.9386175954935678   1.390798717595454
10.748062092036992   4.919320370709826   0.6315238882435389
3.967331505035695   0.5194791232139995   3.410946868146144
5.45363544873199   6.118790056433002   0.9207497284220617
0.7615046046342223   3.6302052053119422   1.4611851533319147
10.659649255293022   6.104702424413142   2.4408224459938324
5.492028587252726   1.8753828290062633   3.7715528422096014
11.293954847670346   0.7115849984916534   2.946142589374443
10.59499792592773   13.746356712641747   3.74785169288478
6.31333807570619   11.721656075653335   4.016486156015707
0.9383922401913497   13.32018803977851   5.135691951314305
8.55530890412665   4.609060803540572   1.8469936710576074
2.175095244039785   9.183919674258856   5.349873237080978
10.369534977258485   1.4612661710174073   4.6551975493737645
9.376854768200344   13.39595143866139   4.933598380419318
0.9546117239726235   7.039944917614456   5.075272999732224
6.72381029377511   8.250338319428037   0.4497163769175353
13.823953741416933   7.824960842420824   4.444641138464947
2.294109946121555   1.51408646939044   1.7410142844427936
13.95129392845373   1.0055390826185775   2.6598015724498603
3.181005584090669   8.355099718612168   5.366289629159493
4.326923689890375   8.165354740520074   5.758809194170241
4.687901938557033   12.499068377831959   3.1387554850397343
8.595415013696226   9.361535656025714   2.005888070526959
