12.752605309695094   8.554566609516549   3.4690429509589706
4.06144139154851   9.833587598260303   4.605350247595796
5.455522273105439   14.183608644206574   4.429673213131176
1.8671426790849772   6.530626909785514   1.5130064280303102
0.3040123718508294   4.724170688903169   3.3513624278171514
12.977828641130042   13.254869138281842   4.168268488252979
10.759879932242724   9.023601472622508   3.0186189879643894
9.616776674829579   8.077000806456564   2.074850959352237
2.998424461290682   4.854212625808427   5.443488224187738
2.4931710112966625   7.9390632758153075   5.713168107148577
12.285120141118224   10.033038341704135   1.8719105574930754
0.15015336825931924   1.6295414320860455   1.9237671720121616
2.0726446480994425   4.124674479448321   1.658291811536495
9.824416433338921   4.892847884997885   4.874719067825484
10.184775174902011   6.349298617482531   2.2473253376469042
5.065979725431843   2.225097294342698   0.5043405736122136
1.4115041204686034   1.8962168747022208   4.287862921815713
4.6413630337153196   7.48231737791423   0.29359352249392173
12.6562417246199   3.0614541846927676   3.5120468157853972
4.044096719996112   4.665065685192649   1.5290699983495535
4.9567196933180115   6.023073980736956   3.412468843840661
12.913484162582265   1.006468160802311   0.6859186290515966
12.795727821252955   14.335001291411906   3.371279915004134
2.1594318263879355   11.507517699357697   0.7641141785202503
0.7924986977399466   9.775613880978996   0.4664211494335011
9.014740902906803   1.6785079356783212   4.556110897437168
1.8261555838650336   8.989691113006996   5.629263223997077
14.403425218907502   3.0964608026554052   2.2238021174808322
13.777238830155646   7.2388974841178975   2.6738890964910516
11.803750284090757   6.98608591511763   1.8722259284540246
7.010309570892364   7.302468471231077   5.215928500512712
0.804080096911347   6.139630871719674   1.3933702065880325
10.756718992419739   2.3962372493794546   1.3309810329010425
7.829200900453078   13.425136812140828   2.486353256044142
3.27107765727241   12.02274459350063   0.5095309602504702
10.072285191869728   0.3371990764066973   1.6663921099467234
1.916861237897787   5.281790892130453   2.1424947293077414
10.112492730849791   11.132886673006801   5.023384166428369
12.213463103247447   4.222561373197805   2.8020188225682623
3.5486426815076415   6.514482947969884   0.2297508391957054
6.3972372011808805   2.5688936902374735   1.601802016093226
11.431930636694345   1.3244097867169788   0.7776122108246084
3.3108425998079385   10.68788757702954   3.3221412266875743
4.999407127304288   3.725994832832963   1.8217361975994604
3.8359761832278436   1.8790450415113595   1.2942405282538645
11.505598803041325   5.191087894385847   1.5165460214091535
5.312746164033163   1.1036383089680541   3.8232684312098915
10.289829969360005   12.815831716583322   2.6156384621829236
11.314657248800149   11.380804103618939   4.042658694650112
7.797778659563965   11.080181490883188   2.6821858675144368
0.9662124276363765   12.69331340436696   5.128729787752654
8.001119548892142   4.428349698112941   1.3578452961652427
3.306231384481908   8.983548982500668   5.638508375213246
7.7221276733056055   2.590007446167075   5.192256984568214
8.665441809507387   10.13506216447884   4.020960414770945
1.0972640078512543   7.267284893996531   4.405290891827805
6.751630284033108   10.038415106044726   0.3988600827613792
13.906648518593382   10.046342175040607   6.206539551848731
3.9367154214237843   0.6346377969476797   1.982757602184508
2.6822676641986662   1.440705829989219   3.5135259391877995
1.9498174476038204   10.444349709882234   5.551476619783155
5.172829986809807   9.823802542257093   3.922946475619888
5.27205992719034   11.722330466056134   2.492939163115178
8.357662738513548   7.918556292040295   1.8158469815627971
