12.2161691695378   0.7013361582856419   4.5570760711672955
5.493835495511187   8.991311812465657   5.555300646311189
7.412620621955222   2.297111851213193   4.73759122974308
4.882271850693426   7.618470486522354   1.588408482868713
1.8629294992356025   1.2379052265617008   1.9007717321379936
12.963475732757912   1.889663361911086   3.910879368973469
13.133089487748986   8.331303399095166   1.762512541188947
9.143818350675208   10.939192283938613   4.631819527658228
2.5427233782360767   4.33548609587002   0.9015878445145367
1.7110470353213945   8.642169968279196   3.130226450126128
10.547922818917487   10.684598466054702   1.2265902865834772
0.6835036453784233   1.4159506677777864   2.9116649779816632
2.2443354665292348   2.775557185346442   1.0849572329671762
10.383566138523872   9.547131136303934   2.234975890545249
5.420752793197435   2.8517240392760814   2.755088730570281
3.865435152750983   0.5029750238559181   6.050793620631971
0.5086117629065077   12.927682004968863   4.034060958162502
6.534217574696587   4.786014175941754   4.123897847217751
13.582158115859281   1.0033668102925675   5.04537698788179
4.111076364730739   5.259880514681035   6.183915281733283
0.5144611203162172   5.59183808939285   3.903208142399197
11.720005133265703   3.6036428621362884   0.36117544490607145
11.726744054990489   2.0983003403470364   2.1210335507402998
14.268966483711733   10.671735001629674   5.048075535531053
13.754788504077416   9.406994054420483   6.119233921297064
9.806350210086448   3.57269722084975   3.7502962455659525
3.399609966538886   10.974924514910889   5.570109499876232
1.0558859198435635   2.5843514463563353   2.520560337773493
2.200721355475438   7.200641253431147   4.983763236134445
0.4257702447665018   6.7325895321798885   0.2511977449240812
9.745025638286778   8.663611523621393   5.109289429276356
12.080642609924112   5.565794574055869   2.1198993933672132
10.101524942406947   1.5572715687173797   0.30952502849573393
8.518348796577465   0.6853119755608517   1.7811457215599222
3.594089566170074   13.647120608500003   1.8443415124260314
11.461804555939505   12.941588132374566   1.4454309037897017
14.138137689719064   3.869451274174246   2.3650457432367284
12.190301624209557   11.307567747442606   4.803817731412304
11.74401250761962   7.44447983560183   1.7361882696921225
8.657030239010021   7.39634365255015   1.506475871927787
4.207218334681255   2.899198115128092   1.926089794348103
13.893073459551   2.735657662166091   5.293264655907498
2.4274855319510973   11.609251930847856   2.3705327374030225
6.425198386649395   0.06738525582478694   1.3245003948714351
1.0314339154313041   0.025322569591910815   2.676009939443348
10.576891644211715   6.963220553343509   0.22753069361072137
3.2548523494365282   1.9147236828385015   3.2899162265210475
12.461010883842686   13.343983297068911   2.5273468316964967
10.386775376796193   11.81193652067014   3.5608741953445366
4.5543114305357255   11.558485356808585   3.072336395742659
13.918419484266858   13.84011353886704   5.302682056407501
7.979329252644768   4.438233951817072   2.517023345745231
8.984051700387687   5.109069306483073   4.187696823669984
10.198979012751614   5.147405370607778   4.931460734018348
7.544902433035243   11.06092923408292   4.706259517936972
13.519892548421545   5.034233498073984   4.535863402239638
7.4378957280277   14.043400931752652   0.1440837575150692
0.8863163624862265   9.620488254050649   1.0211519700426657
4.343480496189379   1.5859686287802899   2.1728195601874787
13.50980827932082   11.933876858781714   2.606643666816898
1.5710768066237562   13.128405706931444   5.950346037492345
7.153486160551915   8.202626606916098   5.140700961150086
8.942519561404547   12.06570915299571   2.032122266772638
8.776909666695216   6.17242310036304   1.916425577973902
