0.018598555227265834   7.0818405769983155   4.591577234112662
5.738230438933973   4.055096575072395   4.581180735743044
10.310680087799954   10.071930770676273   0.12790478944759137
9.27297111180083   4.193573346998447   3.326382224037164
1.0889453593648235   8.353770602060846   0.592184017062319
3.1644741163813213   2.74996556109979   0.8893649308481866
14.282309866723352   8.65720580312211   6.007542554529723
1.0334712843661529   10.494107863617327   4.249253015070169
7.859261055780792   4.769734268580726   5.55686970989542
7.278156353234957   2.7491041633891276   1.8034905433213475
5.726368582938793   11.584376738417609   6.016928589430465
0.3789294865726047   0.15417704631984996   2.363793789465104
0.8526559452672149   2.6398939913049135   1.2936057642297698
2.405853779005345   3.4712651342556207   2.476611166187149
11.512463120172189   2.0204947926083916   2.571852815740769
1.2163884085945171   6.531314866564058   1.4149963067994313
3.3975674982483173   0.7729479036768669   0.9762455677884468
2.7058381360946417   13.106117242258815   1.5821755894325367
4.333894409516978   8.036177636937905   4.964345319785499
2.485611164360267   5.096287421975437   4.4922996682173455
11.54878118182889   8.901433123182542   4.535221908221683
5.342612796132673   9.22354827733227   1.8617596273549266
10.595692946263485   1.0866578577107966   5.687843853109693
2.004011430242797   9.888263365479663   5.979978649704697
3.9646190905660834   13.817258765364677   0.40747054744488387
7.889757318786976   12.861382407335883   4.883768432355648
4.756092802918722   10.584559068990743   0.6765599082491136
12.113554340531966   0.7354399860703821   1.5891710509256278
3.876540485346008   5.486865023981208   3.8759617558695565
8.579541206014444   5.781546661793925   0.3901162117251893
11.924156702903751   12.062864010451852   0.1987693240788085
7.244123882233281   1.5167408334671575   0.3176747910894909
7.458993037375408   5.794722567668954   0.537203320143493
14.209144133706763   3.890887668909714   5.164339918889855
4.950766397023644   2.8408713167107984   2.9182886444873843
14.109988695417085   2.293544086409838   2.8675505629891687
6.7541319116467715   11.28832410083633   0.6536731648861446
2.1239846562178055   12.166977352465375   1.404228263310777
9.265694026435282   10.52705951981418   1.2597203228525466
9.95379104373815   7.54877097230733   4.648654408103633
8.927676343568185   1.8655671017152808   3.6641205780599875
0.29153904881597204   5.922197628136587   4.281479220334165
6.1201216143828265   0.8369800125420606   3.2764531933739427
4.3637009652403655   6.99542243296314   0.39955783325167615
5.7088240586476084   6.132220025266318   3.349781484859302
6.917503346608484   8.161850150339196   3.9143875671265955
9.55382721537592   9.067795123890827   0.02762481627772395
14.180822950740229   9.91649689905184   0.45346680624886637
1.8707392890969528   7.355069746612322   0.27145372161288533
2.6013523203262063   11.159507474167722   3.6931891620541326
8.987951744720863   8.14249924538162   1.14131700934086
5.451990370017006   13.46001263695875   1.9133663731356367
6.707233037094997   9.333523872540942   0.7442767908264687
0.9857547269122804   4.557734726531407   6.060819863532931
1.9584515508877005   14.146865344935645   0.5297778270696268
12.66502749204799   8.70913128050061   2.927174701494886
4.398802358578279   3.8041620521330364   1.9557802948296246
14.337647175336913   11.915746313206688   6.253385349074869
1.5070578673616342   1.5701459137336093   2.6239762605001204
12.365510135684822   9.807344698395775   4.9435616015130766
10.930362163496206   11.118770364354043   4.314818805523186
9.047399011253102   12.943017806440793   2.3042851376822413
10.653904589364622   13.016268342969203   0.2070194109610062
12.3939398292928   4.9383835008811845   4.247865071739255
