13.629645384886603   13.970636572648843   4.60405902467431
5.38731105471151   9.392304535402605   4.580272106896523
6.640640505916068   0.3610142757041489   5.226904290877981
3.4201879126995354   7.477356788752107   2.200859455952553
0.4750586633973908   3.5895381877224355   2.7770062504037503
12.964487940035267   2.0475459309377966   3.6372984357976255
12.105248573194203   8.983167952433405   2.2615481494054226
10.925225567157177   8.175199687492649   2.4910123735380063
2.213436752262502   5.065849883430115   0.33202460552246993
4.340491269598645   8.356908476353125   4.317616800168552
10.520322982839449   10.699343325380962   0.7063277965489964
0.8504169398973876   1.3448439068309135   1.6780050542652698
2.203971008818823   1.7899759442617595   2.3078541139049085
9.15084608936893   10.072704037374567   2.9042946346648293
8.38896467171884   6.14957498767917   3.019096537197317
2.446434951832529   0.17070656480574312   0.20385593565787746
1.2348546065360515   14.40593823038547   4.342884786796431
6.473791705422584   5.456980418233504   4.661356276225556
13.379248088416041   1.1134441947983438   3.077749022246357
3.205059355811775   3.95701212251915   0.7977137810108321
4.060070489848352   4.600208608550909   4.011597512561064
10.837440595458945   2.6689600096832846   0.6128242032036075
12.014807091227894   0.8794574574796445   2.3845401911404376
0.392040768181463   11.352522649270606   0.0292436426952723
13.327292386918902   9.964664138483537   0.2424205965053235
9.986963331486326   3.524584820893178   4.159664374338639
2.8128641173000988   9.427851438296738   5.094917623473638
1.0843721708417149   2.7517623795879778   2.6580475967398245
0.7941154906045031   7.36573758217644   3.883678668969851
14.10798537035689   7.081663040527677   0.6583340484430199
7.654278883512413   8.953937759508074   5.6877534747188205
13.392196186522899   6.199312841885062   2.19770277958655
9.16050421368437   0.628653714838178   0.9296698740463316
9.008652100772883   13.886538507224154   1.925216314029268
3.669739440709775   13.258887891694942   1.5943627706833097
12.285501069849927   14.014760183627114   1.8017699812002514
1.1423518499253122   4.565987952781008   2.8083682581731777
10.079816091189263   13.55766089968451   5.133822432500535
12.427280463549836   5.723100338167692   2.632989396342999
4.762509905571378   5.826718478863461   0.9534127279803393
5.036534283275197   3.6481564208374495   2.3970517406711145
13.818362515718016   3.129222762724318   6.123934401816439
3.1976487193090026   11.914666089007552   3.1858193024545267
4.972364249459411   2.20728992467257   1.6120201906605425
3.2533362819853258   0.9856138176016116   1.550842084101485
10.98655682521685   4.925327763803569   2.0622705331595923
4.2602199837367145   1.4206127521913081   3.491004535607658
10.289720660603656   12.085376684644576   2.4575894400403415
12.158755703493517   12.691232841794978   2.9323282697372823
6.167646249937007   10.367104428765803   2.04905573469027
13.70267919489838   12.40518149389227   5.387039496338714
7.550869304774641   4.67083155885392   1.7981252492336597
6.199331420601809   7.636670285640206   5.902281406046421
9.37471539070541   4.95679163154679   5.583160616289413
9.488897439090227   7.413186591464705   4.151895294277654
1.0378826079573784   5.752713988856974   4.8322325128633725
8.82316592603392   11.46787182379292   0.017565180123867014
1.3771745035614589   8.726585341428114   0.9144875726608194
4.815022682548959   0.3615953110453059   2.4871258291699894
1.8869799991126994   11.050476789222534   2.5514543572170374
1.45129890477673   12.721481619151996   6.068032371453318
4.396621620999987   10.133870055137455   4.1272056772845795
6.8194204633466695   12.235162363139189   2.0463035797939333
9.690941953346545   6.315246702789698   1.6688134827987213
