11.921434898119315   14.375814250049242   4.86230575337096
4.285615279533698   11.021370359422463   4.880015080870838
7.268850206161611   2.515420315879618   4.2526885095974025
4.201583637511738   9.296999821216263   1.5801539170036052
3.403853187521803   2.3141814443533177   2.0149950199721958
13.582868471746716   1.4819361806745786   4.777070748155541
0.4615595914980295   8.3691863433024   2.554105976593626
8.61159867919142   6.76605273230025   4.292984700596617
5.530814769555596   3.9210800126342087   6.2630308428312285
2.5013550441781724   8.601967709313657   3.1451508560689265
8.863213098446627   10.005694833750795   0.8136994734687275
12.217737072247692   3.5544184359388185   3.667096963731866
2.1564011577224487   3.3382013459935767   6.196531569613052
11.843078878193753   7.686019780758525   1.7310328098055852
7.180681834209221   4.906166901584121   3.944017440145174
4.368386274579361   13.822980072968601   0.14881406275249193
2.3963129404244   12.317980782859886   4.080377087309887
4.967523548465291   7.330785156323786   3.312875308110172
13.80822282758005   13.45959887765708   4.715543916228091
3.702128581520774   4.860226901071598   1.5168377310327354
0.7970086174334662   4.580901244441966   3.337714737701216
10.400639436279443   2.7548624509687176   1.4961831874882796
11.867606600214101   1.7484599280440731   1.9896692674805763
14.314440648784963   10.83666703922821   4.545994864671269
12.996854645418686   10.322052663735455   5.987663222010353
8.559601689103134   0.28915748193028956   3.821690572056141
4.032680053301786   12.790048086220395   5.75800418489506
0.6619962191488427   2.286338302410767   1.844702347152891
1.2517488950206244   7.565543273609127   5.704815596801915
1.0185060793637972   5.702436799900054   4.901002808115949
10.29339376203406   7.976525204847185   4.59525911150076
12.354983576023914   5.911571193703292   2.0653993592469235
9.811983472525595   0.5877375580137502   6.22922706283109
10.264491610396776   14.016847201108883   1.112081918439344
6.057646617995992   13.208431736547945   1.8355480652078424
9.770217569110244   11.101747931591305   2.203662939311721
13.277841582518747   5.246076664891405   2.6689137449926115
11.264569017279308   10.419262279056234   5.401147939319026
10.299862342898837   6.811210722038758   2.663430109733652
9.668559975529838   5.558673748767617   2.577000735474203
4.9193962889071505   5.302189098696814   0.8893218695132427
0.32170422379770847   3.30917144085891   5.206020809908222
2.881187586541843   10.176005823108097   3.7418848934896447
5.968164395946825   1.2737430979852284   1.9157207624441859
13.35152171850638   0.2040236103604407   1.3868646736138641
11.981246274023043   9.321163482545998   1.0983872645850024
4.444388680571005   3.657231477996577   3.5168795804807136
0.08652774462899371   12.484330033332618   2.765246374700258
10.140335531888029   12.925935238096793   3.232516064702797
5.358678463498771   11.984708007415685   2.510225323155021
1.6285221588631975   13.78360475223375   5.8600795176295595
8.658361633487823   2.5286826975067047   2.1531730651527754
8.591566357530281   4.978025741992333   3.2660751535330403
9.650333135188896   3.9257265042794334   5.687052692041551
7.005600080737386   9.562681691128638   5.454111308203626
0.3808275723533091   6.6313414908988975   5.441438411959221
7.133595790953965   0.7042877968728338   0.6823861627429184
1.3622569841417174   9.368150832895326   2.873494540745705
5.321307715789359   0.3338448270610926   0.7643425158392585
10.965647364882317   11.780363387307677   2.7476142669542596
0.7953438972891851   11.452969957860414   5.879765387289753
5.689152583155691   8.290999017008676   4.975769758668039
8.4010340170397   11.102916625159102   3.261756387823937
7.443576834421518   6.108613391884729   1.9516061741507207
