11.978043481257618   0.9852797700414211   4.466605772233744
2.957635774782152   9.02775347643733   4.385438645740898
7.856476839800356   3.0293685510413693   4.645057193792504
4.748071947489791   9.36472316311404   1.1254107559895858
4.388537545702413   1.8043336614166374   3.2831946175701714
12.040693203145207   2.5554603980473916   4.906767203661299
12.091440468009091   6.638876163953639   3.745551306508024
8.877073217352066   7.126485283727721   3.7559004299067302
5.922978280014084   1.7406683630578015   1.0498025098223644
3.3249764503435557   6.748155583861565   2.8318250778798153
10.405524918089741   8.63343990612367   0.8578937763041188
12.940449315277473   4.010347017429815   3.7893626280951365
2.5146717108780607   4.5161220911042985   0.5836288365497401
12.178138206398765   7.771914421877174   1.7865785948484534
6.0432924295148664   4.740202595185918   2.835894704472274
2.692543364134064   1.0535041254427218   6.257313189630724
2.1245076760001393   12.514340404381619   3.599676738180007
6.052700655420023   8.110268734522737   3.48649480342973
12.959931888155694   11.98439680869516   4.006660955441571
2.646357030756051   5.86247435870896   1.5754327777307786
13.964404745305545   4.354058684710875   3.2937589026604543
9.275368229331697   3.697884385150365   1.7824932864038416
10.79649707256484   1.949224806651919   2.1331969113477065
14.331756300562743   8.506748195891163   4.560579591434502
12.20627107121574   11.034530644729418   0.059039859752917145
7.386346679453226   13.775471859862591   4.223503782612383
5.289383346390766   11.27354580660054   5.666844325839473
1.8262101778348687   2.4520303135385686   1.9499937804162015
1.5672727734195682   8.598747655605065   0.947506609395754
0.471679419898574   7.560584405575881   4.684396376690039
9.996229695684132   7.648571526213993   4.836404803953227
13.414001289275168   6.277377562544148   1.7864511434937356
10.395408722154052   0.6559801437118556   6.00240989640683
13.046960078990898   13.637053706958369   1.3821194927738758
4.273490819060371   12.802819444615933   1.5875764319327526
10.680888455125173   11.251142665730866   1.1088116201626022
11.628488870515481   4.679686632511733   3.109440971418443
11.739424863932644   12.411756828585292   5.019242616596493
10.23416512607225   6.533258406436741   1.8365608282829544
9.220733020453574   5.308520670541003   2.212472409933236
6.142970688045751   3.5222953723850283   0.6539779321055992
13.980627189191145   0.8411397876051097   5.193031431545652
3.0241930580835117   11.220929693499134   3.8778689523044423
6.296673976238296   0.3536427242797363   1.6985711210143002
1.209805496112676   0.9741294559275777   1.888295838837771
10.319351133125663   9.899699088471799   1.277394400994175
4.358426913702956   3.395167453219315   4.22126574164384
0.16885733241236878   13.254625512678896   2.669235543212054
8.060862127268075   12.805526419911732   2.8461119574660145
5.813457945178114   9.368251578603488   1.9713542100960277
1.5230012868775886   13.988040846294929   5.073895746380135
9.01381695742372   1.2740668708269203   2.4609795559517345
7.139388239808739   6.009118184899283   3.324642470798374
10.601375587151477   3.420155960187723   0.41466093577084284
7.1344983585402435   8.664263649848793   0.6895042362761145
0.9260273984564826   5.989347402400291   5.302311663927398
8.134541465470697   1.948534762985839   1.5184838942041003
2.0744017456876933   9.688383018862016   3.5868898254633095
5.053544054428912   14.213683440996784   0.8399284766755571
9.004637519171755   12.283445061278137   3.2712987232266024
0.7808409156294771   9.87109112794414   5.671183914940036
8.95998096934247   10.316506875183043   4.65933683511457
8.002982997638853   11.445288133726246   2.741771722688979
5.341937132982885   6.548859327159925   0.8789284172914661
