13.853161689764054   7.4722608739418925   5.360206173307801
7.355965298537324   4.8426346349025815   5.214920555523438
9.246405627538993   10.0049645264033   6.197107968443338
9.932535912956324   4.2920882992345835   2.881516222822803
1.9264406220537273   8.101191142630395   0.5958098671815513
3.4531825215987304   1.114680345534423   1.0765076691513698
0.12908280550569673   8.93607881315983   6.010159166803713
0.6146860086953981   11.503222136076658   4.169669416425081
6.116506128135299   3.584586632204025   4.922227027646026
8.099857199047731   3.9499784647700844   0.9592447935181432
7.248303105320468   13.735980012184406   5.68499642466754
13.212783535341327   14.303663713408836   2.007006434752812
1.2151672566201945   1.529542330679515   2.4432449769375992
1.8508220321454225   3.8336450770131774   2.539903210860173
12.132936000710835   2.759065365865584   1.8298081627396863
1.9170081612180232   6.489103162712603   1.8414807053446511
2.1027502375737988   0.5868747743391725   1.1409966402046838
3.03698140621968   11.943246845759846   1.816952684724993
3.6816064670388906   9.09577290866972   5.613335920612608
0.4587410888816641   6.87901189413792   5.663959899272927
10.650604658383958   9.877185124718688   4.928277811182554
5.12771626051396   9.22977298738773   2.051436733417916
9.855046364204764   1.548624114974224   5.193596641105615
2.6973237351562838   10.074236374335596   5.680756042076238
4.7606032910786835   14.396379226007008   6.077806741931182
7.6875921992485825   11.842735992335005   5.502536075905699
5.135682128421352   12.089234846395918   0.0903686919640575
11.705415964430417   1.4509538060839267   1.5033446066445744
3.2478872658702818   4.912879823779896   4.058800837091402
8.50007844266487   6.122533673227647   0.2379529117705954
11.545660944709184   13.43358443231237   6.042734776908015
6.5335484082389295   2.3035287881340647   0.24632210805216764
6.6675280454061   6.877313882150351   0.3739765739039
13.822442239206623   2.628913729275773   4.603849909897439
4.714492234853671   1.1859057773391732   2.5749570814498917
13.80005822521506   0.780041742299689   2.597125861340625
7.289467416857642   9.802351626609877   1.063948811905484
1.4683227551900238   10.924135192962606   1.8245607255241842
9.225547125183788   11.977455410206433   1.0212594947269649
8.052075445871008   7.8588256812484865   4.716917519527934
8.7807575017086   3.0998901934823486   3.4557500112922663
13.243458400131656   5.312410648197822   4.261716685733496
5.885416453174993   0.045510988255825446   4.291809108711545
3.3329387652341773   6.154572117383392   0.023691519016259655
4.269374319084282   5.747091671926618   3.197201696946852
5.655290949512229   7.472905274790131   3.716267659962395
11.246780317253387   7.769445625883165   6.004282978315792
14.361339038185633   10.120178431164211   0.14903798181046754
2.6743128806445124   7.2275076553763045   5.795200552723
3.8427081412517765   10.54836363995324   3.9233044560800816
9.916193424441166   7.8411660653385145   1.7691080536240487
4.406346775656148   12.906980393609178   1.4553393711953628
6.970786117686619   7.927277432196677   0.2599500707859783
0.4500202973242154   4.9354159686349846   5.734540924632985
2.3286873361655993   13.890077381095058   0.9515910495828481
13.187990891749617   8.853537916525909   2.0927334493363148
4.299855658961192   2.3538830817503467   2.079864458480673
0.779370389892156   13.348809968425588   0.5969000756943142
1.1414655893135852   0.06719239686257045   2.5909496628153685
13.130653360042805   9.892661376834972   5.264183347358667
12.125301162149368   10.575366410915404   3.9397078269458343
10.409623195388127   13.243614345087822   2.4346337415367927
9.29308671591184   0.3284136426198192   6.124356586374857
12.02949227376705   5.108533545764723   5.075243025772005
