12.999218321742443   7.055033605798117   4.157554114729993
7.581686071356327   5.975122993253158   4.181805462605609
8.654288455165966   10.936077585919074   5.706598967754976
8.561196223894001   4.016160776089878   3.6819566194545876
2.2323037421557266   9.224500285879833   1.0160057820791746
5.157006423070347   3.4778260575681497   0.6889826648045243
0.09083813505370247   8.200744812407436   6.280081612748271
0.5160452326899686   9.593337659760106   5.320123253908752
7.685437031758624   4.683314023216573   0.34108646085853855
7.501206467790239   1.2983463456484907   0.8883809778312171
5.387591745647471   11.177396737310987   5.732843840612118
1.2729640657306174   14.27500680712907   2.7285492433498204
1.0663445061761119   3.012012338074019   1.3748116103577699
2.271848378642691   3.99641268929582   2.0665197684235093
11.793265860789496   4.140147469775915   2.313361808450073
1.3020304219744503   7.519932330027127   1.6526517698643433
3.7196853615635534   1.6105508218124276   0.7738860345323056
3.273493797710187   0.2006647622598582   2.237350347140771
5.3812713183898016   8.123841501653134   5.019176505304593
3.19210576914639   4.66105599416042   3.2977033543190974
11.791985177464891   9.28004424056295   3.903533049069018
4.617187837476504   9.578380243117513   1.398994773370132
10.754159947921027   1.5154421479539195   6.229223546236159
3.2357597305360533   10.385844350684993   0.6410300099555807
5.364272254351928   1.223303374066197   1.119974438437528
6.837319604596258   13.3533195814977   4.617386186556051
3.9523054681469905   8.753132177233052   0.8283175144200646
12.606848457379039   1.728240906393344   1.900274055027907
4.15995685796423   6.358633511842104   3.4815191773425473
8.97907208774741   5.927748257894885   5.905464138513949
11.621959762163216   13.002614696248799   6.2355011872094
6.66213055142084   1.9776114586141662   0.42355745025431984
7.951464174038969   3.04100417987928   0.3837411634590914
0.2830931357089499   7.155005528187403   5.737315340018762
5.206987929016099   6.021378536719286   3.5232045810141064
14.290676076372979   0.22384384256892306   3.257527734346602
6.975979697791789   12.230731211614613   0.8127334865659415
1.2389842243994753   12.378264211662879   0.8816042746534383
7.668920721893622   10.019770984722124   1.4611494272505878
10.93618998970255   7.6036003831021395   5.196939295511959
8.344599508329315   14.058463204534364   3.118804982219404
1.6923358026506652   5.26517735354425   4.5807214372870675
6.811452778835706   0.4305160462616325   3.8344914408104724
5.691097007391358   7.13951646595401   0.4418566688708224
7.47639392508798   7.20310117977053   3.431273618382773
6.299821243219028   8.73687856802617   4.326063988538488
10.191109237251034   9.152068896193764   5.960872127957978
12.940338126907466   9.65471913308099   6.276811966503197
2.4241846215206215   7.025807366968736   6.024283525680327
2.216299341104377   13.261091226239758   3.361316371548217
8.547681999408544   9.226669179857247   0.7125296397184441
5.743798210667465   12.247244097576202   1.6250884050765129
6.414561947200432   10.277306088133859   0.4988297137516948
0.5981317945347417   4.572325637556451   0.3165370472862925
0.6009281383601588   13.296947407304371   0.20578995935664934
12.312933911894424   8.047768446405335   3.743848377926315
4.132141922608326   3.426163098658812   2.965169060886451
0.7328320487724054   11.160847096157168   5.494935984945223
0.49915881192979095   1.9342359886710692   2.535029410537722
10.398483229841775   10.680084518764335   4.478189244994303
12.560226250293479   10.756885120189994   4.560561028160161
8.23527195389812   12.617514687711754   1.5792470961289058
9.918261917482425   12.551297181730087   0.08191560532877329
12.182686827920707   2.7990084670909354   5.058259466539942
