4.979305530464862   5.259828506591818   2.4972580143461
2.9365028203806007   4.7711771498385644   2.8879182175357268
2.428484597903199   3.8543644220971744   0.4169841318159537
5.229896208145379   3.4233041616904165   1.615044911203978
2.9698214447463194   1.7119379480172716   2.6378225506518587
0.8403333455432394   1.9637350835767493   5.206034485639006
3.7003192598017978   0.1417889180085632   3.8644943373046274
3.0290755796961455   3.367376679105597   1.7958899988799448
3.9567844452835383   1.8057354414432414   2.309061577331233
4.291033740048111   4.829836658925869   4.069211164655012
1.0773032295803846   4.499809598848965   4.499619374455751
0.5885975555422518   0.8613210957653541   4.949256621999532
3.2881038208533733   0.597596520935091   5.539825241495571
1.606187770558151   3.6853862909560227   5.37369951123686
2.221116343066866   4.691562410530648   3.486785696500389
4.750396609128758   1.6038666138806286   3.060660729259941
2.9445911936502953   3.923981347669276   3.684905486997153
4.688403635093024   3.897219541162631   1.2966975042103681
1.5660098231998005   3.9414498000962004   5.151425811618699
4.625015576703232   0.6299018227493952   3.3752773752309118
0.8143851475689563   3.430499214541269   4.013205026893255
3.7873077750522457   2.7576585902641932   1.683489929321347
2.198431250704679   1.822369764680368   3.4605572737082477
4.822702882019135   4.43434958408373   2.4478373443387054
3.9776406329270615   0.7948454932150025   6.105782140835463
3.4225238650495857   2.495868452287461   1.6261891162910638
3.653369100224299   4.074726015586404   0.6467282307850463
4.535435669297026   3.218648422060757   1.3117662310273437
2.49552407331174   5.2088340397942074   3.788068076158188
3.746319947281167   4.910385958873454   0.9049871550731137
2.5487734796039443   0.5381387116320331   0.6913304547552468
2.0250325576646944   1.4603454140778307   0.09767474958557198
3.263847680835152   2.789320685199884   2.051817685132932
0.1678433458565768   4.261295641735164   0.18339777052837172
2.743400859058548   3.1667876269647692   1.735815157571049
1.661361161849289   1.2208141246517148   2.718497233624188
3.506517355954515   4.6237419633190875   4.664322561305436
1.2682563877291215   1.6766491615063912   2.4086598391186795
0.8590541670484433   2.5162753260104873   1.4743170531089544
1.6809380258237523   1.8446586771909734   5.743424166234218
4.874999693900346   2.9471728852872565   1.1958531177612937
0.13551765900227314   0.40515421291773457   1.3088055809186694
4.902150335489429   1.6211190443945558   3.114749882862762
0.960869423099872   5.093653416742334   1.2149279562061022
1.9675802652871002   3.6660161086658825   5.681907918008477
4.413482641049783   0.3279209370824729   3.3229062758059276
0.36152656710196013   2.948514036724095   1.1013050051715079
2.4619277159892867   4.516164766613409   3.5813291708395263
5.141738396462098   2.33646996255928   4.8352707563074535
3.8022114410698107   1.4118751152751863   2.3762274419510954
1.81203416516305   0.04793099682572688   5.481019448773565
0.03367890200647977   1.0151092790263976   4.674672194596326
0.027918632098268337   3.9505226473654944   3.6600683168746073
1.1129714127216128   1.196577359038605   1.8802637989704432
1.9975518929130702   0.6407654302455201   0.8173060243999195
4.154044163542316   2.4872203627788547   2.2738166914531868
2.550558700296829   2.2114303815556267   6.254918934351246
1.6707841952505513   2.854184087868707   4.841867035560487
1.211668400374427   0.4857985483753407   4.632352172106445
2.628225336421481   1.1001879591934112   3.337950648236237
4.081736312282322   3.942102459145254   0.6845760263103057
0.27822940222948556   1.7723250377490736   2.4514606060833732
0.3201745878702087   4.650144309045067   3.771807938781028
3.6507939429174687   3.657103028721141   0.6065860636243259
