4.72107350481625   5.109871735452787   3.358413779250888
2.3628097153935097   0.9060062580592204   3.1375114949344898
0.8384384009848493   4.740666347726491   0.4331736944023935
0.15733037241835923   3.305044900053544   1.1768739371556567
4.083492932898286   1.344481502987573   2.18245837115423
1.1084438378963597   2.359915452695521   4.5558830314149485
4.112266928062563   4.930740870485228   3.606494075314874
3.5206588893217603   3.6003258737264283   1.6807115474252516
3.0376520971771686   2.4039699603448805   2.186748791384236
2.2749789641673392   0.015107534932984668   3.8627934841209783
1.2554660043871528   0.34577317570452726   4.565613443024579
0.7330350726576244   1.1311561582568932   4.749701990826427
3.1956095813019756   0.7164256945133336   5.414109312005824
2.1838349096061527   3.2689747125198987   0.12873091990353938
3.1596393230585536   4.987053020392874   3.735824120779264
4.470539532669439   1.813807530813687   3.5718239092795487
2.709623025553933   3.6200137656157905   3.21695600798161
4.892385384199147   3.9972265875805815   1.08866221151022
0.5477409625036331   4.377608093202813   4.32632628647495
4.227363711184847   4.42812066763069   3.680759832883321
2.4730287070894272   4.700047950135208   3.5042000673242377
3.321978718167523   3.058587290992503   1.5772518403896931
1.689930648760647   0.995678842438803   3.623932930844721
5.23520926503408   4.5338855412694095   3.252103768062652
4.512900704819735   0.7754001291397853   0.08103348957960876
2.301545114272165   2.687355015273255   2.0906921928895743
4.3640447593804605   3.523807811679737   0.6215645470422059
0.3330531614011649   2.9121133358047913   1.812872027746785
1.458602540364943   0.11624848076445726   4.397314515486071
3.9579842398131975   0.03951371091071787   0.8412719882873332
2.080685009582192   4.628414188578693   0.7959748106787242
2.4322798654168802   1.6855136787606422   0.3289336032677952
2.8485979124258276   0.8710432584974662   2.6544809428817837
0.990507796146122   2.74816582678096   1.496196773309653
3.0805824537451305   2.6050073233618916   2.0909822962444125
1.5202762799526262   0.8251629029995355   3.6317675962151035
3.4273953152542225   4.2616972459728455   4.781317150528912
5.1741662606299546   1.4853650949746378   2.594192316102981
0.7237531635410297   1.9854585386104144   2.012621342108476
1.8253548529308983   2.088565198963749   0.03510634508630517
3.86223765558009   2.287867548948535   0.8743617328817657
0.060608672729785595   5.21068564024615   2.0963987244102826
5.281901174414669   1.0383531300476212   2.8423423175719704
1.8982859735718254   4.050022125220407   0.96060472495758
2.4702776779587636   3.3954341811902466   0.03449678253869504
4.451069094863386   0.07002281585445647   3.612269718155317
4.9956748948530985   3.3852019597613894   1.0846215546690332
1.5565962546154228   4.5140574978701995   4.239156594072185
4.576803693454548   2.9383580037707073   4.802035571688967
3.8966464033777806   0.678739962701032   1.8610703109407705
0.8358836164506411   0.06509734126715985   4.523236749336981
5.249974655052067   2.222220087292488   5.213926462118821
4.628163312308078   4.731461912544791   3.54607041815307
4.909980502952151   0.45394763987005515   2.732808298584695
2.099124941427034   1.1924276660597908   0.14070273551937262
3.7036987607280185   1.5814389582023785   2.845394902961225
3.0461302857693107   1.569895871606327   5.854358072210584
1.683469023422556   3.1566870065512593   5.413037275369752
0.792046388166999   0.6976332842350661   5.063224484391808
2.8601147065685133   1.6858880394742006   2.836680090198971
3.2596499121654925   4.497113268813605   1.4047374846059615
1.1278346693172239   1.6868348341440267   2.4229143781084184
1.292019701267026   3.489270568252644   4.6828250599549985
4.436191497929477   2.343196381757358   1.5341060145796654
