1.8689359492583995   0.05311977185486805   3.0973599277725414
0.4544795426658548   4.872223914687379   2.8802442878775296
0.11986291050889175   3.003976550455846   0.5966486829483848
0.6969900550336132   3.506422670328091   0.9493024008017842
4.2830547215003465   5.09900565443988   2.2470304320070134
5.225029152640382   2.1695470480628263   4.47569661587989
1.7407906353985894   0.6589941893661426   4.7285047081819265
0.3597469148775706   3.2938680856008875   0.3067662677474736
1.7322477918563495   2.3858110727769697   1.2624942577485774
3.775239957520551   0.5779432953636603   2.239015258679016
0.6828055997238274   0.35804154763305407   2.941751194314314
2.293037254676255   1.167070873269549   4.222638436382786
2.082256442827932   2.8141445161637035   5.1947917654259195
3.3970081933637104   2.2020847758789066   5.588693751027856
4.429440410633945   0.9066334253180355   3.96155620116158
2.387906714633791   1.3794650570679654   4.470561586312841
3.6392515356382473   5.048754286854381   2.0015335034214856
4.066921372706187   4.135699686496773   1.062164590458576
2.329082298271235   4.43747889105435   3.0413819541170386
1.731928378513551   4.6774061543642125   2.4116679662291816
3.9303522599160696   2.9997109345123554   2.093075505539165
4.82612494306157   4.83717123682641   1.6061427019356844
1.3693685346651496   3.6062216828576066   3.4123112306284598
0.6128931975386258   4.386752657274771   2.1133897917771596
2.9604753015228784   4.249136878405929   6.07433999909241
3.2971381002373845   3.2330902268157926   2.1082345920710406
3.6977846663593406   3.74856789408279   0.650655494733294
3.4166843003149023   1.029453783233329   0.36767575799900426
5.200774865048408   0.07011833098073694   2.5307920297378903
4.672988177123596   1.241354607652569   0.06208979947012597
2.831752162519297   2.663898566616569   1.9594786185147417
0.8587544658539769   2.185164831535046   6.0632644838152645
2.41675482580594   1.867047483106327   4.63459126216148
3.5277342238593783   1.5300021951615679   3.688876238094132
2.440595744311538   0.013765527933936816   4.299258033915061
4.7999702672803055   3.277348894788176   4.30044675801639
3.1337484982802746   0.27454741896814583   5.268969396445531
0.251242551924317   1.1855164182897662   6.053538511780941
2.038192972264577   1.003840682617539   1.1801467277852136
2.8967818436617807   0.8358183064417887   6.148646344631897
0.5814972862473314   2.155206992840549   5.772857244886955
1.2989485097811113   5.239873295610961   2.63819399344889
5.100226775606699   0.6963156586629189   3.05408468070429
1.6499400399113031   3.568907002404507   0.337933136238321
1.012466768446004   1.7809984503774223   5.702513392036458
4.8583147249112   1.1549339048187912   3.3172019935654533
2.3871371996570736   0.5535213504700177   5.269732088293899
1.762865617788192   3.8754343985161848   3.3320305640417973
4.0139802826212785   1.8522752290736606   4.589681453332822
4.172811326108382   2.6163638398631868   1.2816772337477402
2.439069751509165   1.6435730757114753   4.629190653510943
2.583155011261571   2.1693557862373942   4.895748242307368
4.770105499337836   1.8250141154208455   4.423163391412673
1.3345391371838362   4.620611670986647   2.9523152239295287
0.9389658107538947   0.15924513905242943   6.067044689218454
4.204126916767376   2.3640244821039795   4.30340919077085
4.407406993361967   2.879686939128024   1.550420642617426
2.6556690683039323   3.582776895362712   1.0761172971263837
0.3097084880506335   0.8900406912517375   5.9761167016840915
1.0863026694814018   3.0042909185222872   1.518725684467352
4.519263205024908   5.110103372389814   2.262228438647899
1.4488072982062812   1.9490848703351862   2.2774576023091377
4.6297002274087555   4.10470826940608   3.64979454772003
4.044025201664973   4.644777934010502   1.6449347117197157
