5.1466543114613845   4.507745792609832   2.488165151509501
2.3714166597785398   4.312271909006203   3.9340865062997845
0.061304355481922035   4.904045319914229   5.427996352820835
1.1634725904457273   2.742812572992243   1.2692106587525867
0.4629384693289163   0.0015885724103821275   2.3515716303991563
4.586586662904392   3.346327655027274   5.26000526626103
1.1593212634061292   0.9937744754235666   5.439819178155402
4.397210039295713   1.1306046678270638   0.3384237308119189
0.6616435644247276   3.7559398678892344   0.46844070774027136
2.914475982622782   5.072597710906166   2.018976015055223
0.3717291940972134   1.3043218668609013   1.8924723716032714
3.3917210911336158   2.537139005116534   4.828313747777793
1.9509915838532321   2.940358863786587   5.020837489265846
2.2541999045935706   5.279383171886027   6.013131174412824
3.1657989090885943   1.3221328344422245   4.1041240312548135
5.114849816698426   1.7148799461564188   4.512950680344588
3.5573548750384036   4.939602558929333   1.4452842962809893
4.3763776780831725   2.6818115652141477   1.5201170602979788
2.0862264664210346   3.8715546552107876   2.998052251551033
1.4745427532872024   0.47869302752560083   1.718489414453157
0.2162982030891616   3.2503783531369694   1.58378798592832
3.2358580190153217   4.50970957817292   0.6215332024104779
1.7586949774921266   2.1829753325001815   2.7946854118699935
1.0944637566385649   1.6064610404097917   1.3030598319479318
3.8916303379017103   4.734294490405752   5.048570264102245
2.7384833624622384   2.9254243398841275   1.7173750148325266
5.102744317228093   4.030686835154507   1.6815097641919494
4.037025984652224   0.33123641650962543   1.5564890204638964
4.788393529099379   5.123725240467776   3.130217496803212
4.7965613062389085   1.1812099358208528   0.18158318135243293
4.354595045413005   2.9683093917444707   1.495138778295379
1.280954677242448   3.432561756920813   0.5518527411660968
2.322026895760462   1.5445085347136125   5.466368874554794
1.8403377631298092   0.9965998886142982   4.61613964503335
4.171615703479071   0.0008235940664495511   4.827026482565352
4.219967884045348   1.8527618246175954   5.391236514195168
1.4520190255148469   0.09204448946578037   4.642542696395986
0.46129096951802545   1.1976091336218102   4.9895629881551695
5.245958125876198   1.8880332148777879   1.2424750799592694
3.6838560900280775   1.3165237938321839   0.9935633831140716
0.15625437064679826   2.8155701972655764   5.423808798166571
0.13793918739353667   3.7581924781227922   4.1633908805514785
4.217523439329393   3.6786355503237   4.466431989691291
1.502467372503328   4.526568956391109   6.016142178638873
0.4292631011324614   0.5962614400729458   5.375272764564432
2.320128687239936   1.8560158277285224   2.300207910471759
0.589800883646633   0.4341956481482907   5.130645396001515
1.6704961563019387   3.5573352457818355   3.572947941206171
3.78827211759643   2.166483899551769   4.30719194241219
0.6085293665603881   2.9600853752799825   2.2506874222696767
2.6528975199847533   3.3678483840358697   5.136856914059429
2.9620255289466524   0.22526977311936403   5.682083833927896
5.195060060854425   2.2360247143436283   4.552707288620105
0.4624318382187412   4.6201860067230065   2.8002334981141717
3.938329531973219   4.487794927148139   4.892406335531487
2.622306882103935   1.0637538639274904   3.715453177024042
1.1270044498071876   2.1651484203799005   0.9502024149056529
2.7708684439907056   4.448953862922346   0.9022348785995304
0.9461677354675759   4.1019630068189326   0.7207839841507432
3.5492791428869155   3.888477575459558   1.9565945599012764
0.08675989269457407   0.977580441408292   1.73178082647836
0.20911821650649087   0.6162062145095142   2.3247530083927375
4.418423637313013   3.8967794353477134   4.0204190514077185
3.930451748078905   3.2219736592500223   1.8904762007969307
