0.4751813424899274   4.429645910298415   3.14136850792406
1.1389526608990925   4.870499485635787   3.4236294576498016
5.112995425118012   0.13778887244938065   5.898558562135101
1.660303527769606   2.3662144603521464   1.5853131636001125
4.69086132470862   4.760720286393009   2.260111102307036
4.379972412143217   3.182588547312264   5.4354405641704036
2.674107622773762   0.5358098208999247   5.432436094275802
4.222712203064095   0.47874310613683124   0.5695340132398274
1.1371348049663725   3.1859981698181006   0.37231289187786865
2.8503411274321677   0.19950451359383276   2.2446806994727897
0.2914218939117752   1.1592594851442743   2.121721671421641
2.7858270051641782   2.1981891694297238   4.534057109183174
3.13858407180986   3.653211403041237   4.64959251840538
2.2315250495008763   0.4942883907723695   5.840490884705893
3.2967003651280513   1.0902508563656794   3.6587943552520485
3.0186644647483547   1.6826473790938206   4.828547537418128
2.7326730795247616   5.035699366276246   1.953436890195899
3.840473669284671   2.3053831166114787   1.3059346899677449
1.9545121740904092   3.954119740744234   3.551676213134709
1.6751387099712642   5.05726115496408   1.6502215711101187
0.22005509110929733   2.0643505664563415   1.8295975024429092
3.779344398220878   4.467251231562391   0.570328360998777
1.6921861756285506   3.1360365115630455   3.282343347378656
0.06168470800535658   1.366903804149791   1.8296259379356317
4.228399720678183   4.820352392980683   5.093435022831594
3.6070159328997704   2.829871082941679   2.3558384038872013
4.913672412339669   4.576841415424416   1.947115556743552
3.4021969961217304   4.984203070339177   1.8599063414304147
4.898851441086557   0.7488209995937101   2.7426879461487
4.46784007951524   0.864692401218115   0.14896339911699802
5.053463936692674   3.158886577010378   1.51130116716608
0.4322039627731757   3.166863393824758   1.0617745999293924
0.933172129251389   0.8176441415863698   5.510718181703951
3.738564917520595   1.1307311799634032   4.2375327690781255
3.4448766027158078   0.1587369963518126   4.932643894684773
4.3353343475601225   2.6938625127384674   5.331127793377912
0.8704703857619566   0.41434559525076126   5.125468912421966
0.5323098352600508   0.9364703057501413   5.299994929213555
0.9738368989088002   2.520367672830682   1.7597888175178882
2.557340858008325   1.3409881549741443   0.7335868240271721
0.06149533006616803   2.450074792612928   5.593134346106144
0.28569614253410314   4.031499783357465   3.721581047811727
4.817366077674524   3.9336389965381353   4.652178485820841
1.4819072389669474   4.546252183714189   5.7227127113780565
0.2950753249674005   0.5824698634848748   5.278205688342695
2.0719519817279988   0.9120056057827644   2.9879536912343405
1.8201282323949026   5.232746597248807   4.8732751317791205
2.208549418519233   3.8428497325790683   3.60367890060706
3.024854035523255   2.3919883666488024   4.290345505161752
0.5175369932372447   2.549409310284997   2.075229506409394
3.334601994044408   2.9639884410518205   5.316974865932064
3.0518523759348017   4.420335326880041   5.799835158345859
0.018430094252283702   1.6716783600564007   4.756612936028576
1.0754372016978386   3.962063428581889   3.410421027492069
0.06183278685335944   4.912247468382276   5.29916551937316
3.8923093252491223   1.3747212888325466   4.0089695418226725
0.9465740547282522   1.7532039448301648   1.4694586604130546
2.2340735540897034   4.133744297286232   0.6399770086361798
0.7981176736889044   3.478826412613504   0.3614757306090902
3.0326914599628085   3.100800413337104   1.883650992467992
4.928044973893873   1.335411734520516   1.9947718072237113
4.767735593091592   2.3716173286558728e-05   2.4619407379732756
3.545060889246859   3.9353011041101347   4.10897894208005
3.8330115806677334   3.350209666743536   1.431220293286931
