5.175065625721986   5.177683312205749   2.7734261085709897
3.2195111764337256   4.625706727954637   2.6949181414299197
2.131671625026823   4.503083576837942   0.39995014423251984
4.872718723298327   2.9116104973155714   1.3257582046802456
3.3693931715107315   1.7219869676332542   2.3238482842392476
0.7417916936530983   2.1405334995924137   5.388596784449181
3.765306195613222   0.277062039056662   3.8092328583183916
3.019729662263968   3.088468570265417   1.856628266133219
3.3346142753818864   1.9620842369612481   2.3623334127957474
4.3641302928212475   5.144243139274067   3.840084111425499
1.5318339209728997   5.041217593506224   4.682863531008379
0.5159432177996323   0.5195517813868515   4.719513029898386
3.3809501153575723   0.6957604419144181   5.446968053206139
2.0277236125357305   3.520771320379362   5.602490227895889
2.221116343066866   4.691562410530648   3.486785696500389
4.556281029718752   0.8435093712877115   3.00086692842528
2.704117626999083   4.423896900845559   3.5526628090573853
4.688403635093024   3.897219541162631   1.2966975042103681
1.4082366790083913   4.285026792746146   4.573065280507334
4.808938522675907   5.256548348923838   3.2169221399873233
1.4792021617501943   2.9389681073523604   4.0996119190541815
4.648007453201591   2.514099163115138   1.4088136277703933
2.3663786845230588   1.7830414126070544   3.165545874924832
4.825668078884576   4.37790243461762   2.3600953295769127
4.191548179889933   0.9069298554545753   0.12737091498146103
2.1359910389043173   2.4253638413824254   1.632875549828154
3.809543340111199   3.5583312098102207   0.6021624748223567
4.606591696568128   2.7786389404449054   1.3747303892881102
2.712664050452197   5.096090382902627   4.122209853595618
4.006441879045655   4.65570758676621   1.002681914187236
2.5149325170687993   0.6217042054754093   0.7951651914465406
1.9554450671746815   1.5602630837188967   6.254290656263379
3.5293570543282513   2.785911558303512   1.7108502415440552
0.19770929470092996   3.6507409514107287   0.39409271914948385
2.740423625074302   3.455098911599973   1.9273343252621156
1.328569536194785   0.7831364690571149   2.646713319722981
3.727098383459929   4.427872380164597   4.483817574404385
0.24373913207472897   1.155015536084914   2.100839000746374
1.1422615797099311   2.534891633184899   1.6858257181046372
0.9359875431896991   1.1634730707112508   5.566592966434889
4.705233444736484   1.855574959221923   1.3243027980384845
0.05234349622926365   0.7964339744679975   1.4583416916710652
4.92281553106393   1.2757210936416634   3.374130860610513
0.711131183020301   4.675893243458859   1.3309618171317787
2.1134840567603956   3.2122608511586237   5.90502531370292
3.9023273582243725   0.3993450306691903   3.7305066113128484
0.9115282421750878   2.913101060132891   1.1739841284158625
2.617964408439208   4.213066798304036   3.678410711614141
0.16333980566192952   2.823210968117615   4.446985820138406
3.5066946527477745   1.0826117364022607   1.8384118807148917
1.8016854280621144   0.029581147866091784   5.250379542088876
0.3272820620764314   1.3435499666314488   5.202254495658505
0.20946493215059203   4.113413766890548   3.5734907971565657
1.4540339997624963   1.4844553428782241   2.3298984401223115
2.117938898220375   0.6680435542680402   1.0417795438653734
3.3657456803823447   1.3725257700321882   2.3162267296168215
2.8800068807495833   2.119787330365754   0.03564540534114949
0.8388909569870278   1.8712427480081204   5.028601287846175
0.8117050255648821   0.11974139306588144   4.668292058539751
2.6748054387479105   1.153177818369856   3.3315855828105234
4.447425936899818   3.5953047819124633   0.8444648792595889
5.1338074237147415   2.1766426225104545   2.015583772650824
1.141840158810508   3.8921500019969537   4.047883975450088
3.658784766554869   3.395249274685371   0.5546474750390001
