4.873462554070793   4.962403172570234   2.5360868667496486
2.9928840970660624   0.2938111339269087   3.533094378493279
0.18172533252625345   2.919059139596462   0.6383886664665808
1.2800139241402118   1.961925863300255   1.0255785775675343
0.6071178909570495   0.007725818600374801   2.6366971895407874
4.204776658475593   4.067109083820532   4.320049599500188
2.4831162380166147   1.5052583218037052   4.790538109673182
3.532245929812793   1.1391708491305583   0.513986449422994
0.33410492518469204   4.146766008274606   0.8620545595427651
2.811968553382343   3.961383346066738   1.7715768445908309
0.2256519804746861   4.833033252089333   2.093851708970617
2.711644052643459   2.486171100656059   4.6551053655208845
2.0627252609237035   3.2752632833376802   4.768615363481481
2.099256776604986   4.026588146775197   0.3499556642928815
3.2515674936644827   1.0420059984551573   3.415534379696479
4.809821637884035   3.1479092740946633   4.234606460376244
3.5540423251145143   4.467495519220354   1.9182114176522544
0.8224821008220776   2.451907130959247   1.5845257013566438
2.5005347855449642   0.06886357115854569   2.9874690971972977
5.148582975911231   0.18547894956287803   2.7871393109844003
0.19625051326480936   3.3204294156909753   1.0793943030076136
3.81660265053175   2.547522637764703   0.8860406945913768
0.023171185534948346   0.4540451122080179   3.0620959808045867
1.4174083621196238   1.4923077300784553   0.5103865444717439
3.2427266536163533   4.895114555419226   5.03422938558052
1.7585627782290887   3.4232413260327363   1.7730154388916792
0.6479405577914515   3.4875389497756126   0.9560345879186101
4.000842575712403   0.3694790857616244   2.415928504835686
4.983512388518406   2.9200136165571853   4.260805627175009
4.449624238687737   0.19579386922594882   6.269303485142908
0.09966359947421194   2.184194223895968   1.228516085208154
4.906024829605738   0.2350691812968292   5.69142862938496
2.4061850512947776   1.8453757119131156   5.036713325745807
2.4082990671273468   0.9671624117829948   4.384670310354366
3.657206104567706   5.2591244935631165   4.667562088231674
4.096569088822227   1.9311032109026578   5.037736087079283
2.0067833141228957   0.6512774385437937   4.551804049311883
0.2403404533181881   1.398797331720162   4.875590822062173
4.852136118291358   1.9447038665739154   2.015181437746505
3.317328952466959   1.6998701457833   1.2286629510619071
4.871018376759071   2.325258025726143   4.737143136940967
0.8855216311817242   4.069326329848319   4.076666373993197
4.361207970742481   4.5159606797716005   3.723544386297839
2.114734661613145   4.942539009146431   0.18908342476041162
4.584744832275276   1.0739945832671458   0.23130789390966727
1.8505824827065738   1.6353974106979567   3.1575907159738983
0.6675302702633911   0.7853323547941751   5.495372411399678
1.844769572671109   0.07996617997584643   3.8683908300275753
3.419913785515969   2.278540452176284   4.761698825966349
1.7353969260891855   2.8670075171424165   1.9690514638797114
2.2105500109479737   2.946947681007116   5.253541365743323
3.7625046306704815   0.4761929824892984   5.394667014883032
0.17888585797696166   1.0430581878072105   4.554935342633765
1.3246840070175685   4.757455259733345   3.250994218411196
3.8524984431589715   3.084572235503466   3.532530034121411
3.0626934088826236   0.6281469352069264   3.356434031222166
4.46254754834919   2.9120772045277814   1.285274807904908
3.478886004080761   3.6916244010072505   0.2310731325652467
1.1978228636698436   4.00774233300451   0.7658340841933654
3.208944204259657   2.872622255640976   2.0777656243893685
0.512392619219468   1.715861830749104   2.0372926301898193
4.88598253714932   0.42024905968471404   2.540808616377748
5.076809125097386   4.035492637365673   2.9262598469472394
3.5995532626714426   2.051900952059214   1.5876923447864197
