10.23861013296669   7.006806234389211   2.4626842124562347
9.354487321055323   7.902653448680993   3.0539098179446453
0.48501505345700885   1.3808480133002048   0.15472200554034077
11.8009718267039   3.029254378260167   0.10546644313810258
2.974312702405661   6.429218662206193   1.5140227546920342
10.842608535248345   4.272327319066059   0.9998497094367136
13.214408043393304   11.107803031807254   3.09292493290887
1.95895504615183   12.323271224676832   0.7815361834411355
8.62333319127856   2.248135841550811   2.8638372199638993
10.769615126772038   10.271437745545011   0.24324052719395864
2.467125041854044   10.734803069165023   2.579159324758957
0.6610469695179754   0.29158664804797896   0.2794314393757996
8.149930287981736   4.873182803865808   4.326664342520861
8.171160957890425   11.425693507263142   1.1698741105065502
11.67948228687349   11.926018321612963   5.465888473046988
3.5909717211971763   14.323955835059934   2.9193954502475155
6.894511166585838   11.810845939724558   5.831803581677855
7.893575577137135   14.349667407764771   2.940126081017668
11.718560614464645   5.393687769334308   2.6150648488067914
1.542015029892705   8.740782001566458   2.344509648398511
0.03881697166180176   10.608754932270012   2.7582859520714056
8.800150065698096   1.147550720149281   2.668969552892789
0.889590430267557   5.425924971699007   1.181763235894647
12.381759289768196   8.40414359108196   2.0036234750248654
1.6017594469000267   1.3728900323041953   0.4568159875886315
9.602319060298187   13.059521707112504   5.833518569394107
5.88562473561963   5.901368819893873   1.0756709680232335
1.208467705423267   11.033837433718638   1.2567676354716122
12.87291570546709   2.567075429193083   0.08722027061361251
4.105332230193839   5.431880912785093   1.7617357901162243
10.464531107295333   1.6002413038227536   4.843737629509602
3.866952667589393   8.65260501910836   0.17920888699269133
11.578930002473184   1.5132829503300256   5.711910834295482
5.022043991104436   8.034978550627846   0.6998682194780904
3.0483987309598004   1.3501978795407479   3.6177799178227725
2.5331436625686305   7.733983950191661   4.288096273908187
6.103603474234158   14.357874129508023   0.09153456982790997
1.1962608044970102   6.531429298317375   5.746768462662219
1.206359026224752   7.708382184333514   0.8978288184369321
6.871342907445628   2.995827443667126   5.321234521178793
10.579789557513006   2.7634752170210244   0.7829181023862083
9.692982753162555   9.08828083209797   0.6237187883968703
4.313077610917993   1.3848551091326802   2.7646155943144075
12.856535647913837   5.779206765600959   6.037235907175829
8.772823982940931   3.957947701587056   0.5738712557381545
8.871311172804209   10.05331752992835   5.344069548915527
7.051850568025632   1.837540690916169   1.0940582945862858
0.80064133728998   12.522173007879518   0.24371346193294882
4.8711591043284574   13.148758166764246   2.034447657359628
12.471952434975933   13.673346475496654   1.1270003339523356
9.515451227186647   14.415835700863282   2.404755906962265
2.699386176149008   9.057881896913605   2.523466561387877
5.692441589815815   10.996533704333304   2.2152626582187565
5.312838708692076   4.09385129690306   4.478917353985437
7.4917157619032855   6.106056107883409   2.5028191742866714
11.218922464085459   8.573138680994731   0.6045545095534617
3.571825346511012   10.281269549380719   3.5911633792509576
1.9397167751916995   4.261652484492563   4.703340064902689
4.6303816862020515   10.250248437067935   4.125033113005457
10.901242244289776   0.12629794855360782   3.1580274151389465
5.133687611276818   9.305551296860507   1.6259186576489302
14.098012592848734   8.430417056786426   4.916442389154637
6.843282759943659   9.48213218862864   6.27839627918188
4.5734837903743175   0.3389780543616257   6.068932197904703
