7.639923236893753   9.634487118028526   4.5836587857738085
9.142117414148656   9.096017515131857   0.26451076303456467
11.741849524518246   1.3775563042544963   4.674537275965776
4.036121912832948   4.035331240901168   5.002682218797819
6.466062174308778   4.561366808243354   4.801129384831684
0.8508223019196723   7.892983759712679   6.271869626908815
0.7606361737387082   10.797779071318356   3.202884730072014
2.795303667687453   3.4632831349489064   4.0268556720872235
5.740254287632498   12.394523483854005   1.9421757853749462
0.7130721944735308   4.87702574440469   0.1740997410383804
0.580539047608494   6.197878469089783   1.32016583895526
13.4868113264369   13.42219693358897   1.76878366845958
7.641950211360327   4.194235755619241   4.2722227442459095
10.987935378153244   14.261215043870806   2.0591178304986797
13.94293780617034   12.326368658196936   2.244298906236376
0.7481508879522595   1.9615239694201339   3.083503008569839
7.074667240119716   10.572762060453442   2.5918053532743928
5.3942562635916245   2.3413497155531693   4.3651629317753375
3.8334089172427843   10.18303357418068   2.4286757850382044
6.118001946270881   1.3294723669176411   5.188757176500537
13.294357968931477   2.078865999990988   2.382310591461169
4.668931763900523   12.576250219338146   5.582306421775444
13.1115597692886   3.4597630883189887   1.0483134101299918
7.038498187981046   11.967053631102692   2.517378361767504
14.154825739471883   3.7498379627493135   4.59543924931291
3.071454090017163   7.066912902456172   5.470685894856905
12.226091592384646   8.360878091393765   1.2803789927214626
12.300182299366663   0.2511440452699356   2.621317578236474
1.5563533802726934   12.51858624733425   2.3793112397165435
5.291355038725257   10.539602913699547   6.095143526020614
5.984792509403154   7.6234802962097605   3.9634899128119203
13.979472251522893   8.652891805982431   1.583130224944875
7.57603851159541   13.259759086367483   5.738780801450541
2.050799895832936   0.9783273509645831   4.381267058969639
2.0458539753706213   7.65530828021935   0.45489252500522903
3.4349555792988102   13.709904129990836   5.795777220097936
4.253592565266026   0.9868641036601554   3.1145953255436587
2.412753719145362   11.71531266802508   4.545133400902018
11.299439116873266   9.824303609239413   2.969644357373838
5.609257459393493   6.53503480298489   2.583151222982768
5.4976641060940725   5.060507184199647   2.47019301607907
1.3316608529138345   2.9950080505142926   5.757604832180145
2.698633344566063   6.036356828540232   0.9784827876887845
3.6514846416607964   1.9151078717988037   6.040302268196464
6.93962345103227   2.294573473884743   2.53238706714294
7.680521544680029   1.3249216701472368   1.8425193278129997
8.761106181148643   1.7523804236480653   0.7485976832472293
7.427568690167373   8.303285283559685   0.40191562011823856
0.2753870447250859   13.560551668090639   5.861011935766033
10.075699181019369   11.104417357617494   6.1871623009492485
9.524391953448921   5.932018187974105   5.229190873294067
1.7776747044177157   4.681028658089094   5.7449557148645
13.368211630233368   6.89792104977562   4.7530407550586595
12.096353453686822   2.670972300450762   3.8659800411887018
13.802392210221575   11.22461620357963   5.188015170670883
2.8268552415889   9.337403465965428   4.347288942049626
10.435515966277883   0.8999080019961831   2.5893440542527912
5.544194630155449   3.5324027944669587   0.4783589377366164
10.608097681399608   8.696022742895117   2.802525374878893
11.894747844313356   11.278180520137504   6.1362311804975835
8.101360044166134   0.06714156401229765   1.9841675183684304
8.851998320201364   3.4528231045963   1.4712495632667613
4.639350636764936   8.2704581973895   1.0517552218014061
6.776495713627347   0.2331436911636242   4.130403083758258
