13.424213135420347   7.665510129322832   1.5820971144541873
11.63190501749406   8.080682295564415   1.6416994270870153
1.242452679638219   12.705841080195992   2.1999674876143103
14.084888619731093   3.178652314868732   5.501542658592748
4.6362623347946785   2.6118302373953504   1.8117454299541136
11.52756460815556   4.024214547828133   2.664609372199576
13.24778772323944   0.6952105354311926   2.033846201206972
14.082764465203883   10.487185758673181   4.531330082264018
10.223227188349064   5.609476699480453   4.2963421926535545
1.1923814794116314   4.3551796257721165   0.09365077210344186
3.470478138301038   11.690968641867665   4.917977088267475
4.763291843294262   0.0923517295850349   2.1285257185840396
9.62524766698088   3.7743474611343286   1.888441030220255
9.405790035769856   12.759174080127545   0.33160511772817314
12.617516158319518   13.797657895224859   4.39210032037959
5.205912439809838   12.198090516172837   2.068194127797414
6.318993837502504   10.717891621393862   1.7179471860290072
9.727870917649469   0.3335206814244834   2.505388459230164
11.499726462291804   5.633601560293129   2.0323566265711377
0.6977736169668772   7.909566327784908   5.4609558740065305
13.424360145735234   9.29408468123295   2.3780206804205077
11.587165602987785   2.0522997347093614   2.934401419609405
14.062222864441983   5.289647455831021   5.86997934178811
10.546506340110325   12.644448957897614   2.1828923125311768
3.9340913051530317   13.738442255668605   1.7975010313213529
11.362670497356836   10.036414703992273   1.2251908648731602
7.581074147195019   5.271846406824301   5.957888450657545
1.1174849228049994   5.528428808040064   2.8397015774904943
13.486851531389975   1.7656794335244221   4.639574388123078
8.146811276286057   7.56673704780114   1.79388978019584
11.339580917036713   0.00382317861293624   4.173910135271162
2.246421729574183   10.208075478933674   0.14722841123944547
12.151302573568213   3.072801419072557   0.14817314639924092
3.0756384505109216   8.356340820771935   5.611728802744072
2.4241928448483954   4.738537775772221   2.491027983939645
4.806225432763511   5.247273572205259   5.764795959281799
5.67399756247405   13.418766595276542   5.764252920808471
0.42287326766792555   6.461501779340656   5.138852311295692
2.81035856079987   7.00398662972236   2.2263353118281644
6.440270124407803   3.985199965267272   2.884587345055457
10.688785531881248   3.3405224587494966   0.5571395408126832
12.343614762611523   9.286329861109936   4.9924393822266095
5.873274425086921   2.2572345416956328   3.5918091869715205
8.742438400248027   8.563388576847524   0.1458476084471862
9.107686181304091   2.2077228955959654   1.3541684750782423
6.681441469644444   12.600947681702873   6.136315445212004
0.8394908775828324   2.2648199422825455   3.0907698393432614
13.477087320578097   12.764942633320688   4.852132988672244
7.723315364795352   13.596510728820277   3.541420845144832
14.299566855592209   14.28408263153155   5.749218369908989
6.8118244259106016   0.49507694926462387   2.0958974429815043
3.8456996740772063   9.672531611184752   3.759325440153349
5.028242074343542   9.719760475437722   1.7124201544323565
3.826638300539872   6.201006203497387   6.011558196407506
9.374975215677068   7.068337346425583   1.5678721107360472
8.597360375864444   11.275936040181659   1.1245907823532069
5.061875020325746   11.100773883355915   1.8666501784369898
12.234961675850405   4.80610676673194   3.397376387263665
6.469391607510689   8.158103503916866   4.9503965464600155
9.753859999759545   10.02637745389004   2.9415898174957444
5.154788681031761   7.074165871551335   5.8153782516331285
0.04382576462127574   8.790911346689935   6.107138582395439
7.961795733275888   9.70004421277354   6.242264282710738
1.0305709768337383   0.2847568248087855   0.1891877021329054
