6.781495632578325   11.684733292528263   0.33234826338963086
8.001801574241428   7.623822294067482   5.874248802619397
1.4993392144578461   9.923595930391693   1.8337390531433193
8.831881515009162   6.699344051182551   1.7472200073282098
3.7494540141996264   7.931109798852414   3.49803349271986
4.091775806409746   14.374554719486113   4.23115819962984
9.979239322723458   13.04601477098642   3.1984752217625085
12.419730678945236   12.71980425318761   2.7507412652358028
3.5493659599527367   1.8962511391923198   0.27779358043324437
10.182011822411521   0.8320616615151972   3.5765186406797396
9.175915782623314   3.121828240889624   3.907130172962227
3.54232578563471   9.674326053756824   4.7867682463755905
2.543402140240166   8.899591109859095   5.111355978431293
0.24381316154041655   9.618288043388894   1.188313244118142
4.986555806349685   2.080472287924947   2.6553590611889524
11.86215122113862   5.50467363983991   5.513370733708247
6.460883955544171   8.467618185596042   4.898874645640837
13.673237619712186   11.991403317483153   2.8318717241728373
0.8595368355530592   8.411743346594179   1.871293859438097
13.053634891572123   5.9088938096416115   4.96901612556849
1.4149367303762581   5.694963502312606   4.612073598052734
12.133600708683534   2.960767950157997   3.7327428443380866
7.729579518713671   8.882625485441366   1.7827384577192897
10.48299066919225   6.913809826069101   6.2044285497981315
11.242690267070763   8.83478002587184   1.1592756958764594
5.193520097801816   0.646388200375359   1.3318354467239564
10.926823669737166   3.855179403877451   2.3085510882392315
0.9638208274020486   13.95530921646747   6.119766746287536
1.5979998268770572   0.5455529412643666   1.278409611562199
10.875722085878936   4.970583791587552   4.112157562493075
2.3906880211376462   6.491183261127674   4.1401147958942355
0.13408132557986951   2.1570414853692723   2.275102138819202
11.757369786732088   6.9302239170154   3.766383193863707
3.7066453543597992   4.1694858057609   4.8460644244590405
6.480918006835713   13.257372359520126   6.0891885078698
0.15823452744048713   12.889333266450612   3.2727925639368314
13.095273828952926   0.7359193775528424   0.3624652160963855
6.52195895581722   1.4028710835964284   4.229586141577198
3.1957604373944646   13.146432526516689   4.9863649898304745
6.304441813477574   6.364334376236817   1.3854863396323234
4.434046212243235   6.484120251537408   4.0376816631306065
2.7413335219678827   11.917046779018355   4.632078613036902
10.12078440784338   8.209586463706437   0.21103582957731806
13.37965811415359   2.2051508790678658   5.039024470972364
5.383229789254194   11.445678989068693   3.02301228993322
6.546564495894791   3.8091513671305735   2.7122752471389306
3.29805728412189   5.403172736208891   4.479216045715409
0.8183703508057065   10.866109706675331   4.682388524546202
2.591028789537369   7.630621485878408   6.155150004110463
4.852880448434268   3.9583535751952184   5.345401207684256
1.259633691301913   6.891294488643938   5.238150491170743
3.084818356694013   3.311279556263151   5.736337987691413
5.385154884502176   7.1197999396927765   0.8182685326901935
9.042324922491254   10.4560243161943   0.5739290453354242
7.53354747201619   1.1346627537351555   6.022989759043957
10.32663654852152   10.661093842424558   0.39046687922842604
6.092962399135267   10.479662083990553   2.2385740285738995
5.272328303689023   13.103467429290733   2.4555111558784493
0.47921371950226443   5.109919709561606   0.7066761294894464
7.3992868910128164   6.594322821898654   0.2782689115451386
4.33578135938984   10.676949098426553   3.9868835332049097
11.568019824541173   11.403442289496983   4.12512701247905
5.972671315619751   4.7660357036570105   6.131209498502813
4.857124314327529   5.281062468219095   4.375489679598085
