7.937801298632524   10.716432502270338   0.9334585644891128
7.544461815151629   8.007541433810685   5.955393138081579
0.892129255821041   9.098067265418972   1.8834073513114564
9.045672799177936   6.4957427216814745   1.44708826978382
4.696027218385301   8.370998973232313   3.576565073362108
3.84210874119502   0.029117811034890195   4.43905149015176
10.285716049636797   11.470773336267879   3.3834332002525804
12.484375454370428   12.74983712941135   2.468452605873506
3.351033407823612   1.987733393694315   0.8355990396457627
10.913496175956123   1.485992414532888   3.388239180970694
9.663718035352662   3.1075965060104096   3.6458063731187993
3.5800494074376177   9.496881979536864   5.152344180012776
1.6256019358599667   7.901953638416663   5.155131407645627
13.7852072796619   9.18375842050995   0.5648739717994056
4.427270190087452   3.181915061172335   2.250355106300133
12.385523018816828   5.617640294524525   5.770421596365969
6.778389455520087   8.822968768678981   5.14774098463953
13.133476322108695   11.912104381226586   3.0600744512378077
0.3915028030769813   8.045145040032123   1.2968451023388012
13.443649844094752   6.458673296054345   4.733966199184509
0.8786827620943151   5.566490013848407   4.704742548956169
11.314591423781618   2.5373892134715166   3.870744016223729
8.963060938091202   9.432961930172642   2.1563978863092395
10.29406837520198   6.885037783709157   6.141443592683638
11.665879892470867   8.710818303592722   0.6249562812438733
4.929253962511167   1.5669561445451783   1.5334896841692967
9.593769211147247   4.932122293712624   1.9372111949787607
2.6480986555476687   13.615678495290624   5.762591450504285
2.176523263471358   0.8292394460557846   1.3708836017421473
11.025943257156417   4.37883096000575   4.347607365983605
2.8176820875246906   5.430687980632829   3.7453240542571415
0.3018107253144865   1.6517175067241852   2.4117596033792252
11.585872422631942   6.9181815929943005   3.5415575472212977
2.0502621013238813   3.937548291321519   5.1612239800816235
6.596043414247335   12.743735456869034   5.977597712265407
14.376106476814709   13.317417208707859   3.42321549398476
13.517092327279126   0.01517914479505561   0.5824950547701638
5.970995881211702   1.6195187136700318   3.443680050321474
3.277139376568286   12.54806380643712   4.92749608886166
6.4707750246816556   6.328269392905843   1.4093814694073727
4.544896306051865   6.054492377578759   3.685496339377538
2.344954183800372   10.254329888279356   4.180902251656881
9.334696813734176   8.015692042539717   0.663800435707727
12.47666752418845   2.550505265126538   5.3030643801478226
5.457036766629589   12.54125121128107   3.0334512472927213
7.309613334380104   2.6584763898288597   3.1057677069031837
3.717337441276074   4.5838747029744775   4.510259697352252
1.8948712638659533   12.371497861475827   3.9021718385845174
2.3806829161271787   7.103910719798892   6.163719479572203
5.0201448140326335   4.229304982078132   5.371142684494317
0.3492739024970245   6.888752175727226   5.117044778623944
1.7120222262682852   2.3514439258593893   5.554519069253138
5.445679372963425   7.617294477672198   1.428151356656285
9.853601620778454   10.050677201665941   0.37732477719009727
7.650220548801857   1.162747779171323   5.95540372048054
11.379472168435091   10.30029216453561   0.38193103826498076
6.50776783984082   10.72500352784496   2.302700146945579
4.705010210089633   13.367644988742986   2.268060270945865
13.84551993680253   5.275714930567153   6.13655373594302
7.573148754757001   6.653268364698891   0.17434218683688607
4.0427921449881365   10.646263629346434   4.167183894626898
11.96708336791116   11.593628608993825   4.019069413266427
6.617771875025283   3.5509345796754195   6.227731441135461
6.116021641887958   4.895725907242146   4.407605524681216
