5.772185626652057   11.488665311249447   5.6819851978771885
5.444802283810468   7.335903668710889   1.1390342705090732
5.030026008333057   6.059736991802868   3.5166375148246147
8.705737882022019   8.805904539831053   1.6758842964286742
5.64508974984533   9.290681321203826   0.7445303195765663
3.3102473789335733   1.0605724920262332   3.4536874527257684
7.871137239988097   13.961033436176452   4.629899222586795
13.730132649512887   11.66534940478172   3.1103646989820457
5.157549427614227   3.545218070847103   6.122150589141002
12.666088407255756   2.34865759438581   5.489604030556789
6.853158426164981   13.459865352005163   3.595574135041288
2.3401985983776723   11.77817460278725   4.778890894625165
0.4028447347088644   10.688796367376202   0.23052063994152058
12.197619048116241   9.360894585125157   1.6870778672080673
10.629108741636873   1.6089429634468004   4.3817564348924325
13.968377747532521   9.589171163424496   0.0036395963752351435
12.68712546496854   12.115321791415022   5.523458383994355
11.88132821205362   12.878053823510884   4.017635735999706
10.559820492013548   9.457661672088133   0.673419288486922
11.383284604622162   5.7673030034929775   3.713778364678723
13.48125454737365   5.842135903634058   4.654366215270976
13.609302171589919   0.9101694507234656   5.064026618589561
11.759608505452734   8.360269448015798   2.1069958413801446
11.760101410901672   3.371706392445665   0.9078196630149965
7.6707534214751725   0.9793353375496715   3.5382637388675104
6.516852887729501   1.0699075742556539   1.6053262645959325
9.379054257727738   2.4220596667649836   4.092698382522578
5.908168211272516   14.284986222385365   6.146235538949159
2.9291434203102136   6.3446353029072595   3.3338529029428705
7.369357183022006   6.570255148067227   4.69273737619669
0.8588734212771314   4.3854141518100755   4.18638468121832
12.449907375219908   5.089367244154984   2.6103723081174834
11.047216257041065   10.988281511351243   2.5083881337396563
6.583862312287002   4.970817012151161   3.497309068154618
1.8121063460839073   6.316993177065815   4.091846590403452
0.01549316402211609   8.439299658563778   1.597873768685458
10.849520185922765   0.19493780180701775   5.044136801084803
8.440754974974055   6.289258363607972   0.6944360671609289
8.040892484286415   2.5916835830968945   3.3266509423868356
2.1527911008312937   7.454638161772402   1.7659412383322781
6.162815150225426   2.3515983153470645   5.902314829048076
13.301462061729666   13.452925588981627   4.45302017774392
9.086364116572996   10.826637435398117   5.082706732083414
0.4590346180609199   5.40586373587016   3.2259057937549755
3.262812211418132   14.038691051461068   2.4191428049720702
12.415622800664089   7.4764577225741995   5.33767055153827
4.424914848500312   1.537118016843336   1.2257681196858201
4.1970991193285   8.844939696502532   4.444385127071176
0.00170661098510827   6.960668253241087   2.515018409252559
5.722846537668504   12.892405416536187   3.5222383436808977
12.942009007541284   10.525914062202228   1.40533542147772
4.384961067548728   5.1974682648277355   5.687518197455771
6.526279688071265   8.13291024675116   0.4799895408903588
3.079711664370536   9.405887934415697   0.8184236900291778
6.865527100278699   3.393856729732098   0.11099545272836356
12.447362088111781   1.2851757576005542   4.843899823433773
0.05450308447494656   14.375399726318523   1.9535940969277699
0.242217974785566   2.628453394538816   1.9722630373403616
0.8185997971698017   0.873679674518476   1.664340080049825
8.092835154725076   12.907172739139439   0.021111459214595563
6.70505045007274   10.520178612887957   4.2492136128441
0.044466089389029434   12.775865600032349   4.616171499930148
9.664539857207329   8.300944008630204   6.2073290935012295
3.9129523621261666   6.693872659671898   4.927016688615743
