8.966819680787914   13.127529390365197   0.5862589922915694
7.03397061472046   8.80020942314257   5.696364890306967
2.329080277425701   10.000222239476958   1.9786755260856577
8.425625260312339   6.074965517692927   1.0798779603377624
5.087614017497698   9.547219618191534   3.6576475881569244
3.8111785232655375   13.87541032607512   3.844110956017045
12.41232668783455   11.587793885462375   3.469798396239352
11.678086605389044   13.426349270532917   2.7725596802678396
4.031366740590254   1.1873312319159033   0.9405434389932276
10.507451704493834   1.3159616067202848   2.944198532687765
9.465261437331002   2.796038580736515   3.392463518569436
3.2595880524861482   9.141832574574805   5.191305819420024
2.9632041432332032   7.616466927405379   5.079591253084142
12.424758285306032   8.76847985367847   1.0575946213277165
4.178523686729598   2.3548222254367195   1.934185151506097
10.986303745417995   6.2187790191111985   5.59638098656494
6.1492553903810565   9.97131618761817   5.2627662311539565
13.116639732835104   12.535988975639466   3.353011561379052
1.5355759372983253   6.8541489828321795   1.9176766366026827
0.06744375769745936   7.103879791621199   4.672292372165765
2.178659794930634   5.906521780190609   4.4306924957257
12.613083365822867   2.49239400870558   4.263778003304044
7.088991843467729   10.425395503565325   2.7152764580196327
9.55783141235012   6.214751006682403   6.237993257187983
11.366079182224045   8.745096592834066   1.2823785524427502
5.258470723732791   1.132124072742684   1.5656017250325487
8.161676310530746   4.587421760313692   1.299838102590997
2.357827606052291   14.071797048552742   5.383375253315038
2.8777195373622275   0.8239312401870056   1.5036043118867677
10.115707770602722   3.670250800746264   4.568697943590374
3.1968379491434247   4.929867696755471   4.006487495531212
13.72906000533212   2.4107415227251923   2.271070287965731
11.188561800146807   7.359362791480814   3.6492652749135552
2.3827294879552894   3.3471423882327525   4.882340275253752
7.638500239485395   12.865384998004213   5.325629271385418
0.649342574698035   12.518806353192206   3.006190713971486
0.28166167990179936   1.9092332534741745   1.3051624048357606
6.445387107389115   1.939668295576984   3.223330269808857
3.0185075815520013   11.230797563294828   5.3461723636146505
6.278887912523885   6.272106591585615   0.9805711774209741
5.0311389903955686   5.993184185160018   3.3364675757046185
0.8997489822026778   9.74787299126764   3.9715997522707105
10.133307000804235   7.544016685568138   0.4413714290821483
11.049979063450321   4.17476876518154   5.530447881573416
6.1524727087561075   13.32386955976079   3.650128997904218
7.538181434237525   1.5491009092371217   3.7084799629546827
4.446302653348459   4.49101828484619   4.28026089479775
1.8853729197485662   12.161528454680356   4.400596313623384
4.498459096996381   8.172922625875051   0.15580573241801782
5.067905966442949   3.527589470275167   5.563117523950715
13.091696667633393   4.905978206145457   5.107381833377348
3.124752443040844   2.0780229623920805   5.821385859498131
6.383820309888116   7.674728969553662   1.6688542696233035
10.632499015284317   9.538544008691032   5.685524418882084
6.959034865556917   0.009499537492580257   0.163598890128006
11.807000095816427   9.85366446578272   0.5821415797738768
6.8231429718336125   11.938440503035968   2.6557532922952776
3.813762697358535   12.399438311599694   2.1586056872338117
13.793584853688317   3.7715832740018844   5.476121887139222
7.667608449577153   7.689220393217461   6.131453001607479
4.717110642889352   11.48879039217081   4.099379792687109
10.385033559807843   11.896656107692724   3.226629877292408
6.189265992308   3.337337364611601   0.1583903017845957
7.0789325859138845   4.189132674782944   4.062940130827697
