5.346401721261048   3.0761079063593852   4.4541970675253655
10.10745941778256   10.754246922418249   5.642797318511497
4.292935779777308   12.705969194786084   4.079405796707816
6.216550913967149   7.356034280787861   0.12091391568999388
2.7241603602491495   8.74143679664321   6.219142387463857
3.9522221229829078   11.406436417740629   6.221608934237523
2.5975996018070657   2.79818000674313   0.4761158063075222
9.835472303453583   1.2936121614399103   5.064500442637874
1.937950280893551   11.130941410539123   3.6377816018651834
8.925581102455384   0.4113777836483327   5.779559599018215
7.0922988198105035   12.662560797091759   2.7364343109914007
1.0352084226648324   5.361490380910477   5.6635119719178775
1.7795321787701193   7.803785740907413   5.0935410373289765
1.8338516504928895   6.694804264397061   4.367463552184444
0.0610029959499932   2.0274803324824897   1.557177943783634
8.869417728299155   8.531862503890281   5.766567476107233
7.866076859250415   7.958756177875018   0.22357453218539663
10.831094836343365   5.537236658469599   1.43665033342998
13.52605534705094   10.831232176406202   0.012695638655871283
13.88940723744994   13.943372201202834   1.0005677024831505
0.6172101365460817   10.56531515333905   5.434298001617613
11.203780137000596   11.388660518160082   5.868498852534496
11.787730652687866   7.3711973772736386   3.1412633792189286
4.3835373399336   7.036478632433486   6.260409795943542
10.65497512656614   9.355291047917339   3.904990023443025
2.2624903049284475   12.128656108288732   1.462769551805914
8.956810997122233   6.631309644482031   4.938963243778657
12.27700122209426   3.0733261291718694   2.7988727379791905
13.585652072025649   4.732941442110908   5.670180650081241
9.18967532443176   11.334156407421432   4.344459936423861
12.032660696807874   6.140305418659485   3.133372562116255
11.256564767737984   3.336994973074939   3.990708794957666
10.380702981761177   7.4415475627750425   3.448482954176148
10.070714983345923   4.410010196990252   0.7241281500584342
7.246352027359369   1.7717388938138066   3.390362703021424
13.136597860074053   0.6289458659458746   1.7412749371564502
14.33495196219634   0.7249570446671447   1.339799054401925
7.214522009908578   4.220227964953261   0.08727091755907496
4.2068249478951705   9.981304483025832   0.49398097265155166
0.7615467853653597   4.182436893745817   0.314665200686307
9.36929738106086   5.32860147817135   5.078612110996041
3.017273167330641   7.460047358455672   2.77371778337708
11.631181985289668   1.0978558549805322   2.9671289259769504
0.5535510007676689   8.944249372032258   4.728402155945326
5.6809996197182855   13.941742252938084   2.3885765153726135
3.5115925687178082   13.599686169267441   3.971969031073889
6.988573679503663   0.007079819704664425   2.6311789922406352
4.962056227065778   2.038389449482065   2.262852452226161
13.6258328838045   3.609594846918265   5.824587175394424
10.667526213338359   2.4524486171842463   5.214071033849313
12.984920213026317   8.332522699067718   4.958559178651764
11.462214458998583   10.076223365628655   2.1181360367350184
5.6062108123078005   0.6040591038137786   5.870032500010067
7.2781451829093555   6.826712036034372   1.5618567175985127
3.2438059278826845   4.045618392722081   1.2003208196614226
13.242608471255231   6.060001115847466   0.16119652913879365
9.010531140255948   3.961541327282482   3.1724134896569707
0.17319705560339516   12.988863062875824   0.6139964243759852
3.3165027913407736   0.8032293837447355   2.2293919492638414
8.157825415459186   13.744733196153067   5.141678148346503
5.687480646515061   9.507394258556754   5.166378965267151
11.02596371383106   0.09894331571823933   2.632025559354392
8.1728000664755   1.2933934583268178   1.0480116589573465
3.9571678986648395   5.8742415320258266   3.8133978750734756
