4.055717417048762   4.4906003905926095   3.8467292391264425
9.166699234786305   9.99535695351618   0.3747291469130554
3.915542490862083   11.007395516293723   3.0055191245354043
4.8225150397800745   6.417244954732153   4.0840154964265905
6.666379945527087   5.0426414824281   5.0888739025746865
8.180321964773087   9.539453833317568   4.735464655762618
3.2651183514915196   2.1046004367721243   3.6268586474399394
8.034002987082905   13.469554636205428   0.05310114281042448
1.7491236615466583   3.966952830743209   2.8917197214556407
4.4532056174760175   2.059320356814265   5.304069656632305
1.878382566928706   8.565097865226889   4.13356953511392
10.351167308249552   9.945552389962636   0.621454276637529
7.656091753654257   5.47567300561725   3.6539223976856405
4.0228740953693265   9.832899927934253   0.08879175842235063
14.261634207258894   6.166095851291632   4.6661707690937355
7.020322901016274   11.315487631702926   3.156906002611094
2.5221266938155695   11.41229891659465   5.777523559378648
8.480201145544218   1.5425948958451423   2.882157126871048
2.4369945226299627   5.73307523284287   4.766741901532269
12.62588414189924   8.515435868929782   1.0793116737497002
1.0440912689066004   11.655386443117688   6.24007508582717
12.437206564085992   12.034141173703034   0.0366499396873973
9.151940691075016   5.637804545581121   5.077320139790846
10.212802026612549   13.711188940775509   1.9953311575483934
13.357266366057399   9.985743852544466   3.1460722875492495
14.313056181067294   2.1260504029386733   5.734890468022616
9.170905807137077   7.793900621748336   2.7450777685633954
8.86741621158773   11.282641337513983   1.450111039710423
13.014755283654347   0.8251028080790765   4.097261367169448
8.980592057040338   12.636465824073916   1.3022119723658625
12.055350577910167   6.3676915561589205   3.3344511731612956
8.94283246350985   14.095165462558047   4.4091601589854745
12.08067795690278   11.002214972029712   1.0846635226121604
13.79509917744224   3.300587485650055   1.8774297213701732
5.452165124554129   4.396683298604692   3.8173215743984845
11.595978462864014   13.067495963554554   4.065458221736131
0.19371598621128738   14.245427819805993   2.1966481635593897
6.632868369948222   9.47736336070842   1.6480200808217917
5.9157716330953685   10.63760046864214   4.3213322548459105
3.628674353435282   6.412902427658866   2.52399355240532
9.494167509342425   2.431461662050236   6.172954894164782
2.269865295981416   1.215167764672624   1.9236440654190814
7.999721955437242   2.626149629247123   2.366986785514018
2.4156995723923487   12.749274594055167   5.883854038844566
5.754313343046952   13.59835083922021   2.2801677917764867
3.8568190085387717   14.07633028094293   1.296276441819049
10.847202336846216   7.678560139469304   0.9091172734628148
4.835565315291035   7.63548402574764   0.7052019441037951
6.769124909199359   3.0039967460959978   5.45134139941258
11.38040026701163   4.093356673554758   4.100924617787722
13.732040539384627   11.832844905134925   0.7225146714856493
11.9744079838034   9.840955428981225   4.4098228983581205
5.3991414176227766   3.151247854059234   5.906725034689604
9.69713543011409   3.8899438578876007   0.9764103444129093
1.4262512313077762   6.782979974513842   2.5740147147320562
0.10556224750246557   8.559868052570696   6.236929881277556
8.104315986076397   4.3866532270464615   4.733112715856398
0.9138224098777046   9.755319550381264   0.6959007444472348
2.378941085760614   14.398772164531687   2.035807727942198
11.493867946133298   0.671942222437476   4.519241127930432
4.826024557658216   1.0087940026253348   5.882271253774552
10.089796998796285   12.023883708413104   0.31748183836452987
6.208955824899541   0.49698800387209985   2.21738250376993
12.594601511047252   3.8456181228822586   4.076930951685024
