3.2632478913648795   6.9345999728021575   3.928749995655751
9.323823245767695   8.779284036191594   0.47708465822528767
4.714456670320445   10.41718338306773   4.381305998946884
2.4451433320060265   9.897038101919389   6.210079133674563
5.551411099845569   5.151200467042234   0.68003900487248
7.95179908737177   10.855677866835968   5.408708423901546
0.3707511562302648   13.83281793634361   5.026634469795829
9.732249536764192   1.4997830107720862   5.337737848787043
2.790549779834181   2.240500749905701   3.182269818701395
5.404500782747458   0.9421315143647115   6.081250801701305
4.306024454175695   9.390345277029038   2.2918926479740933
11.904476765939268   7.986041021766315   1.2404843962118035
2.873100395564843   5.480062931124977   4.694480948263772
5.682170687828167   8.984787653926858   5.901228178867761
13.332697732068398   2.6587512848503336   1.5373502408100634
8.305209455166397   9.712170413498121   4.595313570375021
8.69098213417583   11.602458123937401   0.6912398726719866
8.974017481995133   0.7213510715629792   2.5565788360887787
14.075475543072997   8.633015845222253   0.5899807056357164
1.374413053818572   8.078850100842775   1.2199488425994591
11.765090396707489   9.280691881070112   4.84601354263156
12.769593531017303   11.152515283269137   6.210988171772654
12.876123714338709   6.873645782053562   3.7754153491980937
9.773471972639847   10.609682660603376   0.8250608978114755
13.835436799262816   10.437740410613184   2.9446924420197367
0.8190179334993328   2.96677152873902   1.002504775172357
8.040791562438494   7.6699617709333525   4.566045355166253
7.145553071441398   12.35778255925862   2.6160234441667103
12.746354791793605   5.021749728421711   5.507395129118108
9.797891721026916   13.788339460805314   0.1394958222066054
10.925791820469707   6.190479092682995   1.9603765557409056
7.767289092788278   1.0658172955294818   4.270608407255266
10.965971240757234   11.06252177195129   0.9837693325542198
11.568528156211004   14.351287459085647   0.4077960177770901
5.008967638765006   2.7591385463419096   4.65601067405617
12.514965327831456   1.944185308574132   2.9811758151962717
0.4466572127975846   1.215079729012384   2.5389553201701727
10.183044135172345   7.042247650890357   0.2117496854749017
6.072874526130088   10.398223185269858   4.64623776947765
1.9844034865557352   1.5241783574582068   2.0615848490516195
9.801409816244867   5.523093756835659   5.741551866987962
1.5511686826144861   6.358503124104926   3.5136692569007746
7.650274697883952   2.2956282374206705   3.2289029420197197
1.0287308658849605   10.258755397811123   4.505161058620406
7.763904258838046   14.338643931676112   2.2814687457079312
1.7185195380208649   0.18794857438232526   0.04072509049453643
8.07289684162941   8.687618060588107   2.9172166414394924
6.988584143069027   8.244768353368888   0.9102853555340673
8.878712492766555   3.256798658453616   5.922534162488404
10.803962522753634   3.828286400122164   3.7330273627195325
1.10961501054791   11.55140289842218   0.16733376659992194
10.725635321559686   8.153814142069258   2.9147911906059822
2.966101649904022   0.9271959718617365   4.731963002568323
4.963504403882039   7.236879500591971   1.0176627942143674
1.814696951676908   4.343899813811881   2.857231925570918
0.2389142959586099   7.616494284214266   5.0385063374061705
7.068657172163408   6.641211163381453   4.185069402171043
14.078122213061683   12.039516727437757   2.5834598704668394
4.012889852190774   12.364520336583297   0.1054755677668621
12.00333517176713   12.93303588585261   3.216628867967098
5.8318160339051   14.223827494255916   5.474687919834084
10.400024078955191   9.450252076298877   5.529778430551392
4.452909854475131   13.995893067863934   1.3262222037232345
14.383462747461918   6.1444587402473765   3.6748319941931635
