4.760493192975428   1.0588629319981089   0.2862920845356774
9.152856459909188   7.884593283335755   0.3132235138873771
2.3229353809267406   12.706288578835325   5.08303455811103
5.3283819605823615   6.841506485940567   1.67281850325848
4.558347366219985   12.199056892461455   5.063530736249565
6.629851610377999   11.606025305442646   1.8365152701898444
12.399704774577849   11.910108173670144   3.0111892487341807
9.689099997133738   12.982927464902874   4.105077128629847
1.0316722429523693   14.02814618879911   1.0465583034809471
9.722387204206868   0.800085847904765   5.518862484904837
8.841286352805067   14.212027361603266   3.842853745833411
3.061281613361853   6.022831285452221   1.247253286548891
0.32239814934656735   10.245084537353979   4.783537421251716
11.94579482820497   7.879615027035813   5.448128550207851
5.614165304423743   4.945567802725306   3.0301569161472974
9.25391477954022   6.7730048787689405   5.288179510399697
8.032621726074145   10.390084096886916   0.7337003632053757
13.731666731517755   2.3377133706847992   1.626950444833968
1.2797188433367306   9.268288454922985   0.9943152324444823
1.9577484481154834   1.4823667018103293   2.896081472732408
13.734232391894144   6.423912659990128   3.3912384893209593
7.7412663219264335   11.527329443210176   6.007507539509808
11.11396827235707   10.804250585806786   5.108367960393204
3.7723954449719277   7.781701815729405   5.490077534381932
12.532852218456775   10.43702478118281   5.883772789126217
4.469456881088969   2.75898963459903   0.13395213308716689
10.309479005327704   5.864970670591032   0.4667720028708042
11.540023449306986   13.28375951374104   3.980309988397236
4.202370521447062   5.506189868332589   0.4791459968387338
11.645749870960675   2.138933384680524   6.191297863563165
1.6139898191199824   4.929073382090717   3.76611209572326
12.412265425396216   13.906954583892855   3.7316013355333815
12.576688440682421   6.046086828823944   4.559644916076386
10.79858064078545   3.1292899059386783   5.367638217795493
10.269328901452173   4.018502760552282   3.712374703437183
13.43048204489522   0.9681975209037146   6.18221900571337
3.00806963268729   4.486375684958218   6.058036046283431
7.536742146270171   4.677749431450341   4.00954914611312
3.5538719019260694   13.174992231502634   0.3157613798472949
1.5281253682661862   6.36675559080158   0.8868285038199991
6.149409795227157   8.428973750432293   2.614535481708854
4.242948987836134   8.909631723985365   3.659498737604194
12.333501775482395   4.751815426721644   1.1004340787466083
0.08841884989998361   8.18318019684317   6.165959952780581
8.570886196546729   1.163327936875611   0.6449832647065172
5.440085527352714   10.288077870101107   2.9655955011328494
6.113631571408398   13.115076049926401   2.9480891418828223
3.7405036765520325   0.1961005709186245   0.2260747358656821
0.5038315722444942   3.5530875166875826   5.152091499130487
6.127163352719244   3.053939012466753   5.931393452378286
10.303324496369166   8.469737971128769   3.457327744954066
13.791185955834754   14.387619063650407   3.3344533048446636
6.641320613075128   9.70105030847838   0.40162502791423627
7.622607490408395   5.831583511146004   1.1871426908566272
3.5555359729289124   3.419013872665481   1.20326414100789
13.709487404707042   9.045086987110267   0.09722770204802206
7.02743129191463   0.7800020313846722   1.915762236487153
3.232392009895157   11.432334159036484   1.5232790294303182
1.0490891082091367   2.1652932890039502   2.178828334961169
10.634442369822368   9.567726922482592   3.767222680149611
3.97688039315777   6.645987949640595   0.2917781993446287
10.781257014239838   12.004661171929039   2.414023919451578
9.16626951072903   3.9373109058507674   1.2525541045599542
6.449065552189686   5.7143204372169345   5.220139657375392
