8.080772237767288   2.0640394165543725   5.146674924758103
9.588372831374139   4.352057061780401   1.6625845353010282
9.377528905881778   8.307686872707425   0.360642095579936
0.062087711559053516   1.3763840515172578   4.113287338465104
1.1163331145258986   0.3223037097944059   0.8956843478336829
2.505140490674481   1.8689518785615489   4.318336333871037
6.27368124108414   9.013748384015512   0.3328409278015553
0.6601631285419911   9.37611090052684   5.564308793771908
3.006859232111448   1.0070437771101732   5.380937560209314
7.74580771345806   1.4233257575826008   6.123589781632557
2.329747258393226   5.233733012441702   3.0550795563304964
1.5523794061832992   6.951389278514193   1.4055655583959357
2.561756425228659   2.7077414807256424   4.688674725916366
5.677236186831867   0.4922891573575616   2.193399279366265
1.7325992529787215   9.584153725827646   5.497691824705688
5.561021328862143   8.375526897188825   3.4382659051590383
0.2836657325211811   5.703353944923111   4.336353378705413
6.2023258301832564   7.65244929358658   1.1631232176120716
3.8390640870768906   2.2386391521693474   4.696526104783699
7.111677555027526   9.47782970462999   3.824465702840193
4.682960122270946   5.302189585562244   3.72596026722695
1.2106505742905898   1.5687116889838162   1.3515903671806793
2.980245845821803   4.451631630121762   3.238255374551113
9.638096644541342   0.19986012372631973   2.4755869572016724
6.441928269944335   3.8916755673727708   4.199996143049604
8.401845422947169   7.212389986702349   4.146740219020082
7.639750549619576   4.019104890467813   5.601076462718446
7.77437971822707   5.785034986280606   4.922033071116546
1.3311385446477562   5.405057323162613   0.812957650295894
9.715674791189985   2.330461031618579   1.327491807820132
4.8886030688899265   3.411837086065664   3.7965335480367997
2.451308339380996   7.05962405129955   3.8171339308038323
3.443383955332337   6.175717092110444   5.303941786003557
8.27079808337995   8.938494974970798   5.058481500788667
0.653523935458767   2.1682974424930674   0.027495102592641193
2.3015849696868984   8.932974124009688   1.3059220591182017
6.510099180044066   1.480444516566914   5.671288445247711
0.32484401088330705   7.886221471432212   2.105374049389806
9.609059987208111   6.315251689647483   4.909236394973605
8.320049019995107   4.751844257068713   4.720993107007675
3.9136616061494784   3.92779562200467   5.047611483714346
9.611158513890999   3.5183736327304413   1.82751515630856
8.515354455907058   3.745333306116985   3.454315420795352
2.7726618813362633   9.913966528531182   4.575968155637018
4.949891576615111   7.4531299108737645   3.377660270765513
8.154553365574426   0.09168701114711691   5.983550583132821
6.118032005856018   2.466717332943385   6.05724347590241
5.598695806839312   4.868591218679297   5.056101322843038
2.063488543445032   4.050165776089429   3.7263711787649823
3.2077354402279195   7.20024735061622   6.1383532788840025
8.897208505820505   2.6896491301424437   2.7986857287662095
3.8343341056437428   8.163716596340045   2.55829228845799
0.41935518506502123   4.693311124997589   5.0176252415294105
4.4774547888136045   0.23056972938583936   4.71239764221012
8.850118946785852   9.316820290066405   3.9477633234977967
3.4870454406377025   9.090113311282623   4.105985403740156
7.314696476058906   4.831242595966524   6.155610404546867
1.9119415374841089   5.861379579920248   2.2693322512004235
0.638639720202955   2.9079770614548925   0.8621647213919355
9.162085291797855   0.961442845870163   0.7733495602839755
5.983965514374616   3.1514788060543237   4.819714264381361
7.583148990821483   7.834598426370017   1.8957657782328112
6.29776032117851   0.2118679301395775   5.742539242107485
4.763144824241295   1.1060840266364016   3.841146579598606
