7.614566853681669   1.4878884265285564   5.7854944734349445
0.3474189064771062   1.6552218888243202   0.5478773823225782
9.116722044806462   7.15282112146908   1.74008998066631
2.628184116582266   0.2952923101030924   4.114762740863343
8.921572727856347   0.4358688943146003   1.2658580929338725
3.851351613080776   2.0996097111222647   3.640050233966602
5.604614634618068   6.258545660572774   4.798710524940806
9.365669632907231   8.79759869181592   5.690103517759674
4.960915407455125   2.5966313988351155   4.835202138742585
9.909262086201979   4.280609736161487   5.705339927247634
2.4689919808228273   7.593100513044706   4.906543138509088
0.5034891794654061   7.80322087638739   1.0759666906382779
6.67808628607937   2.063445680641027   2.5348383984275698
7.3946866153748445   7.55553903129347   5.9642010342219045
3.275132321128131   8.256680582326428   5.254000698233507
5.473679938348413   8.709250322341955   4.6862090123465165
9.828985299675308   6.404616990071565   3.429861294927419
6.4730761347102455   4.898234273993779   0.9726641758005148
9.821501209772531   2.9611012122339626   4.82043393861796
6.674532508702403   6.523639890562303   3.7721630742002548
4.107703699110674   6.072499696028554   4.850114568274378
2.024297802791515   1.3341358753064947   0.7692629566632561
3.7723755348746124   3.3258301269415966   2.3125937113147224
2.7396559726760716   9.1126142556742   1.8891237101117568
7.588864658461116   2.9459411487635694   4.066387818238095
8.355027571453018   7.341666257187695   2.3930080130161095
7.480424692885047   5.287969895852088   5.170575287342125
7.726511892611063   4.177530548902876   5.593541556493873
2.3269106752940765   5.669615833306435   5.587570699566289
6.906101697434179   1.0171678128434702   1.2197613753555712
2.768882343232137   4.14772499662299   5.344363457494576
1.5020123436401627   9.544094029242814   2.891286363047984
3.2507766913168195   5.05977678504985   6.086569456226882
3.4875062633281293   9.47833059626942   4.577647452190849
1.7275914205352196   4.657537382026537   2.6421689702836164
1.0680421499512422   8.558608977927735   0.3048890407351139
8.22030352873483   0.9229784016330272   0.659083168970729
1.885441107430286   8.370493444807618   1.6016998096717336
0.8237782396207775   7.08566229385948   5.366694336902197
8.97930628028746   6.170189411413285   2.5086870109318484
4.94000986831234   1.8633696061098188   4.038453285684195
8.574394051048918   4.485975288737413   1.6315941433492303
8.95987178338535   2.482599974022947   3.4473772102624545
3.233261762703985   1.5744257951171088   4.740251085057147
4.309197718630904   5.236215168974285   2.5470223458897734
9.717558104089507   9.928565876417565   4.187054290834208
4.4939869404191555   8.330404003759835   0.14888129196700706
4.586958863594521   3.4765534334557726   5.217790513441646
1.1864686474843238   6.225784913169262   3.8168091866596274
2.807008412471061   2.774017891344327   0.08065859887732874
1.9032916877532196   3.2228662786769453   4.685005939330918
2.0438440025954248   6.762495270471607   2.6204899173294547
0.6081802840235534   4.499587784310776   4.955998411537278
4.9988634874110645   9.542820487282171   5.646601935980991
8.267721331899292   9.687865451395087   4.885504872507433
4.735793713946739   7.417127224227823   4.918403150028487
5.654801754619115   4.191241368225592   5.870891907792281
1.0438878227005373   5.188447739604773   2.6063353623006065
9.06117189759591   5.343306319645589   6.2291082478239295
1.1833500243684596   0.7953204026292953   2.877062585126757
5.058907727319657   1.062645418566876   4.7223768916209545
6.090045395981305   9.891399457417693   2.1752888258702305
4.568531612440616   0.431121997286781   5.536429332809536
5.8686734100377915   2.4995189709297705   4.623613309605204
