8.045662906773329   3.2646243117638174   5.668247496002873
9.605379595780276   1.4603463968401287   0.6625549257076939
8.175015992880441   8.66508370570313   2.035336094176584
2.895554711702883   1.3474115694715794   4.445919565641391
7.767197649120557   1.5153779308842392   1.1513583606853663
3.950709672899093   1.6167517490730594   3.46513735629769
5.527448030750066   6.368258370339008   5.308506607619941
8.213180282556523   9.387731295751239   4.96666499520249
3.9096602249123196   2.835312315213924   5.1292928594355
9.074751622456356   4.114239365975101   5.62795282230181
2.8453736267938172   8.923683336932875   4.849359467788156
9.181777512447539   9.111640969976696   0.8405744838075737
6.426553249879006   1.7999442543541453   2.714753292610749
6.421716789619291   8.394974455871308   5.369636469279294
3.810228208402395   8.905811888261828   5.787828094281572
6.08416934813337   7.435121893525035   4.4140583695402915
0.8394097180460525   6.504104580720382   3.6628399237866964
6.3947395611999855   4.917238083812281   1.3845117803246114
0.6358229823257717   1.6182949380961782   4.175245033906869
6.951687939110953   6.554380924749703   3.9994370638876457
4.632256321946446   6.175736443464669   4.67167714677923
1.8435765910173276   1.771848693064245   0.7975579870807572
2.374435100669204   2.982678254003695   1.3191278519170457
1.5336205353273797   8.716949195684425   2.2783709820592115
7.074181373844398   3.4943085069873514   4.070265224099112
7.737180187646467   7.119197399858288   2.983624741843756
6.176373730322122   5.66869513582735   5.164818636773301
7.007645970173203   4.2362517875498895   5.018701945577999
2.6752375492469787   6.462537643445687   5.704143707227725
7.518521800077253   2.2865337841876676   1.5777562294840484
2.255781913684169   4.421643846848591   4.422162500255353
1.6002167439790194   0.03759157248459388   2.133965260908833
3.3375099063266656   3.7527779167661928   0.1750453117088336
3.086462190687367   9.859807394030096   4.094022018403961
1.3261389988946501   3.701402259932379   2.7605129361362355
0.9154018956458927   8.11960096908141   0.6536104180674799
6.328105559293267   9.830843767232846   0.6669984820927268
2.0260080728601806   8.166341037957737   1.5959676033377879
9.838766717775966   8.152976808884887   5.448839577593363
9.26826659175667   6.9749918809176785   2.4401220596535556
5.427340511377739   1.662077995330737   3.598009765125547
7.394047141922244   5.367887655794107   1.9619117759738307
0.010197470168070266   2.573777690435987   3.8085098674458004
2.4951812349236033   0.15784893382301457   5.101568785626331
5.703116145329038   4.711631025013276   2.732310514378731
9.223349783972381   0.21560469307427438   5.372059920925817
3.3396593267818684   7.441216779316748   6.179025029643624
5.1588514024878105   4.154618654344423   5.855354552132652
0.34662896414292355   7.321749930627242   3.4568952218910467
3.4092898694038034   2.1187513915837086   0.16678726027307234
1.6649491175093192   2.901656153900385   4.329833594371509
2.9295710394966554   5.470641788069609   2.430524205689196
1.0935064221207655   4.636597051457563   5.028704089590075
5.453421472200425   8.24647815804419   5.431929239080571
7.165570271758888   8.070028366536542   3.4321905380240527
4.416517953804346   8.330484172183274   5.855772464563259
5.426340993795334   3.323960306037784   0.31328626300896834
0.4700092535695276   5.230690637310404   2.295596131321092
9.875248086534304   4.304911375433402   5.893583541529218
1.2413085673379667   0.8017621197677933   2.960973298976006
5.839084879417585   1.0535428030406788   4.810722022274616
5.015084293431227   0.18300840234198348   1.2054864218625856
3.8849658221536902   0.5348598467027521   4.939364263482463
6.6124280382844285   2.701019544561942   4.7122555642829855
