7.484187529723211   1.1684718159113698   4.323421586324035
8.42148734878483   5.152141553595527   0.9943428696617155
9.801348605330721   8.011192623750743   0.07569640323106039
0.9960746072649342   1.7800102136916496   3.4781860269686504
1.0279551180395865   0.5343850202029392   0.9258773354589884
3.5508724661831668   2.8673077753039697   4.1393247643713265
6.482673935602406   8.615684043919192   0.33044119888594015
9.885361156070338   9.005707537695411   6.048487668324677
3.2562416541660024   1.7455892218217384   4.863394573473403
8.760825393394457   1.2886527377339547   0.07311046227298018
3.6025500010809512   4.493086032043091   2.7067094278347685
1.3893168902656496   7.031657393152852   1.49781737820576
2.9930188029285674   3.8979658904831496   5.309475588714368
5.059812062616303   0.41547375947545395   2.393519789576756
1.8869490104938387   9.374398397876046   5.78380935976392
5.404888677056253   7.997098196650674   2.7722996851818866
9.523713527155193   5.768493829462345   4.08324691634335
5.501930563179992   6.25453956275544   1.5750547845132508
4.413738085536988   2.9280187399045885   4.043042782921639
7.2150327214494885   9.549944357090109   4.2448493791627895
4.415680261314851   5.449340535739505   3.908263282498875
2.6307340633992573   1.0462120790944125   1.3594388901848884
3.7380388745300697   5.478548117943084   3.2091046145208426
9.774629769865152   0.10126611288527343   2.1837662390083454
5.933376885115223   2.602569523115202   2.977093030351863
8.011054546458386   7.529909161571903   4.313135911659325
6.445363404691716   4.461443525976689   5.591255966842541
8.312372189542183   6.442928162447334   5.536767509825202
2.095829619840252   5.162603890441609   0.049521295095952475
9.900571457143693   2.9517360813999725   1.4818070543703352
5.632186906669202   3.3944671862293214   3.714609155704413
2.560615340807327   7.478705095420684   2.9891099290469656
4.349216296859976   6.608366522755324   5.028762998685496
7.72659705190954   8.613503816590335   5.2349120154447775
0.8148583516062737   3.1341158134135103   0.024127587349077065
1.1354515065536224   8.085952722659743   2.000507118341512
6.499455506826623   0.12393856079274379   5.640577457926505
0.5086958402275941   7.064815476276095   2.0269670188289917
9.475219895601377   6.983507188735095   5.445731798912873
7.282137125965622   4.025720891434321   4.634903637492613
4.16900024314656   4.108669400841642   5.445468809024816
8.773982948816823   4.154088485131576   1.0582562961005897
7.903268051236095   3.5269143989287546   2.762971198882985
2.6702100258810817   9.793489094789104   4.750526673348711
6.07219914534239   7.649164666459061   3.401134327849447
7.96992886303291   0.35262827399479235   6.2290045165879935
5.074524881089783   1.4124699928792361   5.871560671233557
5.874038886626117   5.532926691440407   5.450011042501645
1.2368301300393796   5.099401506122914   3.604417052949493
3.0555168402338935   5.689906580319246   0.23281289630284183
8.45473500748781   2.6952570753272385   1.9623683905803309
4.382290797280896   8.059989412211687   2.9444382038801753
0.26447858359913845   5.240421248103867   5.02406623213522
4.27455617830166   9.259388463782386   5.24346286544214
9.07318883052682   8.395932061805704   4.129201368452078
3.8818278595235824   0.5915760188498562   2.902790186338482
7.450609954930293   6.031248200183683   5.892100604686547
0.6273131256060394   6.234078782447807   2.0371971725586926
1.6354716718335078   3.7448181477392355   1.3508449743890094
7.697347692220018   2.3685659863440383   0.9349863169466246
6.876211621076747   2.3254553858748688   4.325568888273506
6.856993773030139   6.737202445327307   2.1398258086963153
5.7504966572635325   9.580101124857379   6.007826415784986
3.948961086264161   1.7211611439226195   3.820715197316434
