6.047676003499297   1.853045989726139   3.9343955461969045
6.875115780288571   4.460486833455386   2.2391465559328596
0.7697528343248046   9.782687858907659   5.437528250900439
1.034407688855911   3.4907473970847467   4.1997530206269555
1.465374843593395   2.034240042881902   2.2165239112920996
3.0827445905659965   4.114135786551593   2.6809288819701607
2.5743421116873573   9.752813770887187   3.0732641461112737
0.8783513777865108   9.064965039291284   0.20807846683890469
2.75130950255938   8.775225954432155   0.46608177072055135
0.3900952374577956   1.8775882730639815   4.192170477365688
6.976115292225783   3.6016142601302685   0.09617182268228132
4.516545402613456   4.828777592768028   1.0769569378163764
0.27057016247363613   3.3309082729136983   4.981813586701531
5.717803336214311   0.9598648522752214   4.907813919677231
9.160776588822962   9.200859316006458   5.526384076392262
6.2143868495895624   7.2803325049092065   2.3503900665167388
6.194558020964532   5.415616083754234   4.797720603036944
8.032618840660714   6.965847778010762   6.2164529616274455
4.942201912753728   1.5746851421696375   4.389998792625607
8.75256625215193   8.103289553227958   4.733764322104868
3.968516193293171   3.1518892750379734   4.682330444599931
0.5616118596529454   0.6550961808900919   0.8133588427573701
4.303504992872872   6.2026374766988415   4.733761381339219
5.436826641227459   8.411043883715962   2.5628443352214965
8.616991101694914   5.945238297287405   2.8187001394148767
8.18879957902881   9.103691602035365   3.91525297368622
3.3880027293868875   5.28272719361354   5.243438103696674
7.762051735809465   7.770569404540228   5.950462774814417
9.836377366345962   2.601012536284277   0.2956876105804077
7.957006506445624   0.5640496901031696   1.0641774569169766
6.089865254606048   4.0989716731188   2.8796909274847735
2.7005622653248498   7.905633931054843   4.200534851852819
4.546630293702381   6.906718198304791   0.7227969759094727
3.619452281479363   9.566398555631476   4.820159669434938
7.803330083831332   3.094124684314707   0.8437777985431159
3.535807652515717   0.5766325017573726   6.204270901141268
3.840526638910297   7.483445440382116   3.862381266964877
9.830970020821601   8.485518880977725   0.23553703006708757
1.8136578187611048   7.731890433307817   3.716805168797988
6.5332778872006365   1.132895570079491   2.8324537522242137
6.8054948232004495   8.64659748404877   6.15056243160477
8.357044262549797   3.5661494273151586   4.025799427337796
3.715102354816258   3.9259630095151192   1.7245227721647223
4.554543589356411   0.6517882766614997   5.5738049594157735
7.227828049974559   0.8551516040151175   3.0421149731189474
9.70469692800215   0.014220520564681927   0.7264469134876562
5.052054354422732   2.685129437144436   3.5997045440957347
5.304724680279581   4.416221687075346   5.171402428348773
1.869109532812725   4.679230186597369   2.3533123348170393
0.17044335219658852   7.543339102199603   4.608907063244461
8.606276190525557   4.254822939854012   0.7510267271216624
3.511270015297011   8.941700736593992   1.838806033752497
9.416007236281505   7.3660556944491535   5.384605146186357
4.6380421698776475   8.412608788650244   0.27517031391734503
8.366121746790261   9.857878921536088   3.759482732117076
1.8909465398668284   9.224825628799186   3.541802855246144
9.108018759203292   2.2718969441179393   0.49394701712966393
4.985990508704461   5.6185543287161215   4.464369957965089
3.1047636268081904   2.3826261916683578   5.487698437447259
9.301938441176542   0.862480950894848   0.8644903868728713
7.338224469003313   2.2245579237990976   4.038935237302025
9.559689089997464   4.480560104929408   1.0326709142167432
1.7763208699815138   0.4813570136079144   0.8495618947171863
0.5365306616751293   4.779315090518527   5.066798092069246
