8.84514604766382   4.730235480570015   0.7622456594413994
9.488523621294814   0.72408436819038   0.2576220654401604
7.863460550235344   0.9906379665047236   0.6807400839067976
0.947704281934096   1.173671017558529   5.08365814400325
0.8190123798602554   2.5260556465010113   1.3773847800400156
3.122894721890932   1.7782760285884165   3.6261213622524613
5.481916047233193   6.479937290719923   5.594152333180609
6.281024839001394   9.10940868815946   3.7651524029726153
2.30721730374785   3.1796539751815596   4.06510292641463
9.505575647878599   5.677594088293814   5.965732648657823
4.726125639962115   9.621458276964098   5.351718248868091
8.494306625748717   8.463171729603294   0.38379989447934515
6.813701415717048   2.9668066683984917   3.487897709268911
6.218764102804964   8.238126679427936   4.949286827157218
2.829105431956431   0.019863761635663835   0.34442970181792076
5.015174409746055   7.699557492892197   5.5200817531380455
0.46246153414684943   4.265597425599802   4.465906393005262
6.497930754866279   5.319785320983443   0.6170075095355118
1.480222860653583   3.0204560247010375   4.282492402151576
0.8405408606172181   6.979046039988857   3.513730114673798
3.730690948699567   6.469781477323808   4.587039345001986
9.830757320710566   1.4466587780363642   0.9902405207391511
4.292154802128256   3.9786855940567123   0.8254782112346728
8.174495182233692   7.826693247729474   0.8963843351960571
7.683757921764996   1.631685402564448   3.78010706940575
7.707034317496117   8.76514668747394   1.7426037686106848
9.570579672973107   6.476510645519494   3.76424943004979
8.251199241910497   2.8885765269314962   4.987452287168423
3.070896063034083   4.144993962804901   5.191772531383739
5.717951408109682   1.4990905684443088   1.9032620947607737
2.5226382631691213   6.3427465133519405   3.3788196414424663
0.5098606076355108   0.21009377314043853   2.1018935929524014
3.4484451740182984   5.8516255448859305   5.851602446116086
5.55750902848883   0.3322024404713114   6.172959126319539
3.573773155291061   2.586700571746756   3.0253698051970312
1.277362142267744   7.623192829792683   1.1705759821785353
6.325085479900432   0.051607650239889113   0.5386048515137382
1.35202448933069   0.10170117749268853   1.926380081051418
8.969297227053264   9.250608301191981   5.132690017525249
8.713681465257267   6.259163325339215   2.4348945095172896
4.88243751287236   1.316899947295028   3.133862033476047
7.354218365312511   5.019705825781269   0.6957116241480225
9.546535865805726   3.402057232747321   2.421597798224152
9.163028602111707   8.470312167731517   1.6680062530008746
7.580607826388909   6.83156286731577   4.000045554768403
9.90029821034903   9.410244801984199   5.7433075538463205
1.417850085672157   8.891142366176476   4.409527214164603
2.9203314406283907   7.245546222253415   0.24137389662171846
9.328029284264035   7.63352180006689   4.503046507246147
1.733428548337951   1.9084095826843315   0.2886656482778645
3.681732883765982   0.05522752039437151   6.161186196555803
2.1222190620701227   5.537640009777263   2.251600638326846
8.13015374495376   3.969710474930652   4.0228836228087035
4.081822992496116   8.050705303440989   5.572169838611236
6.7046541868116964   7.151287276692816   2.814321703451792
5.484873598510196   9.138433178343952   5.272969255544404
4.284793106253431   5.277743109204821   0.363305693136211
0.5294985493424644   5.811272777522969   2.251974340328741
8.798049803909631   2.0655865043107795   0.2594521983012486
0.26036312298594433   8.562252135893365   3.7662771978598286
8.152674930535696   9.51119038353555   4.876119929923212
4.063967548306926   0.9524112811793697   6.142192104511782
5.943772315384653   2.3613657010892233   5.485952108320341
5.76352442940211   4.707950338784612   4.591404648860796
