6.764758663454176   9.737357197646634   4.175108663993951
0.2813879176591538   4.427792342617966   1.7335776590595047
1.2118504154321887   9.380057163784159   5.180373317733622
2.2080895749063405   3.42994787072886   3.180301366538405
1.7969926158640264   1.0810316536114966   1.849887530962331
3.116843318136876   3.7262349708894935   2.7621918157075953
3.894031064838888   9.873735340510422   1.7525180756411243
1.3336931497442497   8.151312043425182   0.28428448235530346
2.7001980620875634   0.6243091096938628   5.891349204176322
0.6521028357833646   1.9810349956678668   4.210817998568293
5.297639089899656   2.9168291863286586   1.3506931523087735
3.3080314664150716   5.472395818522934   1.3259089583040915
2.2058713839892676   4.599874165131654   4.592563866566461
4.55592987804237   1.8401781654932712   3.880155845917332
9.762160333464188   0.3682355149985817   5.338466198041069
5.935361147716914   8.528365966631375   2.567421472911386
6.197688682878006   6.596229443326078   5.494150421647542
7.6570466380855144   6.538926134031409   0.6406415170356634
6.685218359147213   1.2851956160075484   4.908618258805001
8.472940892331165   9.678874837613776   4.709289888848609
4.592631444528931   4.067185810512756   4.186182689192663
0.09344145217816902   1.5953918423919242   1.0801953580959307
3.0564840458448446   6.3825975244167275   4.516091491464204
5.066032294246376   8.771218848456193   1.6580693905623127
8.51880480913036   5.3708951777292   3.0444476513286776
7.618086462769436   7.700166896175   3.753932559724905
4.302692984843986   4.88713169831393   5.786785718138237
9.039586183530144   6.644812101523946   5.8401746318163035
0.22270871258709413   2.90472735138514   0.6235333733793443
8.2028095507056   1.4645249274171959   0.20376088729528777
6.1788860043154745   3.427840144335345   2.756502619408808
2.779442544370103   7.690753670666295   4.138297151498189
4.930471998201525   7.942059062995229   0.051913451276108746
6.054959581824243   0.24053732784935655   5.632199549114697
9.255737019204897   3.2589311829285954   1.0111513943467367
2.8092831130550566   1.3607030743131436   0.6456754556781092
6.6934600704100875   7.448207111119537   4.071278703455174
0.1016538257864329   8.069438828089554   0.033896396679647084
9.565984698051116   5.750456139406632   4.106305838536712
8.749493198625926   0.6935652869448616   3.1482808534780893
8.355878785583304   7.357266655475515   0.5614333492654052
9.15110442587305   2.4130054295736283   3.7672622563187974
6.620646188466254   4.923896682256206   1.6676624381136966
4.3948848213463805   0.9963420718796256   5.810135227873477
7.421603609164677   9.223556469309209   2.721516361007207
1.0384548323477052   0.2033756038993193   0.4236884442643246
4.14921189356587   3.2736282558718046   4.066677006515053
5.179021518487385   6.522290996673529   3.8473811011372048
2.3792950887587394   5.3333852103330175   2.743712824404536
0.4850074771086697   6.987564759231002   5.330904445420851
7.325020992677721   4.002234464931   1.4662465004061787
3.2170325809954945   8.378267174015967   1.6937099331639156
1.30009397089992   3.6435082772954126   4.542724392953974
4.567451820194748   9.386302141272242   6.213078408309084
8.753020310549035   8.494099964302608   3.3095092425893355
2.290490163877385   8.706274901250891   3.27380224947088
8.191199049023613   3.0309917497115997   0.7815728308837722
3.595232655493926   7.107721675279279   3.414408708112857
2.9029076881843947   2.537450823454305   0.6006440068687807
9.181912915958737   1.2958107868995976   0.006500593804133814
5.615124341231994   4.116613587953634   3.9933793622765124
0.5678908220211568   6.020111403018898   1.2474100375109025
3.625017448514358   1.6519735113930254   0.7039229742305037
5.589974345188629   2.1775981806029137   3.8319370531900017
