7.781721271864789   2.165460150485618   4.962541706964908
8.709387761568774   4.188724326152185   1.7482505782691924
9.650683717167817   8.797003834709859   0.20287945018766376
9.535760616979912   1.282521057573157   3.9581592058571684
0.7549967962858983   1.5540129610101512   0.6454235059692908
2.4285850040160817   1.3219767570710452   4.454643487312495
5.826525090129211   7.079260510014151   5.734532299457334
0.2553398998096448   7.918188875841764   6.087574711881333
3.0101616473966235   0.6717197314473325   5.118858896778055
7.635889851091269   1.1051205611061552   6.172511147659102
2.709815856942977   6.005954511029163   3.2591571285236425
2.0286937017012145   6.65375646565392   1.8528542485153903
2.0246128042284677   3.2618764762853294   4.3581826606624245
6.0814843871492235   9.623259096622116   1.6816016993451335
2.1701777439806476   9.094150890446336   5.723925874547548
5.444699113855821   9.236076479774502   4.736848533813904
0.4452810401335284   5.341575982624952   4.558340475810031
6.345703470656181   6.425771825287905   0.8359273548056976
3.759698183355515   1.8948567871527346   4.34542451365666
6.557360870982759   8.117390995139706   3.618632061528645
3.792026768415948   4.866033684494319   3.3715061140182527
2.3686707117215553   2.344821807295782   2.118538899647394
3.4969085625153897   4.0220409958833   3.42342957007199
0.8301269504751889   9.879252099268578   1.9533801566322468
6.895604828142002   2.663373792896304   4.658446690353126
8.524980614327607   7.475247581003131   3.086904966818534
7.317271386368928   4.6198877553985085   5.968023001653676
9.311922687856232   5.924931752333766   5.589047904690571
2.071168558593414   4.524901854148436   0.8212866595388496
9.742568230646947   2.3794761017746966   1.191941454931682
5.042013918281417   3.767020808904409   3.7368591742939867
2.249666068354277   8.02745093381235   3.3933571854174622
3.5401663256913785   7.500622079158602   6.066979186081137
7.736263190500166   8.208547395356266   4.71235328400822
0.5439633747200706   2.6520744617676137   6.12315021896302
0.8574030969817062   8.488794077705306   0.9677623911226485
6.749875471045078   1.5542133941073024   0.46292363099741385
1.2224589865583508   7.566533301547005   1.7104274632245733
0.20411109263876576   6.620565726010375   5.5411679799813625
8.557250078106476   6.418916744652467   3.8402342493029993
4.246190223727057   3.0057801766663763   4.721174567470944
9.77252033465887   4.488760905906496   1.9965904526699394
7.512658234762214   3.591270942359542   3.692692592403328
1.5244238592667902   0.5802592717060869   3.99917132812486
4.652960813674138   6.246791349730129   3.4925442601062606
8.633499850298499   8.753693175669659   5.28235202433751
6.180605172464791   0.7388969006283064   5.9285883353692155
4.9723140553311085   5.09766068908182   5.884875359674171
2.8322014554813415   5.101624471069339   4.419952709372604
3.7471713443106265   5.998439954502333   5.775272108388411
8.773554075922727   3.140841667268553   2.8356041206427443
3.9748000357449884   8.821822130585977   2.595626758674112
1.3390750805749412   4.857741475142269   5.771916899243377
4.594218844794107   0.4039417564651395   5.488858089987757
9.000257483994282   9.555182931153   4.622629595650334
2.9987166727848593   8.353495057372028   4.314478469808403
7.82546964594161   5.4319165147589   5.751409385576844
1.1448151369377961   5.803395315998909   2.2583012298955034
0.38880730843282596   3.601272751107385   0.3390676666303197
0.28547861538327446   9.395337734896495   1.2151043700133164
5.824748292903373   2.4556014604412164   4.977559278554244
7.54908811753374   6.400515414898505   2.4150693293076038
7.487057682529653   9.694764298309806   5.266776647696506
4.95292537694154   1.3730179606106898   3.913727617945414
