3.3603497369737028   2.1602479005576374   2.219992243374686
0.0665281156582962   3.2716044860928104   0.6726144955531169
4.51129446123466   3.63542347193117   1.3590069679495966
3.1923039127014587   0.9956107881488313   4.762012755364163
5.071771051893138   1.5757142668052113   4.598272786171174
2.1762298882195132   4.105997146581982   0.12166833429709054
3.333843422464951   3.4475135129411414   2.8058805841026766
0.24993056259964086   4.3313342562466115   2.056877080159174
0.9998579997743708   4.341234797242254   2.1706109910277744
0.24076049661693688   1.1470771483282856   0.31071605950112
2.3863398787725854   4.864283460044007   0.8176912807304111
5.099581994968363   3.8924466074929347   1.4307854796227786
4.589233557060204   0.2855411810020733   2.6538504598822
2.7439445949195   5.086523408940474   1.3536858045508282
2.5559976572973406   1.7161144786139415   1.094182056892583
3.2633868842970037   4.644251792043524   1.4982112780428933
1.6843703200253906   2.4435368123165517   0.1584869876154711
0.4654407614033158   2.6326658462422277   1.0113097994148579
5.092846075755449   4.185329426759849   4.836785505519453
3.9946429677525144   2.585415403080979   4.6900011077083565
0.9443824038409543   0.9319588718498311   3.6004788194884334
1.0618694050524664   1.6073997505052389   4.564071002557214
0.2711363335662518   2.1429567748038076   6.145269038926699
1.9979750787435675   2.690869849914813   3.1719444371442576
2.916001484375459   4.921328088896253   1.3886635996571974
1.9941538890540165   0.11487508720190517   0.2858327697647405
4.2637374480597   4.391166211201943   2.810290522630087
3.513600423830977   1.37544243363465   3.7658403765717186
2.7424992927063028   2.4146549356846285   1.2276974996041703
3.5542042654933894   4.4503355642864575   4.91940923084084
3.7856433611007088   3.486745388189043   0.17501595053936972
3.244514447409698   2.796057767633649   2.267662545981115
5.272847958904102   5.048904477395854   3.6920136348243786
2.245628401524672   4.737161532054368   0.858594062412034
1.4362948032725291   0.6356818153946803   2.3938634102324
4.439964262694673   4.30488135457701   2.8276443565202105
1.7002751943515237   1.6896794948049347   4.7096291268108335
3.626215941520562   0.4147352099968553   4.266197186582402
2.1513275203709488   0.3286529371377078   3.5775345719555363
2.914169641833235   5.249790765983763   1.4892303636336812
1.1882275318672713   1.2386551114093522   1.0322296154290946
1.0669004350373192   0.18454290953495334   3.8001205593895353
4.545738932655638   1.8293951532882387   2.4025806729784454
1.4659070373136829   3.1587475330574883   2.854121235466836
4.415610147797011   1.0596538329537177   4.299466401795664
1.4988804978838464   4.775803005373872   4.523918595735856
1.1312824207079508   2.18584451285035   4.856148817268415
2.7850369383254865   4.187541343407389   1.05173032503388
2.6815327759882837   3.659157826641684   5.001409545138862
4.9819207242558115   0.47031743523326286   5.945219719043044
3.9296874810419062   1.6978077551064346   2.636348253271436
1.0386809577258307   3.2017194416665835   3.5884263934171634
3.372355351154984   0.14353203641913748   4.796070293907569
1.2286387808891825   3.81890207506294   4.7585997041554515
0.3003580701306288   3.302291236199008   3.900136048755658
3.796589429586114   2.078709821382035   5.757109139853255
0.5031626895502617   5.090747588296759   2.9657929327856127
2.2359654030530596   0.9644269233770908   3.8287793458043127
1.108146687274998   2.610313021380208   4.488508475098629
0.450969546722848   3.7812627496026145   0.3601807589481194
4.872231603430904   2.764445039926599   0.25271129017335414
1.4366056837184962   1.8697396709821663   4.580066212623058
3.5270268960092395   0.8599730389715233   1.6787286360722504
1.8026454885824312   4.267947407514026   3.8544878623685808
