5.2238200273736375   3.1337284834387913   3.075881019912948
3.950959695274572   1.4074684392863048   1.8524332122299945
5.177548574050949   3.7522656971816097   5.8734431035213
3.998213798223928   1.6866466152786677   4.686406921853846
4.488411141745194   0.4915851465548453   3.370660610375661
2.4722085249586145   2.9351043162847024   0.1916378591237634
3.120753141575185   2.222724847747747   2.4266004301753394
5.2109605240739505   2.383963453094921   1.8575932953025118
0.9358424459303196   3.5144384205007833   2.87886954569063
0.9815077775699838   0.8682981330361165   1.2862524596694458
1.3097891652876805   0.3543907245463155   1.8074024615598023
1.1776315260526884   3.1532287702946276   2.8371871652909677
1.9068176644465775   2.1805553294973943   6.1478610757834975
0.5170830886505532   3.931761245707718   1.84169982415427
4.965066194086177   1.5675654012950302   2.5995252216985882
4.076420527229394   4.207130176981847   2.6086530912982018
3.7399282665644855   0.6071869866266661   6.269194451733644
2.755158418837018   4.977526788681296   1.5498225592627222
3.2951228771480965   4.551922574515078   3.0835755594123366
3.8232138848388675   5.0893339956805335   4.009603484104783
1.4714108638240073   5.21327009964095   1.9041553432092089
2.063169768956274   2.934676128552315   3.57218285419343
0.4469329248386138   1.5700695297904075   4.806648185813325
2.746669874097052   2.830342476689931   3.164091517713507
3.9111296305819834   5.219299778420492   0.9251837449139584
2.985712269334087   4.082591263947156   0.6965558216281662
3.862403052979377   2.61204129216949   1.1941067873266664
2.522948842607331   0.45749748506604243   5.013436187829321
2.401791874978771   1.4992577601586765   1.0244247704963245
2.606677204115731   3.8497445825781234   3.0836206242406328
0.005524281777835427   0.010585703755280729   1.3135134159087216
3.6518132749773753   2.042364888506435   2.019986454070068
0.38248995997587004   3.382397525360546   2.898871284913714
2.3717095657084277   2.6708897136160448   0.1974393768748211
1.692569149549708   3.978919458970746   4.280485441915391
0.4746610654246092   3.1171703768926853   2.839536886268327
1.3055324660757863   1.355629000824051   5.420454898301202
0.9334166794844011   4.893932115615873   3.1327122041460864
0.7451271760407845   5.153423729562494   3.243984005650754
2.211387793572043   4.845189206377619   0.6640229106078211
2.1468952739687013   1.215657280787115   0.506034228634163
5.051015279763982   0.7770787440307547   5.363106331286486
5.116465334568883   2.0650622686909643   1.8572478105213992
1.5640025213947555   3.4603285427530954   3.311023844541354
5.138390850228441   4.982507172782377   4.206512329412887
1.5808932637780297   4.741591467960001   4.435047534619335
4.7038064395847625   3.830359328383731   3.3020670603672615
2.9792761688779468   2.3918670673722837   2.608335889715766
3.9832431765888936   3.492551955276223   2.2061256290458524
2.573981308532675   5.113204732865232   1.5527087236059764
0.15385234991678326   4.474665118655982   3.112982187038816
2.7536865292813033   1.71453439108417   3.8912489438627818
5.062136753125496   1.2821867800311613   5.361992871465684
0.7260467282572771   2.199263509214296   3.50681492990851
1.6278590469211214   2.1668603837282148   5.872756235487304
4.5148382964172225   3.0481871787185186   4.96210048864012
0.42230021870689927   4.511357632227589   3.0602322859202635
2.221500155223762   0.10662307692473327   4.816535069941127
1.7934795653687716   4.154392539724558   4.167993629719191
3.4588325642152635   3.538874957367557   5.834728711296324
4.489085864548245   1.8559266116269186   3.5389719796312766
0.6235134893099614   1.3121263887469743   4.8434718595579245
2.4704768444715306   0.7714029916407196   2.323116801497054
0.27780040853278853   1.6987007813099413   1.747659214862304
