0.3216607828103301   1.9042070615417728   2.4375618270636514
3.7998357421469806   1.1890335629769682   1.6241704841661153
5.1568687665306365   3.7253800041746494   5.723979105093166
3.608169167964156   1.7016021790987643   4.6501434411382405
2.9727916343194476   4.535570972793153   3.3590852678850878
2.785081390596157   2.3589010862722652   5.942895350759445
3.1128149486563044   1.8977245089494417   1.823203542983779
4.6146412608232845   2.6209244452547105   2.216829314326673
0.12137211225482458   2.2325259353260978   2.296756444023793
4.9251877788275085   1.6925988510335495   1.5709728381438974
0.6707355092406155   4.934500120870553   1.2818127171059446
1.7428132791208695   3.3256141584868866   2.8619244242393282
1.5557818755208457   1.920721491999372   6.046944271160862
0.9233360758190421   4.3366405501041   1.6349809024754094
4.5589778397761025   0.7956088558809236   2.4327232347278183
4.332739165583271   3.022334097509884   2.0533650888617694
3.274826388483628   0.16799740269977337   6.1150739870223285
3.6485934201917227   0.6063941658923062   0.5105232744756283
2.720195552560851   4.6993735551793145   3.18746711762629
4.9433725548489065   4.413652238642371   3.64039173512683
2.95158760198696   1.1056059508771254   2.0778753144408157
2.1714893141473186   3.3613635937881314   2.3314397730939214
0.28276917860272194   1.3632491778662394   4.996454781664509
3.056665198182845   3.7133504797707326   2.663386876184746
3.503480976294204   4.902760176290341   1.5678318371402673
3.4398809064288294   2.6091911549884603   5.892377083431922
5.258329276426963   2.917002026769712   2.891861046804316
1.9343952676232075   0.4689794459231515   5.077177067155555
2.275218141186462   2.1607667431878252   0.6601074259113635
1.9946583195632996   4.459237408263109   3.6009687608008063
5.042145616901973   5.221625577891106   1.0393785726792972
3.0858795307265456   1.6161194478866547   1.4490376778172822
0.8751693557086719   2.0374369843457973   3.114539358636449
3.427164777184066   3.3633882859896134   5.9794239828636
2.338197452398492   4.324020807686604   3.425234699270409
0.33392866359530626   2.817536114540714   2.5383518928733055
1.513275147551893   1.3797993178717525   5.093682416905945
0.3784875153971678   0.20039060648329132   3.4644437291959664
0.3660847885310981   3.6948580928409087   3.0095909928269524
1.595237303556719   4.774372448954172   0.42928133461790696
1.7701234125790977   2.4202718770907605   0.5984475987735208
5.174516808106141   0.5896958157269572   0.03646163064093244
0.25146342495261076   1.0602661692187816   2.109405148114272
1.2002873441929567   3.298280871276531   3.3258485234503348
0.8285598263772324   0.32334592074609675   3.8622954242126135
1.4142257710056474   4.633550323910645   3.7376633544977604
3.7223576933796685   4.425179511596176   2.0052122420131164
4.226800889106275   4.773480884514315   1.9476524885197743
4.172560071483283   0.5575440275338192   2.6516090751090764
2.1142320676607174   4.897073403801771   1.3411894108049471
0.0905276156086941   3.7622162176549097   2.7253758435030337
2.1943099178000565   1.70948369674446   4.245601131370503
4.589290855516945   1.234492400534205   5.245255031820132
1.1884612941614798   2.0732393890688217   2.9089635547778023
2.6906744329921515   3.4656281252475885   6.013349608723579
4.194123081562884   3.3351851713162586   5.116202703869413
5.272975627989172   4.66010630195636   3.802246965381576
2.6609203469371856   0.20909510242770912   5.104217691991796
1.0780365982173894   4.151928269588422   4.733989992192344
4.233961292209906   2.6322050210618766   5.16540830603269
4.033161172511369   2.0281075841677465   4.061423604674871
1.3585284048907154   0.6748475826233464   4.827902428433277
2.539220251538226   0.4391029644043698   2.230549944349477
4.8965014007062075   2.1606493927723456   2.022093268502985
