8.255864767180254   11.258718681699728   2.3475653951576376
8.065077161414525   7.280311448644666   1.58191310735087
1.6894228905012652   0.6569797755271927   1.1908667986723336
2.649527842638455   12.357956079616379   3.4728466131777442
1.7647431325772094   2.661909823533688   1.2316075240184539
5.644107160757746   2.5270026809816293   1.4191950139792355
9.762443914648399   7.444999259590767   5.514688832680304
11.298685024687044   6.216883323570043   1.9251563070540438
4.851044830296914   1.6737395686992715   2.184564112293267
4.370645602936371   12.086424436754903   6.202411946255757
7.7981035357986626   10.167262284963039   5.186035834133566
10.059258387502824   1.0981118713260511   0.5284964591219705
5.599765581602801   10.763437503272797   4.963164813933826
5.1417299422443605   6.528920161821803   3.072569369642445
0.07404906746512407   13.426357473585036   2.1226206924729056
5.243962234449938   3.6972119460558455   1.5760976601031247
12.33757196523893   11.233254082598721   2.572215498625228
3.8489812835765527   0.16119768191470552   5.943958173602057
11.050678995213714   2.8718121732818482   0.27309442799717404
2.768362409886339   4.199093555315834   1.4874323877967406
10.962706707087431   3.918625521200733   2.078600638578674
3.86560378712476   4.432591179628366   2.6911014073663364
1.4554114941029188   12.13290085751969   4.943362090300909
10.680011100496998   12.792578742441144   2.9189160966181715
13.169305429314983   7.413757652957919   6.168343784610106
11.240039387700431   11.81684793932456   4.800263495544449
9.537709688923355   6.0063306161686425   5.488427738945658
9.81845018593248   9.339946852537919   3.0673393638186126
2.2301047220645134   9.524457879904626   1.8827936054976455
8.122117324030906   8.634589755635583   1.563491354091218
9.600602251324368   4.6451542038809235   4.3655186879941
9.597389970883738   2.7407648894994914   6.150188475873387
3.7188930831954337   2.501833343798229   4.378202690321305
6.822445816844011   7.5859297039218685   4.523566956503467
12.139245166308054   3.2358723027237777   5.5004292558301024
6.476975635915365   10.0147110179888   4.518650517401902
8.54987099553015   12.685056475219858   0.3462460086158209
7.031738849601418   11.733468570272192   1.2288608354024633
0.311809145068663   1.0123114383302445   6.165737716395188
10.538364444841589   10.448311184861907   3.8098729023547375
13.472130851074246   12.986413436935736   3.1528842871841682
5.783325091917966   5.136511363744788   1.2834420922319556
11.726758577450436   1.796848297096857   4.22832684431774
13.69277910665875   8.523093502141982   0.9992339454137322
1.3491550101785519   4.824060980375123   1.3054999990263982
3.6964908751480343   7.729465003197117   1.2124116067604849
13.751467938027096   0.4967900893100532   4.054217418382625
13.603215996370434   10.408388557101299   3.094631665527633
11.620684532353408   13.728853591849775   5.915283731261068
14.239707410600312   5.086227674788075   2.826113630793228
2.260308870349606   6.974924868311195   4.374501540919536
0.6216511252951977   9.404357049642178   0.37094068015099485
8.514464702993918   14.150400715370433   4.886796043875645
7.456888438552455   1.0951992240791855   6.111087582962635
5.009984216648131   13.90990513279852   3.2771258251142017
5.543198164036364   9.057560314666478   0.42482816618110664
7.528135385895069   6.098960232000109   4.381558172512427
7.660452920796892   2.9783215657419047   5.947917854036971
0.13721349091678808   3.5256845345216314   1.6758698939207837
9.93624846895171   11.330755243014785   2.3984164674098887
11.507984450733236   7.49761718092288   1.2024762911319846
2.9166690598784806   10.527444901598253   5.757874641951582
10.700798612394403   5.284926686804369   1.6194680256343184
2.0770553469861874   13.193145434531466   2.2570630963986114
