8.781662083790682   11.231428707945705   3.5390130634208825
5.485732388551324   7.538686050448395   3.389128019507998
5.81788849134164   2.0679833080192602   0.4014961274504045
3.0696359540641236   4.484592422174228   4.110559069796222
13.934263094838135   7.476930328895262   1.823075325047452
11.228029900248906   6.432149192982708   4.152016079877015
3.488694072490497   9.610979408062798   6.2779214065312505
6.919718784583514   2.653665706091606   1.3517734789578202
4.209630922751597   4.2666340408909145   6.003883622240921
6.246191750369326   5.408323190773965   3.5930531134335313
4.9760356058306225   8.84585188748742   1.0926236398732845
2.9303317709979586   8.32618916337571   4.584266184727534
4.719324863478175   6.066115247607987   0.8302695610155637
5.749750468904242   12.919560382820528   3.7184381481556574
12.47357832798442   6.225439919978384   1.2394419677636266
13.573338680624252   11.104107508663414   5.793999184341565
3.74409044595428   1.4430662773654   4.424629171581953
8.82165149991408   14.164648647936659   2.5225532652663265
9.231129953071628   12.726924726582391   3.4661741357416664
13.683728793903644   1.6224027334379985   3.3205502468519916
8.037801675875512   12.7156711370478   6.123646652225412
8.027015174469874   5.5012026741153415   5.826438559263579
11.412167082411898   0.6827623263075226   3.4740528333662652
13.360869787200807   9.790356774757203   4.032537970733762
8.230392580958586   7.051701372462706   0.7241992851799338
3.3461514571386366   13.219803184359497   0.006958221975892465
10.036020895979432   9.052427388790315   0.9165236245650842
0.23451703460365536   10.606754736242054   5.061105611236947
3.8480073330904077   7.133348582268793   3.0997405709010226
4.970856368239367   10.262464959527497   4.564355739301341
12.509898657737375   3.0783922658337444   1.2513318558434827
1.0935501791924236   3.347977936787022   1.4654931060407235
13.195179819437088   13.554489469442125   4.709700050362398
10.470692146222172   7.291112804115998   0.7684618573630121
7.506910202120121   8.604523330113858   5.907323922733643
5.421351054247708   0.8378745390406652   3.952602222128549
12.349860518710086   0.2839142113649969   2.885901866468918
2.4811016502284526   2.333564786937914   6.04990434996806
3.392406873620767   2.8440130411321505   5.1891945083808055
9.293937345114255   3.6322634330961687   3.352093560219001
2.3712446912413854   13.837789076516232   4.098013300640641
10.350004184700808   11.11324116316017   1.9940020949450443
10.308596916753935   3.3306655730625137   3.4579010708942413
13.691364884275172   6.4320667060061245   2.4352425807873157
14.26116012831458   13.88668047053856   5.757840196657223
0.5863880310981764   9.188264098015557   3.3822014550292407
9.543374304999478   1.1187631444498596   6.196030212640454
7.666779057720069   11.65462292007398   2.0984095249655104
12.386400612273682   10.24672618137481   5.637837668480656
13.115474934932003   8.70847947996547   5.732728389898969
1.7106839725435155   7.819341319451743   2.695970161211245
1.757723391459284   11.731267619478174   5.098249190432277
11.327266371647694   13.545744393749944   0.1371202197602701
7.52366588130338   4.4859483007039325   2.146456507600681
11.324790582896505   11.69306500985064   3.097449435551837
12.491825089006495   1.9207898481685572   1.6847624286639633
9.178287966525058   2.5847517473320125   5.39622671699658
6.753359574451751   0.6932625697715029   2.074738591696125
12.793999807551147   4.167790238818344   0.3341831665013011
8.422863475145425   9.27363159530802   4.038129586060998
9.402480559940948   5.085635335699343   5.227702358504945
0.7717580184847198   4.6686040756549225   4.677104661531804
11.678555798838477   4.130329404830617   1.7949622971997972
4.719898694200122   0.05325569179672485   0.1669539521541469
