10.103490943538104   9.900030530589063   3.1440074453327513
9.737385718122402   6.0665788994304775   0.9755631677510878
2.5854381395436037   13.030200026615557   2.003188323978544
1.4923199926473594   10.104923915143607   3.713111750721539
0.30679173460910525   5.492540457339374   2.4907149491845098
6.662998334554649   4.392787466414597   0.5325237712180729
10.496918081342129   7.452020458091552   5.978687155883039
10.708973661711866   0.21211671801206308   0.7556874613419179
5.5585871761042185   1.7830526676229288   1.9199220226850244
3.2372643973933584   10.341203766360485   6.27224336491703
8.471004313141623   9.494330008030529   0.1597049148876259
8.93842347829367   12.79945874064232   6.175384167775802
5.648209401043622   9.144471057663711   3.946153797639142
5.744538038724634   6.925158156868648   3.2058305799485707
1.5915746640320483   0.25568095383420303   0.8845312736509232
8.137457474729688   6.697367841085388   0.19125872041111636
0.28116874920203716   10.751141588728961   2.2705352141188166
7.109011279802579   14.306656343737242   6.221704759053396
10.916492930206603   1.5196487823768674   0.18432754734226162
3.7992760566946915   3.748460229043877   2.827258256369044
10.415940956178803   4.533008807318762   3.182573529332708
5.415096858683383   5.390961066772005   3.16726155983662
14.179349002828648   12.550564168424375   5.813449066940346
12.082030752613008   14.181387339564967   2.851668572131847
12.490057407930642   7.184686507379773   0.18387910708573973
10.567813912032378   13.480350466250792   4.05308980380677
7.622801441396461   3.4334744993704946   5.222817079602919
12.159006950300293   8.19678387271245   4.470581387243067
1.1000622906861968   6.26905990647729   1.9700207133049656
7.140095839797518   10.718841616070097   3.9475608892900955
12.136468164184768   3.9804530826114046   4.056039021038812
9.811448168242352   3.4044137822694758   1.251221481259662
4.110036747729092   1.5742729330492167   4.940794028645016
9.370603621125964   7.712287700224276   4.343417243023542
11.267845892003558   5.408973977219358   5.358463951807135
6.016235036754164   11.304528243524526   6.197259395063372
11.202565977830757   2.6428289363729682   0.8898195758183184
4.593507825502395   0.3922374271004604   1.2742155895459188
3.0610222895563077   0.3347117242941565   5.657049929146626
11.107850441337755   9.313176326580134   3.204648429782592
13.062595112455078   13.385404782719117   2.6008927121726044
7.233720179813636   7.237730269891914   1.3578449389774683
13.759137250545695   0.9290487695616556   3.6885296295270567
13.070621960172742   5.301393606940626   0.4739373766423207
2.842524672998938   5.003778186135123   2.534634933325244
4.553489890930537   6.553071097559094   4.6084692835313685
0.04376171555981756   13.589188057296019   5.945313961886735
12.245487441119572   11.099478692180218   1.0071126786803322
12.593012174664514   12.212345835332192   0.8871825156880558
0.08511379807523589   6.863130962067619   0.4657993230161397
0.734987200705685   8.794162896551065   4.682480954673954
14.093325188899506   8.642156327677561   1.8919104681117165
8.627585845120171   14.37276962613739   3.8032966759584874
6.164345334047365   0.7856627713490718   1.3517158266408906
2.9230159094878982   11.820758991694952   2.389442681319115
3.742928732012822   7.674649379740147   2.206825878826169
9.37308379696024   1.5335671697891216   4.4735700559235045
9.39252061078683   4.966475688132199   5.217083315518146
13.679085789071458   2.948799616043654   0.9519989934674912
9.128782389032132   11.72583345881641   2.8992656773808645
11.206712970108885   6.5652264990210085   0.5978836214558914
1.6592097046783212   8.256141132613685   0.24382493212850365
13.40597564483357   4.321254988258053   2.113848543621865
1.5282812182730392   12.412017188232376   1.1960799140109035
