5.515421426442808   9.680332471651559   2.656069934700886
9.137373090529946   4.215924071502126   2.013717583361431
4.382066021877731   2.865648093465529   3.2747087645966286
7.913728635651311   10.961982574496552   3.2739778012792526
4.153700621836342   5.818402944027157   1.4024323918657033
10.895799350619138   2.426316733282137   3.0073792566518938
9.624818661936478   8.248063455230039   4.015392572233393
12.397444147636513   4.139673396022218   2.113629398358038
7.516022449339637   2.37292330337358   5.365898999242634
4.48408035195275   0.9519744614908807   2.7489906291112236
9.576707234320875   10.790332448371446   5.47679267316897
10.60022043084245   12.186427660337689   3.762794694365385
1.862101171276492   8.52589062434253   4.120654352431035
2.5909196505016836   6.396754603933212   2.2469125761178277
0.8879615822432644   13.040140251823052   2.675253482875558
9.440178735668928   1.8182463012576902   0.16925939388094483
11.11927010543461   10.044567457811592   1.4152179435635244
3.7780187344720035   13.72644949034888   4.729925310249758
13.61385519010432   13.45511974714889   1.7416003047705586
3.0607270168661853   4.6844019552755   3.0842148779888774
11.805658694739135   0.35584710959440224   2.593083221117202
5.041248618242344   4.162097924565258   1.7975219370300421
4.762052948119829   10.968988715771314   5.3850143086174125
12.950096450715577   12.488551612723981   1.9865385677398866
13.994295397069536   6.576297290443834   0.7378217414578385
3.4816133201982007   12.245587044165486   4.457068583208707
10.351891547295933   4.436016463446931   5.481871755209203
13.248089231486416   5.572957854497225   2.3351843569251476
1.4795341619904412   7.387039943436838   2.052024657672027
9.542881080544877   9.702091804175652   0.927296933043232
7.941145025523266   4.766832883198029   3.3896102292896533
11.352705005469874   3.4706609853486476   0.586693543937208
0.22407676166064747   1.0284383469316194   5.401659621051888
9.553275398641226   6.482163563371191   4.133009043903428
13.478699301872524   1.366187483462415   5.719290732891846
4.305745892185883   9.534391083544625   3.8901824941604346
11.955262007396565   11.006143750585615   1.184693052880293
1.8610859112178453   2.701330699414983   1.0977038114917492
10.565775367426012   1.221506296572169   5.630362240391331
12.324817438227454   9.617788938462088   6.241439649952088
14.12197613179072   10.498765684237542   3.165647445508866
6.552639625430997   5.189125877601525   2.0030184876007686
8.976837882487281   13.044884558585855   5.280924377001322
0.29181523809320975   8.002486221378867   1.1415312532535058
0.8679824325321528   0.23749554349752555   2.219315629343871
5.566037075699015   6.1071950205022105   0.2953585031938835
14.1125655351419   0.004634326224250196   4.045541500258275
10.711467386855338   7.5138484004415105   4.417572672382629
1.9551161034447482   12.776501693296533   0.19219004215319446
14.40167693813552   5.420231300993365   1.6768799989976806
0.48744125094489   11.679410645636725   3.144500675127009
13.422237211990048   11.364525055680957   5.773241763270802
8.21564739642779   0.9255377182306382   3.717226684901831
9.632646658905962   14.3936972039989   0.5852398321466362
2.7405842666137796   3.512756310073175   1.1933687022589166
5.72768172222518   8.071995996300585   0.3944525140974059
7.799888736244417   7.100602277629802   4.402035449739997
6.3783196727754365   3.625568619679443   0.02656261463721951
12.062295758330407   1.9389945269835618   2.396644232359211
7.01011844637846   9.73370332696837   3.1607530929109817
13.936339837770603   8.877029467177556   3.7619857896562543
2.4576180281489064   9.631116645116817   4.1376479943728475
11.45597136063982   5.787070174978461   1.6478131776383844
1.6081952261235144   11.731604622010542   2.398669426051184
