6.612148199927814   7.701977976656784   1.0882237241561141
0.15718785877795238   1.7030168936370074   4.303273026001442
3.506491249093373   7.899943982484036   5.302514806089681
4.129380313678931   1.145568226745635   0.9422485760994782
5.035668599753376   1.3587368972553355   0.3687093334106816
2.1892607860492728   8.003705335337775   5.484546172746171
1.0164768333199532   9.771751877690654   3.8307522299378163
8.59930814852101   7.861979867492514   3.7076658543979253
4.948176220255855   4.462825055033459   4.76568447016476
0.4183379380930887   2.5582932749239657   4.651696713132293
5.62040059465586   5.18400629423863   0.9695507670211273
9.246388001308855   1.386933421942667   5.434768290561159
5.260654680060616   8.078712885746977   2.4817820185598967
8.531710555885146   9.183445511307331   2.57656095404855
9.897915797691777   0.19070413556472687   1.8792778421221175
9.767629215061545   6.779079665805152   3.4798225956127276
5.685538322535148   2.7644650687488044   0.41436854116483246
7.497419454732275   7.463008934147234   1.980951400089113
7.534390184967841   0.5867637466877847   1.4205881735699377
2.356766468388339   5.1852613535477055   5.322409914022483
6.101958175700647   6.556910001325566   4.051517900950382
6.850722741814289   9.249215659757933   5.932205507833341
5.888550095965377   0.036454757218476075   1.6630186573002794
2.3508085479690237   2.7005617667395576   4.3619070509787985
7.682672621326281   9.723751689902414   1.3250841436088425
6.6759047489249115   0.4626726486211643   2.439977264853313
9.86218501171609   3.2875925277964493   5.157187702472841
2.8579846920321472   7.253742265687024   4.426841948211833
3.3200657119640637   1.462804524576281   5.151692003508246
6.237665499861277   1.7061400499431356   0.6133683310767953
8.360132084711656   0.5872311868126158   5.8617638630090765
7.923614780655628   5.234479333556872   1.1811731796573357
0.6975657395942367   4.583907574606567   0.6610021994155421
3.5701727068188904   6.187237243409792   3.859190196096064
2.6658803730494394   9.290683587860876   3.6452170668847494
5.41320647649317   9.070641374069947   6.221138483017565
1.5997398925994566   4.667563660771381   2.7848209915801396
5.065798217475326   0.1876042543061347   0.6528927096482843
4.082531262427008   2.0579835153504726   2.7170839623526075
9.331833506523695   9.51624445779361   3.032446627139723
2.7293341463740592   4.420690605610545   4.195276774285922
8.842855073582989   4.175633955291357   3.1780156911267956
4.556885749993869   5.695515076227874   5.245742570043609
5.100140195705975   7.235817156762311   2.453679338885723
4.38537197756796   8.324823944822088   3.054473170255759
1.3056695040728998   0.8885780427610944   0.17227164957302613
4.722800347135827   2.806117932388003   0.024204320680774452
1.743124340929315   3.323273041646648   3.4385257130543847
4.137464697404101   0.22055776827703683   4.760919449636122
0.872383152188469   8.704341309273502   4.059610582701461
3.267065064907683   0.21444062965672828   5.090111721707069
7.302858136172938   6.498897460884075   3.1474375196706514
8.932263802894083   6.588781488829656   4.169890389825021
9.893823631967955   8.827955216845414   0.3537566983179785
4.438208892511962   6.689091911713961   3.3853742565223435
6.988035531059914   4.482997214951777   0.49819940917928407
9.82562647092027   4.697931534392184   3.206157327461665
3.806568323422829   4.763305844949616   0.37529693220114807
8.361751867893158   1.5973590657645858   5.830223165352972
8.047895368322742   3.1204005048558603   3.6257056921722652
3.145570715569055   3.2327848426916277   3.3212380672722546
0.3618265272774047   7.984824642412366   2.2055707745856443
6.33123738690127   3.96521924681652   2.9976977743349553
4.722024437682483   3.653075315548736   2.6385921480319237
