7.19532498579723   6.709443275824917   1.31356933352337
9.686425046075763   4.518912834732608   4.915335881218042
4.102073646996197   7.200596997357373   0.02388638640401819
5.296002529825157   1.7701117647679336   6.122071501514646
8.147342778186873   1.66596007648717   1.5985426109161742
1.0329625599339876   7.556655945380845   5.665474899297477
1.35240364671946   0.21302029335892125   3.9029224708213976
5.935860054703712   7.277194382475144   3.607051641534017
4.932419261012302   5.946240435107023   4.824444478377295
0.0020311945560554934   1.3531712636561999   3.8956520867686644
5.966271349214892   4.277267754475286   2.2514933006868785
8.74415177262991   0.671155224047256   0.08692830287022665
6.051069398221733   8.681386207660927   2.668428877344783
8.982794368668083   9.51002574836595   3.207138489223515
0.31760439600289203   2.4846569084732373   2.872282363957127
9.805821171072704   7.850416559950652   4.225827872708474
3.5104821435535074   1.7114971974871238   1.5854335031231739
8.100368487189279   9.953157365533931   1.8607714939485773
7.259996974282601   9.385741043457282   0.8305417309873463
0.3256195334630265   5.763377520356272   4.716902001824498
6.436889400254735   5.50050532230758   5.801409810385761
4.893688672573896   0.710644256680792   5.787451512681891
6.441207055023728   9.609680201351848   1.3117416316553792
3.1981694709397304   0.5593775082346695   3.429180961352197
7.221272833304432   8.564021049199953   1.0139875444205526
4.088685512838591   0.5274193981191689   4.024269385717802
0.9619392348588028   4.707473343644069   5.457270858499466
0.38711799565563104   6.674000739898303   4.23724811049333
1.6203343311892289   1.152565079262493   5.261931076900013
8.052993274151564   4.30404009959216   1.463547269860877
9.002751726373331   2.272657057013114   4.982820130518034
6.943745999578198   4.741275347806236   1.0297767578845063
2.0290108174300885   5.861600946037681   0.940728384798281
8.855254417458152   8.132841029358953   2.8289193612657733
2.7394719954465523   6.810430364600253   3.988192373453445
5.802900051412409   0.6415191197763213   6.282047673593022
2.4444290452796222   4.1836597043316335   2.583175877148936
2.813443450441337   9.731439215812653   1.5620543779785347
2.550050445744655   1.2364298903382573   3.9267630267985654
0.49406534025549154   0.563446114723171   3.365608133321334
2.2526062765573966   2.258578038590344   3.4532842700545583
8.098303557161543   2.7640131549200793   2.598785328600661
2.2491986866629006   7.496284918729655   3.802680896593422
5.068860474041846   7.183414316582251   1.4842347346825948
5.14677416917703   8.661437903698673   3.033376046145747
2.368134576430625   8.304004528818911   5.980085274087563
6.533121339138208   1.5934392816280993   5.658307150409954
1.1506144837866756   3.154903815142481   3.930138584396547
3.5630056039575146   8.919401781772391   5.162675362781624
1.1002874644818226   9.173588731604102   3.7223962322641304
2.0172376212937673   9.06690751018974   4.666897739718325
8.875446217877752   4.448022457791397   2.7795122091557705
8.951696360571825   5.684089751354364   4.027111444429892
0.1523969148650437   9.616276348017976   1.446337167067085
4.126529250150719   6.180783658092887   4.169459850476825
4.787459209856322   3.398708866094311   5.446499891916229
3.174180037201922   5.656340788218006   2.664564019331055
4.1601432213511425   4.795610863051914   0.37256550324308424
7.174302857769644   3.0957710432096865   4.549639059787408
9.6859337165073   3.6569294255748384   4.132253751774169
4.0530302544196   2.3691903014661575   3.3705051905814347
0.34161449706688607   8.806490810026549   2.1435495726261875
5.859201597906491   2.4410926970773   2.872895346842467
4.0115219855522515   3.58003211547521   6.181198704943184
