4.682065912891215   8.441183605366692   2.365359823758046
9.762941706793951   2.5226469737757617   3.453761058005934
4.087941259883513   3.350950384090646   5.487971225962055
5.20081908012505   0.05691313996165093   2.5260389795741345
0.3421744766229846   7.825110177530497   1.7763078364334168
0.9339773764826899   6.085374654877234   5.917545678105519
0.29896538165054815   9.70532097440143   3.766352957070489
9.496240776563727   4.1420847365674485   1.1835157004738288
7.51694760596962   4.909080063165366   5.890825616700473
2.2727388692189887   2.388734458860033   4.567965435983471
8.377859716584512   4.880716173284449   5.880767520633832
5.031404100586907   2.0047131986124302   4.205531173901823
7.083503280634097   8.645974269819536   4.135616687403847
8.749849115090726   1.3786871943941055   4.743703382088272
5.9979971919381505   4.844358784038884   5.78645198407421
1.6165905250911359   4.6183135035883085   4.122643579973632
3.2375881002535216   2.4024274273682154   2.0475649933523967
8.835218525928171   2.8269033145698206   4.377188772099658
7.320952545879264   0.3930596415722539   0.22961263866148274
9.618853470262328   1.3409843554956182   5.330425496398959
7.243505655477656   5.851392501125844   5.974766567902379
6.245370655250218   9.121193309391899   5.313897506876544
5.25372437224939   1.0139756779710545   1.7644324152705295
1.8734702032562127   8.238625990612805   1.8909064740715733
4.533378468548537   6.971841112405442   3.1150054524423165
7.986008786264645   3.0758683356484373   2.6606761632602716
9.70671294165944   0.4994484460485331   4.3502618970840015
3.902655552660639   7.591664599859701   4.448382526976937
3.8202916807543152   1.2735383842249521   2.699341897596654
8.112745680384688   9.938178257898633   2.9079645435246517
0.9247939909470453   1.840492746744641   5.284223970463419
5.867791179243028   2.6771507951189797   4.888418168757855
5.466434702840253   3.536662480318821   1.9057659674253549
1.4867354024940531   6.760078064502447   0.6797314130173209
2.816700391892654   9.883445303151914   3.311619893470713
7.894961467997657   7.5562005386298345   5.3700746994996
0.10371907032474503   3.5064017498154   1.8324931368983528
4.18501469126306   4.301513141837791   3.207688914926683
2.83037754823907   4.075545007478652   4.089240185164357
0.4649244322258936   6.985028314910446   3.1293668775818637
0.8931761766796578   0.4598780991644829   4.118179869884579
4.862692479612899   9.256904627232622   2.8191029766581512
1.0406848943900953   3.5533212400408596   0.1965386818766884
5.337390812119294   6.483509131861965   2.7198391362419234
2.865414315275483   5.7792688620538835   3.634187145558153
4.190047318580523   9.873696442783773   0.07133996771072007
6.451806675755797   0.9165303998605725   4.143804352860513
2.9348449173334643   3.228599612947897   3.197549447017286
7.042144872500685   6.937368927232727   5.178717878666369
2.8530790056002875   8.780533668847044   5.387877249678354
3.0480434463427595   7.755006008248986   5.010205455968214
7.049209606290363   1.972252043069028   2.8758401668694407
8.509400986968535   6.494209024469038   5.065759635667194
1.8709681602712982   0.1301810651106488   0.4964546880343693
3.1555528210332002   4.9601455647441846   4.487547021233723
7.2710828619416725   9.512038615917366   6.181391198942218
1.994782999184383   5.893570557096668   4.651384178030631
6.377912593733211   6.183573760375605   0.48384530640365053
8.215587763702873   8.432485946664888   2.7870085258499313
8.970241433168392   5.437669899470958   3.068460557066826
6.008142228412151   1.7219197992764976   0.8533184517950182
9.661838548566294   6.052477910997218   5.072272057999817
5.930478854799462   7.939518746957542   3.692965387512896
6.927317313858436   2.8254911890223964   4.0120621632208735
