6.010326719093904   8.44335726314144   2.888940460638932
4.097177898650146   3.086913719950583   2.9306102763249604
4.048212019649801   1.5697043378036684   5.36525818213085
6.031075108591627   9.274100891667304   4.662113730179421
1.6012130021745867   9.40105426743651   0.787881096717103
1.9178403023771624   5.923535270255674   5.4785794414448485
1.9595551973168543   1.4271691754826905   3.5931510269768063
9.368369605746441   8.33367194688077   0.43642740987494155
1.4111255598075678   3.2791720681340886   6.203090639630756
3.002905265667035   4.608627464481859   5.031283226257327
7.994144539527168   6.405924730212576   1.3450160061014742
5.726422333993786   0.7240460216193136   4.959520702728133
8.061561378412645   0.4419234997266404   3.9443651353598868
8.425403803334506   1.553546259848254   4.935861780098604
7.334895257859094   7.749301611757289   2.028427813974413
0.5665589608235355   3.9516141295025804   3.5315950877291367
2.6738394314694585   9.041453428552638   1.3100190249820671
6.685080569612192   2.6113848466409313   3.9153446664263787
5.532347128110747   2.6473591385920368   0.45012393734396744
1.877092486675835   4.001328966062962   4.233813799735472
8.867924023416489   5.834971956990691   0.4666998302028611
4.74007055278107   8.079192282231466   4.657356266228976
4.890861793522935   1.1439374477961308   3.5259668093074574
2.848275756071929   5.718493859000009   1.3511987455549903
3.951757540203804   4.48324187298311   2.072942755511177
0.9568243340886758   1.2961081320849077   2.608968425366442
9.101233516140201   2.3433092737720864   4.247550647058929
7.109867271137984   8.819507979341761   4.429559439375626
2.173089112030643   2.7452087694983502   1.930759090410705
9.369523952939064   1.0962305920273283   0.5735910039260959
3.586993279443433   9.525383721558377   4.270668096003252
3.337865235233245   2.566804501888675   4.752627333410442
5.639697059945016   3.8258859065449187   2.555777393633055
2.3785885455213576   7.357507392477173   0.024493589127997595
0.9661039239594864   0.48495448879258185   1.1116719533951638
0.9183563839576667   7.381035294665361   0.00726576220035291
8.585128828110927   4.69800945639974   0.9981470706132581
4.641101528642898   5.736735573344649   2.133232211911285
1.0737474578035642   4.909084844888526   3.5980295908754716
9.94110240104296   6.453290623544531   4.670716206247773
0.5971387565780786   3.123221332707009   4.193283433246418
4.294850187574044   7.251378674638985   2.926354241361638
1.8915464421258594   4.936815574724742   4.933060592328619
6.196156028185769   7.343179873844735   2.43050292374276
4.779582747060465   4.5179374496476035   3.2332996726835437
3.4142896259375575   7.5212832632158575   0.11263151067272792
7.191285828688457   0.6746068759296708   5.17124190547238
2.9089797663521213   1.6675461624548085   2.3380789986882258
8.955790680704322   9.606890287779281   5.214928088760561
1.6743248475149186   8.387556578509507   5.979534386435506
4.269036816055366   8.829934503410744   4.224965533467605
5.6035278671465525   1.8096937048202926   1.98370952960944
0.11263504105654754   0.13854011363754362   3.628859049863035
4.224839043577718   0.252885311018997   0.6994239734382814
3.6873328550606375   6.454226310483683   4.280759781836475
8.865648214309486   3.6206452657207744   5.741730470499673
5.801913908289745   5.482277133050274   5.152103847811582
6.967696076053836   5.734024037527857   0.5855552879154776
9.307943811141497   7.277801888197591   2.9435585694735207
0.2531792042414658   5.327264084739586   5.2704371754489605
3.220545622023808   0.40840006931463146   1.1297091545929923
8.212770474284822   7.396532428786705   1.1100699758179444
4.792237832422049   9.561241197132912   4.6877305293586
7.719415413127786   2.5460266821513655   4.233281643329404
