6.760941712754565   6.829652814635763   3.9797007880707853
5.707334701205499   2.838428631942561   3.0979532226475057
4.425268797355343   2.089238535782252   5.577514778394279
4.536298039410713   9.538784647022894   5.2731690752629925
0.7086271316389634   8.09496855983742   0.9791443286630434
2.9336113441479714   6.774582641360304   5.275610072792742
0.777871036090203   1.8531959125883666   3.1275978752838243
9.682167379421768   8.64741767403096   6.261493880000928
1.2834141398111685   3.124213438543286   5.734997549798571
2.4369857905830727   3.2042529885688014   4.476035534299032
7.7279825203038035   6.044962155542949   0.1877142620518768
6.084829264524385   0.33322858913862463   4.873447758095931
6.996070337189168   0.04647537347505326   3.071376847808306
7.818379915743413   1.9983696667990634   3.9090950693360753
7.0717850097445885   5.217393575844365   2.4168646581429045
0.6467649987536201   3.967226900833191   2.4921300407668894
2.4662851161320356   9.144042638935375   1.2319172819026576
6.942691580800504   1.4271625064658213   3.389177106683882
6.662040249455629   3.107805440071417   0.1860034788576942
3.7603319957942594   3.1201361563820367   3.887433067453912
8.905653810914774   3.4427217577859697   6.217893022518558
3.418740044745665   7.811722627402148   4.526711472534028
4.470739913329546   1.0459171678488297   3.744586912425816
2.4543859452900056   4.318897379706526   1.2908905514994082
3.618394964796304   4.422769800188249   1.7392788460920159
9.231552642579661   9.524212944638112   3.242983431855939
8.77109032995098   2.630818658146213   4.372667187408862
7.130509403459063   8.611715736346898   4.09325981062152
0.09913214863963332   1.1231690353285315   1.9192482875953383
9.138096024873018   0.5619478268310979   6.156933036785869
2.1782490785921667   9.949557663475112   4.33960586076147
4.575496247520396   3.3285046582844657   5.202567566078951
6.202787929029908   3.813249807669391   2.8997977286493937
1.9847259949837883   6.8398257399776545   1.3096416572582936
1.2718569023189732   0.9443602195466502   1.011422222979565
8.7125123870793   7.306191635868613   0.29844503785327325
7.664907985516015   3.223235888604868   2.541929357362458
3.59603807325517   5.87024559454476   1.769113382951753
1.5989850613634138   5.99002411528872   3.898011693647461
9.581398750435998   7.451360531691042   4.8450547030597875
9.614284524803146   2.4808887730346507   4.381085653247228
6.3826749584491616   5.9727302346917766   3.5281658123557658
1.6005533718890146   4.86365553287813   5.736250039614701
6.168020623270302   8.362909515368045   3.1283613535636867
5.687626719828113   5.353247001994822   3.2143494672526094
2.3230625761154102   7.598100705395654   0.02806112870385924
6.105715369391419   9.354267443803579   4.7700607024658925
2.2308052875591926   1.9366812263383801   2.9293072482339597
8.343962503549564   9.407432855513102   5.598126325538038
0.5357348266283359   6.506359785171248   6.010426619353616
5.123220849798933   8.560526806938183   3.3014944938163735
5.544765266545441   1.7175122533756904   1.982517367580198
0.4509212246566838   9.212418839004453   4.151767192468606
3.2322633655996547   9.55274708742948   0.5101614910012642
5.036902757160627   6.967991789642113   4.2579266240401665
7.261895419640188   4.306219050376466   4.900350569787243
6.9025555352215   7.674257542469751   4.830864721601767
4.638314828564732   4.722453664665852   0.8037012534681579
7.852196549758871   7.479445440201617   3.2291483626963853
8.500833206248924   4.762215479372318   0.15868023355652364
3.351645530678291   0.9129714656484962   2.525855524531827
8.379505224914988   8.236829072819768   1.8502861246604594
3.660011176974937   8.763425976548612   4.04861172668411
6.438585700805114   2.196611481871279   3.9477898973560803
