8.160527276424167   7.62709974572052   2.0767018769323213
8.35823272149051   3.9965427411959973   5.076146593104359
3.3699554618463057   7.516717152076519   0.4318518973493386
3.884009703230038   1.3582190745046714   5.948763874396288
7.817686729213383   0.45000601575577615   2.0464947559936295
0.44857135970185347   8.334210638486393   5.962517115290431
0.9314745940744756   1.0088318535793002   3.6221305954613316
6.56905210788635   7.362910282158242   4.679858008846729
4.235493822184379   5.405909973103192   3.114815864297878
9.428269820068445   2.1812425866191223   2.970621969889826
5.947599750257131   5.679950710276739   1.8085022814769194
0.027340808509169534   1.0000889161496758   5.986918242425121
6.108495947515646   8.624763722622282   4.236763916744203
8.267068734882974   9.653230252351774   2.751860858058004
1.0145918224542596   3.2216842221729936   2.7077993559710736
1.2660859104426694   8.623272582663752   4.570667893889024
3.3702479577135906   2.650378948246028   1.6373042549169747
7.633340056693033   2.111822195335791   0.9552181476814563
6.980952180282024   8.93804851570192   0.5332032194869281
8.310283327321507   6.254620491674654   5.386145258229574
6.005215578281884   4.588673232710974   5.936835797445801
5.042560577032734   9.337620727258528   4.859399269283013
6.710746150365239   2.1677787410234792   1.5106233406872613
4.69172865995901   0.7259220125371941   2.653103543345815
7.282636994208304   8.183334679839971   1.1631482908272803
4.385346433808015   2.5178187654483715   3.775640593516473
9.776091020400179   3.6869725234121935   4.525869741440721
0.3047737371751317   6.507520373325042   5.613735002470302
1.3995082182176688   1.9814711917688335   5.450152561599046
8.565437116909642   3.1087762575637434   1.5085138692597393
9.944327448096388   2.8260130936754275   4.872492282675772
6.934950038415702   5.610704540520404   0.4293398831069808
1.7368345851502223   5.158821476109474   2.0995653232233913
8.296999381615292   8.51238601241253   2.9820322169870788
1.1663179351064752   4.394254424610818   4.236947111894692
6.47845057541872   9.88344210426943   0.34522570945589626
1.9056823019273328   3.2893184565744575   2.113171611927704
3.4194220221817537   0.6568181038096328   2.5320407488508305
2.7370657457950323   4.134887266905572   2.8973956542250465
0.47267434266968633   0.19987008956227298   3.8321436705507006
2.9039989885689104   1.357424911162527   3.743362787135717
5.530994325667362   2.6394067529656593   3.2705748118434292
2.5463159429588313   8.93672523897019   4.356715742746987
4.933006440743523   7.9629265000946745   1.7819698392463232
4.150703572210596   9.455699281367918   2.540760591122495
5.655880589338187   7.423140542913687   5.878641988927973
5.83706741441437   0.8928661003070141   4.986977818101886
2.260615698107865   2.039173320941516   3.929201442644856
2.1758662397304973   8.00322013935121   5.575569594739102
0.0800064546032247   9.422321044953913   4.449205209300569
3.649334248335853   8.522563829825806   4.216202655238732
7.098123187574445   3.320317463026074   2.7869316083344566
9.428873519062343   6.380616103176241   4.838508589109404
9.003129840509532   0.3656808197444317   2.257951533127487
3.6755650286921786   6.728547570783962   3.4441869249746295
5.3132799759977924   3.971677054759616   0.8172149084639463
2.1888996285431284   6.878095195156898   3.3859557860153164
4.623111346828198   4.570605952634665   0.566214806987685
4.940918547533869   1.8515401427691438   5.102769062777856
9.2959910704011   5.378509428228999   3.788760731827742
4.153340824744614   3.361691093242146   2.1001164371199104
9.001047906082528   8.969717557816578   3.3819058673863727
8.400759065698063   5.080564874942369   3.229373163239105
3.397943239742817   4.986111829796561   4.41118612809275
