7.080738626748898   5.975097477115533   2.680539576148324
2.435576689627348   1.2841090177200019   4.535623860421698
5.546660809342417   7.456582199432843   4.946219055724294
4.029197133977577   3.4681184728747456   0.1274959365838164
1.9003840385580224   4.13220772143165   0.055078362405427406
8.768011690398342   7.56605015982128   0.5009968687044555
1.6654475647067923   5.248433336105173   3.830007064458996
0.05913171219811808   3.216198328736018   4.477222917687379
0.5077586178678382   5.259059640457764   3.0982316451140464
3.615893178925149   8.402192996460059   1.6210331676972187
3.8818924008557945   0.9449492314977875   2.3311538022246023
7.790215421991545   2.251156894538617   2.859604764055379
5.799442063869249   2.8942579429955893   1.9491292883513123
7.154044224063639   4.742692768327326   2.334594165947217
5.278430785864885   3.631442681556577   1.5270567299710873
4.752236860017546   8.820903721686339   5.413425272577082
1.646394889013465   0.5334198851515258   5.468739489571737
2.5741882675593573   8.053289358570915   3.223163754134179
7.253312407085716   7.279894263381784   1.8435198470915164
6.931408776028676   8.447634403436524   0.32846874495737716
2.6835672416796346   5.944845849090802   2.7298454720756706
8.817342588298988   5.801842693296905   5.3446167445727175
3.6561945416540973   7.180693720900282   0.21859801925907563
9.752188384925383   8.275961101310195   5.491672528047483
0.5540190067935511   7.445197212813842   1.3349331466018912
8.324202078239754   8.611245459708067   1.3233170975003348
2.3557415389850087   3.3785362353113606   5.239957647000332
6.154526498690635   6.915999178470338   0.43920706399679826
8.700419077298196   4.082450963479647   5.081236219053334
0.6444383291886983   1.5211269436501769   2.0849295285643157
4.518653679891568   6.618529342756564   1.9620377510353666
8.37126803021088   4.867153200956562   3.4587436944182923
0.582808939055053   0.2652378328424554   6.2314570690461535
4.992397456529155   5.828775965811645   1.5288262132579795
4.588622616438201   7.403298966009305   3.055729669150354
1.5305497588436139   7.487142427087285   1.5412415966781292
7.22047150993361   3.0814282601876974   2.89742520114114
5.864034019894169   1.0796467431797816   3.9394655041032562
8.857823083115024   1.9091017060246998   0.42430379657597384
3.2198799403713916   2.4441365377744626   3.9134418772352055
5.60155713945449   9.38007282630159   3.797288482174299
8.796465639590792   2.655437094617992   3.4144458079050395
7.769833759070297   6.47596319939501   4.094135156994638
1.3448024435418109   2.4901226731450192   0.8354307741174986
3.7890183888612663   9.520970519535105   3.3332568328484293
0.017545579104316644   6.556146050396961   3.242539020515123
0.7942941262052938   4.413161283674846   0.42329088013926275
5.478350612577488   4.776548283821383   0.8929299262037095
8.064276734205304   3.449994490656545   2.226814595987837
5.0974667059650915   0.4620406111192217   3.482313902907225
8.673892957535774   0.6018941121607193   4.200493298125857
4.642411524257128   1.9763107328932017   0.10994547673460758
6.03881598310567   6.1019254410413835   2.953698786868125
3.135840552509853   0.35290577301515036   0.24112561375421074
4.31901682169781   5.123071789565126   5.2900597668610985
1.035125149930018   6.2044143439239585   2.2131529273218824
4.789217989678129   4.2344463399266745   4.809282399031004
4.61745664486416   2.8852436625241804   0.5009957823551907
2.0334398611234747   1.9865754994231297   6.266329346312075
7.323494067871192   0.31821393576927665   5.194532525910119
2.270232491184314   9.246053118438963   0.24175759226197385
9.089988408647258   9.024915277989004   4.8325593207002235
6.916286925079842   1.1734202628675798   2.847205761799672
3.12633203830979   4.037098074926931   2.008242220571805
