9.768458083980882   7.301166833512985   1.0675059332549108
5.015217064399274   9.388711547063183   3.186402014151743
3.7433384354333348   2.2174409118069374   3.421380302867682
5.621504150818341   8.370303710203416   2.2781805624511104
3.4183824041036823   7.26643914690725   1.5927521975575476
7.542772109220052   1.1163251900214723   0.17093405003393375
4.348551492092967   3.200990886825494   5.053988571490505
5.712878998530735   0.5162577342736732   5.158743349363925
2.1904513310359577   7.95644694003063   0.9539384990234143
4.091615906889743   1.1127721830239108   5.905230413171838
0.19915034756696454   1.4047730777630807   5.098219199911173
6.1849806322271546   3.4319974629076744   1.6043503693203602
8.838702864119757   4.698072860153111   0.5593527378456097
3.9655810371202405   5.171595033900184   2.786863725136199
3.6834996157444446   6.443238109557015   1.871544767872167
7.269960957623841   4.464327460201766   0.2529294985588165
1.0126647129449298   0.7768255434767974   4.716016535966776
5.982548599120019   2.5462820979130605   5.413549801894751
8.484726985049942   8.868623446091695   6.0109637383159535
2.2473384727435235   9.430907315340212   5.418946406255097
2.7360852952149806   0.42698922230604247   5.558337737167351
1.4000418141900242   5.950952505618745   1.8636138058623528
4.965726968808064   6.785437422386162   3.712088993993463
9.04354414206728   7.8255677937376635   3.38185370964743
1.430415356392554   3.7042150080155816   2.31125306413468
2.599069908510212   6.748530398258003   4.28965266757581
2.8119383285608657   3.8749278070720417   4.800505327913334
0.8566793396289374   8.804377765623828   2.452051378609533
0.7217776315081683   7.004607931567184   5.523514865720007
7.9357722791423235   0.32641228870638606   2.0119791553358133
2.1477765450972193   5.021900136004603   3.229023190489695
3.051445758990329   5.855193420479213   2.479683149763802
2.890600897318619   1.2770270410985682   5.2114813895087115
1.8232794384910016   7.11464317948376   1.9092768898274577
3.7418798508726   9.053553651521591   5.505153650044516
4.905874392797483   1.778445832637353   1.3264892761827747
3.7062124379398607   4.0094041223564245   3.7008653305505685
3.0205831994289642   9.471509305852178   0.3723400219187088
0.4596929551463578   4.551493601105339   4.9178298310867135
1.3377987211610183   9.43995572331572   5.013770981854422
6.533888656781992   6.474547383683663   5.5232773461299445
0.3591377722484563   5.767707097430594   2.6505131221273825
6.167265667680784   9.340944710909836   4.625456152188422
9.760068672817106   3.0198372646455454   5.072101452601022
9.260558899634608   1.8122466219080147   2.590728599172186
6.1730423984458405   7.4892920344085745   5.769002012474098
2.263642689586194   2.20486669374884   3.5204262068217966
7.302646137347556   7.1346112791148055   1.7559897040446593
9.215651745686696   6.457075725651922   2.4928448199245765
3.2792996878993943   8.176161068066214   0.29337653933198093
6.450607619410719   1.3859315914055987   3.2063636473917456
5.229574389984548   4.384912805609584   1.2294904183429964
7.799955554921911   8.342769360783114   1.9378969306803122
3.1340606907525963   4.742122979578463   1.144289680152035
9.579818386906906   4.152979473717621   6.155228174931186
8.685288299018818   1.0028985424346097   1.240058311965598
4.576967421810019   7.911923921738611   3.458930772446292
7.037088171420268   2.107132752110764   1.2797555355968537
8.74563273184913   3.805025336062637   1.8853583999201498
6.98722063377026   0.20855495962057258   3.6874092898732154
0.019867901314814418   9.440308863697176   4.288619203340488
1.3784816376416191   2.0314530900257535   5.229465613988815
7.1768542005822225   3.4793190017397095   1.5218373068526854
9.485286299141455   5.212266233303171   1.5940432761578731
