7.622127081954009   9.178767174719626   0.7205366091219485
5.146314026984789   9.44867386967983   3.1650891908095646
6.6493353040576375   0.38877482478844444   3.8731103865369785
4.736580675186129   6.21593178384989   0.21577907239667699
4.3954652093542546   8.96210493175464   2.7120952056228784
8.785949867992443   1.6332188582404248   1.4868314018613453
5.957679888746172   3.348126155371484   5.3314387690951355
3.7496621285534606   0.9397015087582669   4.612915228473669
2.679995543790947   0.2953163999075574   1.4741114848975003
5.85913539601484   1.5286987148330657   0.8309602823529955
0.8505704900247175   2.158230111405194   5.017813092047637
7.000018206606371   3.17440467612404   2.844479390413404
1.7390882879155989   4.0874642498091465   1.9431407793254531
9.09723180979663   2.7115287875717673   3.384657468681047
6.311998850979217   4.192667464586429   2.0439983965854602
1.3403818663627889   6.038455303129685   1.7341298168604358
9.375695647032558   8.997683158167137   3.9613624274357004
5.174841291508644   2.954014457472474   1.4758831625807745
0.4843225070266404   9.76158879478067   5.259424284489724
1.2695125575500221   0.35936639393467396   6.0179558741307275
4.137376333183193   0.18939391499486546   0.9986676126113503
3.1036713605677146   3.5206374159530975   2.8891398127714254
5.417918499377888   5.771385775786891   1.9856866140175229
8.346441782292919   9.484625770032617   3.2109859516407653
2.5851853199448973   2.5219946602145527   2.756822495496852
8.984952039892354   6.561509620695844   4.3199059043829156
1.717575388943354   2.372066670214441   3.473645791526215
1.8086603711390632   7.55651581663444   3.080933703851458
1.4380801038215174   8.76611901399728   4.988422771500031
8.987635084430911   0.3798285827969803   6.138647101628026
3.59164680384682   2.547379551199569   4.369373750735768
3.9934079542241734   6.574109478358494   2.0732805505327394
3.9283472722888657   4.449724891179553   5.24308032407058
9.314199128043303   5.76398532516811   0.00813307889165607
7.2994808125048065   7.3703800322520046   4.08008341510355
6.300253375346445   2.405745843593229   1.960007872166592
4.258383851618771   3.505508289279191   3.843508228886475
5.604426641554533   4.7621884377640065   5.839803033400277
3.6376899095263315   9.165848102253085   5.105961120190879
3.6350326753795463   7.505511049010662   4.309583712415592
6.308323509756084   5.591620628808401   4.901163738431384
7.716903769852944   5.695295493616225   3.1440378638058863
6.062858501105566   9.465731906513195   5.228044785654883
0.43269669486521994   8.068583830547098   4.810097030860616
9.305531228384206   3.876124506046356   0.835205923099685
5.167116760834274   7.122870418060456   4.938852496032879
3.0428250008847595   1.4735135924410452   2.8374177694398055
1.1175380214000454   2.8667363611175496   3.0801932006201804
6.262910363282732   6.854944251125952   3.0524113256176757
3.6872229638013447   5.732402966091509   5.720720324535401
7.1333326044856955   6.454195448243174   1.8061569282596805
7.947167799572652   4.2698211409047495   1.4731736179162669
6.8197414129646   8.750585158949756   1.8906849427607122
4.695463421323867   1.347298498587145   1.2173596712435317
0.45898248132591196   5.671479357132654   0.5589143454481502
0.7440147009046445   4.238846095801066   1.260343841797357
8.491682731070371   7.857635067470146   2.712903966971955
7.856313343690317   2.4878542972557858   0.7081505537941839
0.6457394580120844   1.1251435194975432   4.408194795504924
5.8352951090574114   8.150551537399195   3.351650393259564
8.274594377604855   0.8613567558040174   4.442727838913457
8.592475409407626   4.947929410528297   3.23444003948874
9.70489287902605   7.133993746430412   1.111640465355838
2.210454258888897   5.766328169726725   1.0517954630114317
