9.235929615698609   5.563576884799846   1.9952170055388592
5.823928402761923   2.010178022920733   3.561601326808825
4.159017241666946   8.355574253358766   4.649434087170297
2.846140845693335   3.041310855875223   1.0836940462390068
2.076782915210116   5.625958797317792   0.38737816020581295
9.359274489467678   8.275063930518456   0.2987738622427848
1.489583072382322   5.1089670332985335   4.181356495645882
9.704048810458898   4.360251892980562   4.677479970543911
0.8845057483813444   4.217267942099293   3.3617249665126523
3.339710449630415   8.698218909683098   1.9592571275172428
3.0702201973100776   0.43567841709800337   2.9975974148322644
6.950789630380692   3.3541849909896966   3.023771341654876
6.141922339033442   0.7237640882997234   1.5952268900395752
6.975741402503808   5.153439802146263   2.646914653657635
6.1278221612280905   3.83229542287739   1.890084932982114
6.333439915943052   8.029864336429531   5.4562019790035325
0.3335764502572686   1.6617315344879406   5.8996176663947955
2.239150066969857   7.788362075359105   2.2023210663414226
7.096155695756039   7.876460901890578   1.0331645425491414
6.699185636430967   9.690607486122177   0.08900252711450454
2.5759706597604017   6.7485318504633565   2.748311640635182
6.791943482606668   8.68395106241142   4.474869049948729
3.3614599067146402   7.748589810507615   1.1965404879301607
9.057699461759363   0.6602395862239311   3.8869569959822026
0.2515769144415104   5.100427929577112   1.5042174958024774
9.231772539660579   9.174855081255558   2.030879352548114
2.08110431029039   2.6329740231857195   5.582035150430256
6.966895314870531   6.706257767962667   0.6238924672738044
7.652305743503983   4.441008948291261   4.74828763994844
0.6918410019440626   2.660914575776664   1.7786696317135915
3.8578710030155   5.874006607452105   1.4494142382076163
7.824240444671536   5.920843154620449   3.6961904636303764
0.9654219768853186   8.57933607561521   5.684036792859601
5.091170638719218   4.346631335964688   1.52747235435375
4.732992445327769   6.578657235930049   3.2389828306076263
9.792190901791972   6.506910717010716   1.435830276317809
5.809446618803081   2.9420183002044906   3.323040263760553
5.535900873795908   0.17992811485893698   3.338321837160983
7.830487045999224   1.466271417267638   5.5730398724923065
1.5709455396311416   0.8287555495289004   3.4199940489983316
4.8214519111197935   9.480597824654668   3.1609536073554425
8.96024606140703   3.4948799987796386   3.740848981944011
3.6357134383070178   6.904014511399038   4.4292066846140115
9.354388005313838   2.5825714567787257   1.303744064602503
5.646762940297145   8.802337158549445   4.722248708562211
8.47649513222743   4.775791250436351   4.424364275540072
1.6569355894055824   3.8029231097375398   6.269414434267307
6.095737435352995   5.963454408111724   0.3180669224300204
7.911896002570078   3.3073097742675097   2.183909881494196
2.0782683557857853   9.725891678077613   4.9118960173852955
7.057631130136902   2.0557885460378578   3.3709144204061516
4.334407191228432   2.265456392399728   0.18348872131381727
8.245569440273043   6.733957442104121   2.096677994450743
3.238929024812521   1.5614478131919312   0.9075013656407568
2.8660200481308586   5.650836914726375   5.436219097949911
1.3921435674597515   6.413671814151252   2.7487860175002914
4.091651792685038   4.434607169405141   4.692421408595224
4.516662825886273   3.411006381762576   6.202953889354717
0.194432488995915   3.3805813692834   4.997956507907479
7.648750655068657   9.082064506809559   4.967567105961235
0.3648641020955833   9.029627139249289   1.29372945666709
8.496291033052213   2.1769929294831143   4.368293984101709
7.151563429585034   0.8035390736795103   1.6238122433068929
2.6546107038511444   3.934986256554819   2.1931699604509434
