8.91344660565734   7.50315151765883   1.0425781011927018
6.241972182165224   9.73068850069765   2.05648578302544
5.72748789248374   1.617852417199815   3.7036400186775187
4.7036889626999505   5.73311950341836   1.9416161780777936
3.383786780628726   8.42865885152021   1.0831110135639623
8.24559577792733   1.3139519105017237   0.346810525305304
3.911648681718062   2.6840941618971246   4.004319728255311
6.9342872754575415   9.15890816149527   4.764642884129137
3.254323601362075   7.33213550538662   1.1231725096700824
3.2717737964771354   1.8716970782013322   2.0738590207909624
0.15300406803147693   3.3524559860321905   4.0812476555291335
5.901431191524902   3.303520720541352   2.8442113701963425
6.680487297244247   6.8447642076804955   1.1127437573636083
6.692709327614961   4.081180023404795   2.3025999038807505
5.583942679529762   6.483868684764108   1.9718703317502062
6.539092919888718   5.679732954331121   5.860391866231645
1.2471664089414056   0.6734707672242681   4.899387833576151
6.185953151355803   0.8030649322826999   0.2767029580131166
7.4021946963687775   8.439357196721964   5.624360169808649
3.0135903283892733   0.8814675089358341   4.764745713276829
1.2381577399965764   7.9882002889553965   4.774573637867999
0.6086442875695655   6.426515729646764   0.2447175433385504
4.489623125505319   7.786765670710394   2.8705684834912644
9.107624986108473   8.649834220407186   4.410030429123264
1.8507846474203078   2.96185596014791   2.3875211780378645
1.3753834522409198   6.9310176087193796   3.641261572761169
3.7065215793380104   4.397280466812858   4.115951083774301
1.9658947209974382   7.79953221826415   1.6103421685785484
0.35331557395601987   7.514696629752731   5.973493921813482
0.8986155879997006   9.741591355107836   0.9343971520506016
1.7746583917005867   4.7753986636292   2.89404127616892
3.3003189074013113   5.076768551013496   2.999933237872307
4.022723616531787   1.1084619713678232   6.281178618299585
2.6963323135231434   5.789716492978326   0.947869356681221
5.335239373763217   0.11289975843403433   5.054829851881697
8.323452515901659   2.1729675372905164   0.3610815597624669
4.921256094144585   3.8806997264928276   2.9356599455871994
4.90840693417299   0.8656535643598214   1.0046298904507702
8.863803031527972   4.464202712166424   5.919658077176211
1.7451593724036676   9.293724788105916   3.7639190493981074
4.946819627286991   4.629690308894264   5.706892720545853
1.0817686713775756   5.728885761372874   3.0173399731710893
6.441794575819438   8.274503406660893   3.6283252917987054
9.510326212643779   2.789966203216993   5.79846939185061
0.3334281214522715   1.828619337979905   2.354833059093452
7.493105390722679   7.656982284372823   6.175124517415187
3.055155350385326   3.51940933095286   4.9842879702668395
5.448972319390227   7.82389462055633   0.9537065448886054
7.226281652194433   4.965605450094717   2.2785848321259796
3.675623865173864   0.05045478439189921   0.6891623955063871
7.742067656400962   0.5137600139442109   2.868951510665476
5.013051393629487   2.813298381209604   1.3773665708502965
8.223674918975657   8.450813856885768   2.7138065998508885
1.8865455032702108   5.998945609730966   0.6161098716301635
1.1219707866561655   3.7379625953828888   5.311373350932878
9.427957053295462   0.9604695969338491   1.8201324280838511
4.57787851844838   6.836070428249498   3.0526833215381517
6.949185539812955   1.5310087951740994   0.3755651225434628
9.742684676544666   4.643461729455345   3.025085753975928
8.592823082938516   0.17927222107413643   3.5495067904878943
0.203740457546143   0.355602916103156   5.510528435068431
2.3225863709969694   1.33943025217182   4.4032623844660534
8.646139673904946   3.34897016128129   0.9988231441002783
9.269377107272845   5.319467335739563   0.9372146527272507
