7.550851456379663   8.542393682969635   0.9212170861592381
5.500008292174665   9.430790232942174   3.402757461515135
7.07326011977868   1.8041394855536903   3.9671936826785448
4.604650467477379   5.423378408851559   0.5552535436370305
4.85203936374956   8.592199842511386   1.8012769909722648
0.06121661214546431   1.9198972490718085   1.2898538113162032
5.860284082878169   3.318090248079374   5.329394370663567
3.6589500512461823   0.9281157104731659   3.956434201927077
1.4465044126395787   0.48016049315747233   1.2860442475160458
4.626328781240835   1.1587003944516336   0.396002144350993
1.01097330606101   2.050826811155096   5.06585361279636
7.0372250192331975   2.729253189463927   3.1354458953042132
1.5489560510098979   4.490864317781345   1.5643380268081
8.29764489117887   3.043852335780861   3.5955759929091613
6.272453593784337   4.49440340958907   2.079979604970049
1.1748732574081937   5.5770372165081845   1.7218618264526708
8.889417072688484   9.04506659091496   3.610635892995766
5.263328643649175   2.6920245515180263   0.5969523673224577
0.16248617993383085   0.31763710094417963   5.83592461786567
1.7735864968226378   9.382326293470387   0.2393621063548244
4.98305274777237   0.31693442929560955   1.3933180979517084
2.311210029558932   4.044502064162952   2.6268989110734577
5.554657797472146   5.231091667754043   1.8489316778869098
7.855123412394148   9.763051800949736   3.2641994830603323
2.675342852721478   2.47144617916684   2.723219150629248
7.809693143675792   7.237432216597652   4.973413026430351
2.101990249662641   3.2875703476975673   3.303817623574327
1.1829197344752567   6.732118975174931   2.937292261515613
0.9473868127594509   9.462144860809993   4.87370454591914
8.979554027740225   0.2789009150170897   0.5576265733206709
3.8160763491617713   3.2880631235390148   3.866420432828419
3.0068744374538485   6.065843632121064   2.65836580386371
3.0639247677828165   3.5941948266685437   5.918263491426965
8.406581117893234   5.5178440033034635   1.1708396971420663
6.778006308544451   8.318596463285933   4.112831254238125
5.871900849918298   1.591044989746964   1.7159682079734409
5.1230185382941515   3.416695426628793   3.6846343060154565
4.469833099249575   4.407818007506636   0.020955582504472936
4.057925186640787   9.298063886300415   5.011179056723384
2.5473467789829987   6.8964452452863085   4.939911507642874
6.589876217849223   5.381429840380176   4.5531032742668
7.4818562912449496   6.362456284385602   3.168701297574643
6.901104250672032   0.9288059806153863   5.330126294561337
1.2108582632755658   7.849906566538733   4.164969844172069
9.19998639759243   2.8396694919731376   0.9748989851217947
4.777857715338711   6.696897528878933   4.86131010763729
1.9172235488419647   2.2481157879412095   2.600334588916815
0.9902974232720706   3.071019214572245   2.3293005586838684
5.814225345987011   6.708924915582415   2.8166403530978386
3.6378857733703556   5.353294391751156   5.945441500418956
6.692718712306601   6.961704952453322   2.2585389299456633
8.098007741388972   4.59258158894633   2.2752804873219494
6.692143103133524   9.243893591002799   2.6601220154449927
4.760376269313715   2.0392804610470607   1.667957763935748
9.76728825385212   4.4684071667949485   1.0980305173577916
9.767458178783116   3.463710574314412   1.186901234203735
8.784453822315456   7.394522498094477   2.866419583472989
8.10713630169767   2.1400516931678895   0.7324665384364243
0.37396075877126167   1.1205038042813649   4.670451763586564
5.1842230597407255   7.412771585975664   3.7775061995462575
9.182784933970757   1.389889225730776   4.442490817883024
8.885150459869628   4.587351728302659   3.1332122563012
9.333181163922983   6.6561813307787565   1.1899783476717436
2.796772704753748   4.925065092812732   1.1193110425754944
