7.428267442597634   7.927323312616269   2.5660364420006134
1.7776417961985456   0.1074867531543034   3.9117068342301033
5.76775411228778   7.988653071342314   4.382350589750521
4.681705305513969   4.329305884882186   0.23969289932926077
2.830469536420372   4.152294288883881   0.6455467688603065
8.485085407486892   7.776594929710276   5.763970119389901
2.0132729329253833   4.568306444881595   3.6140000962669196
9.145639609290413   3.190089973825385   5.006351332662399
1.3701743626613863   5.062292549019245   3.6650526282108817
3.2245076695099293   8.617702837169979   1.970896130894818
3.765383038749676   1.0716246587282128   2.2410698682796557
6.805200083705086   0.27351620939848154   2.9480238195514974
5.4229827472903995   4.135574444995048   2.291405915761793
7.501472828932524   2.5772474418796194   2.6592447418019587
5.206952031841169   2.8652588330952264   1.3626821856172244
5.148043375739122   9.100055901725215   5.299773320801423
1.010721524288023   9.552494600512215   4.2789622185553515
3.2330352357213696   6.740975864189526   3.774762107364288
8.694109084613569   8.578410920602163   2.5168934445925055
7.884014444603593   8.754101164611981   0.013352201366357619
1.9975418472995203   6.277596472783958   2.1761734705480626
8.316009526406848   5.412321636888506   5.742347605260128
4.603474892537153   7.914996969426373   0.42495299281877896
0.6746212086787258   6.360726956349639   0.49429626447710745
0.2567300884256545   8.79263643520506   1.046185968330506
8.048791386501847   0.08735247382847433   1.0589871858466176
3.0658973729124743   2.9119266252578027   5.870463795264106
6.604237560646363   8.061775501512884   0.4738563974760085
7.380506274680005   5.2302340186847465   4.691196442372682
0.9518061134651751   1.6452965853631163   2.719106930828934
5.859332928340047   6.979382484454468   1.668977150629084
0.2137800542742657   4.924903586814669   3.1626643480021204
0.5223539355080902   0.9230550440674604   5.369990584856829
5.410100454002128   6.094416251454683   2.6662437887157484
4.402942220245453   6.821408869713856   2.939131635428189
1.5255935680036092   7.4951096038036145   1.101892735093444
8.139806411274828   1.4629775143325061   2.9092507869882045
6.429896073804264   1.1485696485511958   4.124587933412368
9.162053525416876   1.364626352380036   6.059293618978593
3.3386068635379407   1.7892784223287073   3.8197087956266866
4.76260496127515   0.21542108380567804   3.293846316343444
9.023006885157526   2.1872945401841775   2.9500968508244387
7.299356898526674   6.6758500710213795   4.334722525686569
0.5019058382896522   2.5450237436228678   1.0359430092445643
2.953706270836027   9.54284379046097   3.2249581940396825
9.57224335985752   6.53123858797695   2.748554778311667
0.9217349065134836   4.1143294466037394   0.13310716409705048
6.969297961035042   4.207389257434638   1.0808444102114685
7.9800769976817385   3.9025709447099968   2.11331277685384
5.616376302617492   0.9619334334966941   3.574796923177289
8.473236480647511   0.7868740936408866   4.267029321995584
4.649425325659126   2.2191019215998944   6.026959442845313
6.323707748018503   6.063344119859034   2.6052785332770076
3.287271293347369   0.45485136171726465   0.06877199002781649
4.384867777723267   5.960523299469444   5.80648046035145
3.163756626647011   7.609464041940791   3.458477097959708
6.298751456217295   4.902360205649144   5.162225034454516
4.71821668531171   1.0961237521889597   0.43382612614535976
1.576116918729099   2.398848500427458   0.32070182732553093
6.13770266168399   9.55096447036437   5.237755826767669
2.2516447861408153   8.716394525063418   0.111312950765031
9.242424097759294   9.769103481118606   4.540984049254443
6.947166691950465   3.254309922009484   2.5084071945076745
2.811511496758941   5.061342341938586   1.9097337986984217
