7.454156548881596   6.493887609070453   0.966475001402945
1.3496454820935082   0.8507729949427089   5.632937831464602
0.5565996568339053   9.377599549064485   2.5534647490246285
5.160873655628333   3.8785702103256   4.012977768560745
4.953842655433281   6.043133776463949   3.0636781141594978
2.787393598076152   0.9668992065581552   3.0108276998076726
8.103769325849763   4.99055608188958   5.231972792228642
1.2480359964114975   6.1449354199990704   5.121658396488239
6.727665667569668   2.875495275321681   0.7380221263465777
7.478292561541353   4.336218140467092   4.282350420184031
8.990059428079736   5.109322780797804   1.0373332501092543
7.53507828882078   0.08264669940211178   0.8064395194391042
8.757332895463666   1.73231055848658   2.8281603421274046
0.3904514859216849   1.12294844471448   4.655805391754947
3.9455958876763075   6.290426002130198   1.3864758808632542
7.966265555884415   1.2857209322874172   1.7751485314487077
2.1792736231176293   1.685409999624043   4.9480077547912575
5.858817432701665   9.085832380219687   2.2475115868705173
1.5494892394042152   8.42709516502336   4.028112182026927
0.21733004448040028   1.9666570773729741   5.605630084213766
3.868868331895081   9.72558069349631   2.861493439101086
0.3720479280430431   7.0673518085641405   4.141940313913545
8.168028833188933   6.688453241709068   2.665195752527267
9.141743776312442   8.780408406749679   3.728219200276662
2.4765119879187565   6.411739963743342   2.0747563899777943
6.744045415799591   7.405917284694919   5.358788708047931
1.50647249796536   3.4005478004397593   5.140594538833593
3.6999006454679293   8.400279867144109   2.7912903903944075
5.179480988701532   0.3547707843160076   3.3238397716837067
3.081334899051498   3.7344658804440334   4.171469835173183
6.125114319212059   3.9535825660698745   3.864309369984381
1.5987309816304878   9.583789243528443   3.1609940343243013
3.6297480613808566   5.405264921699502   5.5759490986614475
9.188975892133028   6.728434559187474   5.030259226508604
8.592483280099891   9.720757910440378   4.283527470078542
5.832073430615747   0.8719577429224852   1.3476250649328554
3.889105220471804   4.201350503984576   5.40487253606334
4.485432398766936   2.9219373122349923   2.061124509289221
4.589039574415873   2.1535653150269893   5.991808275802222
6.683319790212763   5.976498506393862   1.7131278543098434
2.4168566435161405   8.10295754619439   3.382180423922487
4.809136111496175   7.75795770327173   2.993485478472509
4.027257050028208   7.213058213112772   3.779993473317903
9.653700909895962   4.407628242267351   0.06640973354836437
9.177572750150974   7.860589152524675   5.411699809714007
4.438111989672239   4.720882534524307   2.885767147369505
1.6017415209662769   4.570012540423572   4.080411003111552
0.6043270688729379   8.049636623325153   2.1529593551424075
3.323679100504291   1.5808264529114124   3.4759151623176447
5.85749627655606   5.649979434012032   4.24815921621488
4.668551359088105   8.779882622395924   1.2281595901071545
8.150039034444598   2.5199153833665573   1.7217872321323033
6.954174946902208   9.253500021390659   1.5363050907993316
1.005967617641883   1.9477955076859264   3.7049883915751063
2.7019441643053437   4.775511925448224   4.157341286933732
2.944165967448017   7.489381742172378   4.6746965845943835
9.486181215923901   0.3365716448172345   3.2990601391323082
8.23783187486995   7.756231465888911   4.448965091449286
3.4678591773431564   2.3818128561120493   0.014250270217470051
7.190226216208087   8.348062941081277   5.23310177528545
6.203024412616354   0.10856478906894623   3.246480118397541
5.760850792135468   1.699988379902617   2.8486825853217494
3.99685897665034   0.6554128839259035   1.4657842065493942
9.397540747690991   3.1049616927564037   4.825717093272326
