6.730598348927269   5.728827489721604   2.897767636076965
2.3543711262748825   0.9518630341385337   4.610273455921575
5.818056460723298   7.512687328016888   4.605655183145615
4.015662689876499   3.714523911578999   0.4479903846597725
1.5033299192411416   3.9473396242863776   0.1833328527120604
8.76080550537754   7.317975829441756   0.26244295166309517
2.1121099114123822   4.799144253853159   4.071407207942089
9.23852940185904   4.1240827860032905   4.191801655747871
1.1206355114781845   5.7324151559251675   2.5885465777115146
3.9332529652667763   8.204412329289966   1.5977769330749005
3.9165992063260817   0.6559108743379557   2.239721813891503
7.9577095853204165   2.272633269997369   2.658082975659451
6.03207034408762   2.47018863832093   1.8183569471604686
7.443179036643878   5.147116603203987   2.1461797854153337
5.223351438807309   3.247045656865671   1.730933426861442
5.262007113707823   8.676022203816773   5.215651770404489
1.5804788831822487   9.681332243628137   5.105568270048739
3.437438738112948   7.639115518633137   3.363449014489258
7.4202703744023175   7.92038785973997   2.032407036150877
6.664476087181637   8.323813088901849   0.2545984932295662
2.0596003930809705   6.720072802188613   2.264228493935162
8.002615861599544   5.738076404071743   5.184739997188623
4.17744906873574   7.24353002618857   0.10378273595382928
9.735753413590182   7.5424765978033275   5.762938159439172
1.6132806610896493   8.635642092971294   1.3240072781533503
8.480533737774783   8.10512807634251   1.6796048130953227
2.45102741956755   3.820890841075469   5.62373561869156
6.8575202806635005   7.053334278273801   0.2811966847110127
8.418995276341539   4.315512501568946   4.96076957664342
0.022159189562943382   2.300207942836325   2.2675514611931225
5.327628905841252   6.075206643465441   2.19032789027577
9.209503905049075   5.102595824927055   3.1902368704697626
0.22223206830844056   9.182744304768823   0.023571602468780817
5.788391539212628   5.380542863553808   1.4902561725856842
5.001370620369629   6.947253772652747   3.131337413460559
1.380674382785553   7.292208671681318   1.6759504148127555
7.196025018667753   3.1088737841318417   2.8338811483087984
5.459887413594032   1.4782941153042422   3.7630796554571098
0.02930298891950045   0.9216654837649764   0.3030360916387891
3.5798253769873263   2.118690544587402   3.821231870261341
5.160129949605313   9.468116183234022   3.5919506440363684
9.335023664548897   3.172901439470261   3.354193036262101
7.7815734560138345   6.674902078054863   4.332498642628633
1.247706255966988   2.7929984087583946   0.7762696334982351
3.952349003562254   9.203619272765895   3.305205426846916
9.233943083354147   6.393861163436517   3.279843973177451
1.2001224568578337   4.728495086376294   0.5314854436616336
6.2478737887323055   4.15581013783631   1.2082666234013217
7.965658553422262   3.6772760247119507   2.5306035395024846
4.827572701497239   0.8497448474276914   3.354650711301288
7.195559907891839   0.8719869601132364   3.7516413268446334
4.0540485293699895   1.513885717860879   6.174280546384353
6.144466018740667   6.6533705610179785   2.914016483709763
3.247142830862235   1.0445560699832452   6.26142681346668
3.89656515517279   5.977864145768851   5.539777675478088
0.24739322350328963   6.6978281212117174   2.66619550442457
5.241999121307781   4.163358122008092   4.627655339642203
4.414628242583084   2.3928527155308363   0.6898426739029824
2.273985410076598   2.0973593753016058   6.2616086810716105
6.480824702060716   9.414487359698823   5.173489079852599
2.6943697404371982   8.845768190155185   0.05415007674279859
9.550993931341504   8.272754500181483   4.768889461243243
7.218714026501367   1.6853702651105995   2.940781706362854
3.8186152240637963   5.175964868080306   1.708430719721045
