9.230741696386271   6.530169202212696   0.41213816283422033
2.3525375525633576   0.6488389554901752   4.435545029949312
0.870978226512662   9.51257920680835   2.960910511318311
5.717539122017038   6.175674773596489   3.454782730733571
6.7903045627692595   7.265687586229186   3.341219241050169
2.7753929695277195   9.282497407969819   2.9847042890304194
7.5216659186197266   4.437999750344404   5.609813871324309
3.9142021827606532   4.1998216670351045   3.3841104464004657
4.402034248484019   9.139941060410079   6.05720182786355
6.310942099139236   3.367173812148416   3.1527338542556262
6.9122376993828185   5.407520222450404   0.7314092323048874
8.336571012845665   0.70252550918644   0.8966967491286483
8.415603968548329   2.3256406270273398   2.2532594816956304
0.6439895382103162   0.9230489411245411   4.276379544491693
6.551493345200824   6.460636770320219   1.8683027564826413
9.16684670635949   0.464043621569624   1.828979966439622
0.041993022008324   1.558813847223841   4.830737871660485
5.84153968485779   1.593908896805952   2.4728026156535496
1.1434691988238912   8.287757598980065   5.077079961313045
0.5940802213555938   2.9462760924261406   5.843918758585027
4.0709507163182685   2.0121249185459273   2.617297391923869
9.293345075397356   4.762192874714266   3.657970263246108
8.892704750197002   7.33105688143047   2.191230752759213
8.112883761956745   1.5635094914088905   3.358445254818618
0.5098052836620021   3.9369278732373805   1.1994106151878945
8.439195973073902   6.39331886669823   5.266250181161245
3.569923583915036   2.910349038667978   3.1605973809286345
2.096143684984185   8.615495837970176   2.9688164097087166
3.5176953545279304   8.731636688135161   2.9599836509197344
1.7291246217932703   2.8678513379161585   4.176530069413581
6.8521115820819665   2.2661723746668994   3.9876743180269965
3.1985073150986296   0.8871875680724638   2.813403164626788
3.3484646881087428   6.477052351351541   5.027533508493154
1.1228142280243774   4.640356388498056   4.981398012111869
9.639556627228629   9.544415190840857   4.667387720673006
4.7065912843176285   0.41350987328612687   2.1151948185226517
4.815176779036867   5.96073776232966   5.195704406452049
3.8166588169558975   5.531320822087815   0.590823239272882
2.2781662785291137   2.068435222535295   0.8996738490026508
4.444594209916627   8.235079021496855   0.02857399040747817
0.9418256232191747   5.641197654355654   2.7318783178925816
7.160606436226775   8.529108366834933   3.9625785696236964
5.503045079571367   7.210234884061783   3.3977230803337815
1.193853642848987   6.643457507127094   5.71714184505114
8.254634285048699   8.77651016573766   5.856826176059164
4.759085057680974   4.204959371789399   3.4124007487752666
1.361687223302034   3.6217571290341013   3.511784657002908
1.9592521867400596   7.841067833007401   3.1538554961041387
5.179421464859077   2.6667935649185903   2.622258122401486
5.831537383142168   5.124064927929636   4.627766251715735
2.602976636596483   7.170648886806937   1.1162205160904581
7.156046792148565   1.4001027740169314   1.7100881725618557
6.723087762810913   9.20988388486429   2.0320460435745162
2.560672630307226   4.0433040048444715   3.403163972268983
4.009720894744705   7.540892685689453   4.9008613968084624
2.4523608472024043   5.968952449206708   5.798991776725993
9.766381702927397   8.03845711708224   3.694745874455121
7.492247234863726   9.359596559863572   5.379527197486905
2.9845811251265966   1.8642235577990107   5.404892197336739
5.609635647238045   8.722397014352921   4.450646600324162
7.02715527571486   0.5707470820457552   2.878388339266371
7.7452888984110855   2.8308827898566   2.117259119021758
4.4233786366697965   6.73698921735656   0.7146530868225973
9.009530036884426   3.2141203347052536   4.916306316610382
