0.07204237290858373   11.143479848177517   2.0194631818475384
5.81948534237458   7.4120777753127935   6.2121616104336965
11.751607268781395   5.906427120432462   4.976357300806969
1.4323346649972946   1.8035735422727441   1.2501448870931764
4.5741100502702565   10.112328179457071   5.221168352510311
10.00420117111002   4.5632420739345045   5.18761805290422
6.741224932040366   0.48362192623351863   0.7281572958664317
3.912040077026338   5.407064353283637   2.5481910470380136
7.273505393205269   1.6134938166250028   6.279228353775758
7.118213701144784   11.69089250864185   0.012728147914046875
9.375221007059979   7.361206425707956   5.929646104705538
9.883404010482591   5.844318692647238   0.8155945909946406
12.708296900431716   2.70154827516361   4.608213602888737
5.508062424736248   1.9395345294364046   0.6960796570604693
4.9489048237290625   8.576834178034968   3.596470311924097
1.9711571321312982   8.061007366089425   4.648897971473594
3.711953534486849   11.968296129037308   4.088915738707637
11.187282157345518   4.819687472812545   4.756389216465046
8.003213828920508   14.058890577533607   3.8671340479637935
9.55369071534482   10.234788251978589   2.530213273090209
1.880181316427175   0.2201741744303786   5.669287483254556
10.406116351728226   0.8731377136642214   6.000535252656982
0.6704727779834878   3.4893684037384474   2.128276872929092
11.931966800218012   8.376844418959706   4.689592399563345
14.394907900951178   1.458860962845625   5.680717494254262
12.95022788061454   3.7679574200933836   0.5953692897240899
12.77655382791439   6.056524058494047   2.5454133353076576
11.870134185953487   12.590412883198457   1.4216869249879058
12.272010601397634   11.170675463602969   4.535146722137899
6.1102689913478905   4.403197154151819   3.3750346536882896
10.12608782772556   12.492353566303176   0.9079422317961712
9.582879542999175   1.6607560720748018   3.7992181571446415
8.054656579241197   6.361699122539013   2.939526684089676
14.259536900944513   8.973577577445786   1.1707782840585228
14.22250572032433   13.772698244489249   1.115970377709037
1.1612582420040636   11.710524871342834   4.86262428647277
13.289346622994014   7.383441946101258   5.505298815775301
2.717199057458994   1.4838153720037988   5.711937357713718
8.472557966681764   5.278336948724771   1.0053171459643337
5.335794243271812   13.83463964274173   2.615514789693578
4.762497916871052   11.694582757323193   4.140737304423969
9.184998362146656   0.04740116995383603   0.24865604753980464
8.266120859332284   11.714305325284135   0.798658145428863
3.7414913764915037   2.9937661494505146   0.07123976771591885
7.592165656598768   8.38667022374779   6.050704513893201
6.252728452105384   5.9583197550708356   5.415759413515391
0.497230781017753   10.133225939020784   1.9738011819581365
7.256626567970833   4.785559403512019   4.228287898858824
0.5368643362445153   8.168824780840483   2.5850825313288204
0.9335426994613694   6.14485293762433   3.5466450867680765
7.306017013972062   3.1799727828909705   2.0227048288732212
6.797440869977395   13.015732223455952   5.3410111431678295
10.620087487195173   9.652328994298369   2.401670551291281
13.081248197143433   9.504241680535483   4.807003777936535
12.13721900172116   0.9816355871930317   5.997498989478533
11.298380541231452   11.629127417138431   1.1942642250872644
8.711381658762502   2.549255492128561   0.003411733372375103
13.712993114670486   5.179007685376334   6.264493034081835
2.093755364738457   3.9486082822201043   1.0350378636565665
0.08212119589875755   6.7266635057510635   0.3166923445402599
10.551129681101624   13.912140740980856   4.455252086009001
0.6268498165463627   0.2999379032157946   4.3334024383090615
13.088581166686783   12.215271086349597   2.7583386732470077
12.29034106213763   13.929452724271606   1.6161823110046811
