13.729423019987296   11.921739026353977   6.053475827552096
9.993699111386979   8.14150809404887   5.927604330904034
8.789733061712036   13.045225001248353   2.0917797297260354
9.25408766828797   1.4010838343147536   1.8453975522658086
7.731535831964999   10.139184219914922   5.481970967101285
9.337863442751907   4.203642914916451   5.787492798994056
5.454519192552887   3.6408402723671442   5.568275345543902
2.662601820954082   10.825475846366645   0.3626592096415391
8.662102781550539   2.6995521364299604   1.0102510581954625
10.197496266819428   10.973914948378585   2.5397941857164876
12.658894711105882   5.453889987962462   4.913803406136006
14.398751831592223   8.752333706527505   3.054601906995877
10.833497914615824   1.4136628235065478   1.460769852768085
4.719508246551251   1.6089750828556786   5.284563102289316
4.467242414395644   7.265538831075477   3.5170244784997386
3.706779341111055   6.420144088413988   2.959580898580802
7.1547431402694   7.093446990283905   3.096449341693492
10.193890827359429   3.5337917878754235   4.389928134082062
7.871008510386444   0.3245270037530472   3.3244895541864388
9.053851276343591   8.748068979599557   2.2882670109701664
14.371095375543016   2.428801546750379   3.579726971396323
1.7782390125306096   4.89518522413045   5.408989630250082
12.385397589660323   4.387966147786865   1.524651230740775
12.839054431245783   6.528391046406729   4.762768768336261
14.192816420983124   10.536002714623843   6.023860989880414
12.39145229729381   7.743563416130847   1.5649086040442126
1.985461623837264   2.4958720357811135   0.5017171373357987
11.651085848217315   0.3219272248023597   1.8818932700389073
14.168017296625228   14.14824129429066   5.461391552529878
7.837125343040168   3.5980838446821783   3.1793701663864167
7.219319362214338   8.3963627987853   2.889401186353837
4.634255002309658   2.709018108902067   3.2202427506677025
8.340685521146264   6.734682665907438   4.394353723911045
10.711652614792667   9.770061904636325   4.633359224667356
1.697511041988041   14.336953040212652   5.037309193729148
1.3494245041968982   11.891170686784683   4.89641923047943
0.8981430469341385   10.499889801411104   5.441543824570768
5.58149550540088   0.7772159874630844   5.107108475301483
4.389621885967948   4.0830091231831185   0.8177929013072828
12.794386296358915   14.343499885255856   3.258785970559572
11.964576829078453   10.641213545173335   0.1838508211602607
7.457323741451333   11.800917053556592   4.93754873928794
1.4465782237484286   7.850107570500438   0.2099859567723413
4.014575224808715   9.640310449449371   5.855163701400021
2.1415783974325655   3.719996987374777   0.2611393807775061
5.498726028775529   8.51291535928956   5.194161310131036
4.462552270583885   10.723328477906351   0.8642419178438641
6.9776842582910525   2.003075523221058   2.3818523901725346
11.249023252472231   4.539119274322451   1.7353911945901324
10.75870455310477   13.608480532259914   3.4585704240910498
13.088378134392212   3.253275150818946   0.3384570918956772
8.532380938787679   7.850880098627492   5.440104042505423
0.6671873717641691   3.590087609560898   0.5360166545416761
11.656815317332082   8.649279940032356   4.3994429231788486
2.87989971759135   13.687533915268208   3.9888391263572194
6.464733552990235   11.405953553046189   4.298310631742154
5.915142789638072   5.145245589663293   2.1374571582733775
5.909756292794676   6.409290073658228   2.5012953565443206
11.666989002135779   6.0516016879948795   4.877476381806325
1.3070497662586487   0.9148660556726897   0.6732255315891463
6.957073483467344   13.666056924022248   0.16241068211705342
11.272850473156907   3.0107151198713447   5.275796985017405
14.362824494184023   6.622894279945129   5.794762982593682
14.244480072430447   13.040972635949768   4.781580796072151
