0.05446778636563643   10.02443883395653   1.5898378857343614
4.764866682733678   8.416046320788366   6.097802634258309
9.24941337337625   9.57984172800286   4.2156551653628
6.1943725648083   2.9481234120369377   1.223106144149043
4.676208073301122   13.518245749484514   5.9794088430603995
9.846319000283728   1.6326810845697648   4.297457136121001
7.29070964962016   0.06320837071287322   5.605497036064044
2.766235564650366   8.628038307893382   1.9365381854605361
8.742182387115355   1.4078337625871442   1.0215432367883412
6.502475987566161   13.14659646531734   0.5740148842905699
10.563108902918039   6.739681650593777   0.8367178488043523
12.052796102636876   6.5124051947533115   0.12832197088635308
12.444568746298488   2.5995079080245356   1.1233456430397726
7.137137887833471   3.366545377582585   0.4099325145660717
4.727460936066392   6.244491457152565   3.9254314704487743
0.5563788752770459   5.364650702901709   5.061465574169641
6.3461016847996214   8.841108996570078   4.811650679833351
10.274282258930183   5.529324951378946   3.9657652029401627
9.7260361484651   12.838689973667053   4.077234321971496
8.767877656497886   11.63560708343319   1.9415860467000488
3.0105352096070224   2.772652166413347   3.139634562365789
11.212779806938144   3.0486648114782122   0.07248460745576427
0.925907423380225   2.9823580080448924   2.0249513147438964
11.461847427208218   9.694322223619523   4.624214537917974
13.633224375664147   0.21547361896067707   5.751125857009794
12.172190924310707   4.357492841568265   1.139044131086342
13.210575413974375   3.588279571123503   1.7809051608094475
12.101818156568488   1.3231805879842087   2.92668301198549
11.58337592497957   13.028893955936365   5.284693568947462
6.168881275225736   4.536769682527112   2.3321429940531435
7.021692468369661   10.685406258356723   2.108366442637578
7.832706499208003   2.1720000592866553   4.005618053591736
9.465600177163877   7.691191923333089   1.860677655287105
12.344409551303878   10.608542842509111   1.6236591594956067
4.37545291829599   2.3571486791778877   1.5753451007866377
2.3370145250242342   0.47660812504118505   4.259318066316192
13.486974728608516   8.855765615165978   0.14773261069856028
3.6968642488545544   0.1740242170928621   0.49864995775715526
7.170159426372926   5.37808608167479   1.0489972669263585
2.9970428303563175   1.3122776134605019   2.863690136480454
2.2532096090691813   13.767517250395281   5.408591472111781
5.8782540145906985   0.8058956432273753   0.37250833632111324
8.135125145575046   7.311208348530389   0.9289627809892563
3.581139224254586   5.898225076488056   6.182132421946528
5.776410323291635   7.2840230495185825   6.034745838120001
3.081010208747337   3.9384204896986215   4.70624292823318
1.1814100376371512   10.1589178301649   2.1556760240273807
8.796269955276836   2.6770502586849734   3.682120517427376
0.5955937465220441   7.596467648878911   3.4123338269533265
11.501272283989548   8.049333426127111   1.4818501277078273
9.777169486257401   4.359656797142151   1.4677342132214666
2.755636247473154   12.026907043001028   3.9770292300624925
0.3767243585063368   8.855795411127035   1.50500289682236
10.65106088209437   10.479354065149728   3.906605543653146
1.0597570951544846   14.003313357845801   5.575736249595692
9.580634500157638   0.3392332718866848   0.7080949980424232
8.59027234914697   5.475114848210149   0.644143874407249
2.3309333271459796   7.546716110547944   5.441516366443413
2.626947729714314   5.546450118876151   0.8306523610374628
13.614694497437103   4.87724381661179   2.254157404606453
10.906049098873693   1.4880008876430681   0.3427913647278017
0.9986795687146051   1.1648539550289385   4.766413891118007
0.4354213502793647   11.276340609367617   1.870579176043967
13.705846565137817   11.670943115873465   0.04469991027068243
