11.295353644369028   10.964538660728056   1.8799812845979285
5.9386199298423055   13.028794892067888   1.4336862277775728
12.617619250411279   6.36102858212767   5.469522533356745
2.6523415937507893   10.890008934538347   0.29801635825490047
3.2323943239117763   10.043709705019426   0.45023790694423194
7.151487896207404   10.063275764942937   4.5400059990374935
7.394059619772721   11.18108456815012   5.019350266175202
5.543021393957603   3.6434748357275146   1.6751193377263038
7.087817013004259   2.580294379368555   5.976002449366389
8.7204842684458   11.96595648418531   0.22779531910586834
8.214709896722624   4.843246904456974   1.4560539568323692
9.384444967312069   6.964592549540591   2.371285242592636
13.98405792864999   13.772415550654259   4.440048349722949
4.030547823209978   3.9513998225286304   6.165942012322031
8.922852339171339   9.954097544680886   4.769602570258739
2.6273393506059546   4.477018120507415   4.417752736939321
4.260405074561659   9.145300863770851   4.3488874168889256
10.146001599572703   3.7994910770089834   3.2286294797439075
7.9740294397487235   13.244785549979538   5.6528419450227245
6.796721187354833   1.56747237174969   2.9361218345331452
5.38583462009313   11.237170732110613   5.540966054003914
9.012814498883102   14.006681789904588   6.054743343692145
0.261694665440823   5.156335080533694   3.7110004085778563
11.629917565466366   9.61314579261695   3.3020915444605095
1.2431598945242952   6.636672261894225   4.652132790953621
13.550826886587119   4.031253235942238   0.5487891970307603
3.11188002159545   6.341472942467706   4.845611840577157
12.131054580409613   4.12103794762693   1.628314865281617
0.6171233089969316   12.433088723868607   5.519020114440114
1.7408204258873035   3.230188935564756   5.459065593515872
13.180716883338855   12.927562185647327   0.5604942939898877
8.570110196832346   2.3047948229643795   3.7409732233933575
6.603122285391468   7.277344391789115   3.1569596668993802
12.915912663298489   8.475181474030624   0.23899964366666465
12.405057783695222   1.5999165743370023   0.23544152351421038
1.917097137209272   12.696590139492162   5.298992202915201
0.5642095686955424   9.633137184337784   5.882886838955808
7.597405189588086   3.9484924970810598   0.8966522729959278
5.607585916152389   2.0205336186182477   0.08639130942706177
6.988878565585986   12.538501743755846   2.390498338311612
4.278478858559731   11.859097644669372   2.605951325883209
10.4782759334951   14.135699061375226   5.159031478297701
6.555842334156749   8.669993324641862   2.9193554972572833
13.433999621581721   2.2395595479293515   0.28086087259632464
4.357458177494188   7.189441828301031   4.910216473053797
10.009994030700925   2.2384719670414257   0.27140735002832
1.2705480840375347   8.673803046581419   1.9416045745462494
10.549636320622103   5.025876825674014   2.5843856973369514
6.116983677874645   5.400939876252929   3.381673602801561
2.2271790805453806   9.480734442138957   4.956398515517196
4.41367205024504   1.890426541351848   1.6896059188734056
9.759834059035596   13.204846205664287   3.9741608782345086
10.335207258247731   11.817321520609177   3.4568479589279257
9.871660814359226   8.410863533235561   5.04168282122309
13.290018852580157   9.808910413015878   2.8953187044760056
14.359673991707162   10.780636536481838   5.421108727852715
6.711087972304277   13.765198525657622   2.300597771830493
14.342210795042336   6.797350494416542   0.6063186850230745
0.5643405010388973   0.1814506071049545   0.5900177626584957
4.054577543710908   13.965164323857806   6.1279139663079905
10.921763999006256   7.310823040073796   4.255937903508068
13.860774121825989   11.973917161516   4.572509328521423
5.810908490560091   9.914839142591903   2.6000647436231863
14.081480122299974   8.396400590524186   2.0625523201036207
