14.067220908791498   11.81067498991863   1.070826339460318
2.946266884376528   8.999373987513014   6.179599553285753
8.887208618348755   10.632684455806832   4.666592052043367
4.7791770168460115   4.095295819513224   1.4619126888344856
3.5472078542769587   12.394864781140086   6.119120271454793
10.473772371510535   1.8821924889614503   4.30701707531219
6.141032989335495   0.3102249219196551   5.528370936615186
1.817174472931486   10.886640606107841   2.0838357556930927
8.57745348896905   1.5209870082415606   1.0640642894172327
5.8038882956310225   12.147224290219283   0.8387159672403073
9.690149194795717   6.956799536762805   0.2894680343387339
10.758541516473159   7.667749506332066   0.015238352248754888
12.210448244984521   2.717225321148529   0.6295458613306993
6.652781563256623   4.5209919127082205   0.0024278224361257705
4.359504118288392   7.307473429324178   4.67467705292157
1.2361232032082732   5.01388995928309   4.987587014490883
5.227912937361282   8.840111273569292   4.205492060710334
10.121090063506218   5.477990161638031   4.22940619201024
9.027501149617859   13.544741093278567   4.448680309701007
9.38995151847814   11.92265211660448   2.7266343655411633
1.379354841405748   2.4660259528306425   3.5263378560936003
11.080628746629118   2.963994916313616   0.2011570422516728
0.1851299645461726   2.1290325589523085   2.1793547740396133
11.09352501534925   10.14322532131459   4.443345109054115
13.434045565542501   0.28057407653704575   5.675819992317149
12.236548775505378   6.115248019024011   0.7438488744401945
13.059406164690838   3.7074567905059275   1.444199041862474
13.392486166368705   1.9539918538953183   2.2903030587218334
11.356918354380287   12.327652652203657   5.066605847301296
5.320009436597205   6.054765346904931   1.195184829868368
5.975447787760775   10.83540322527343   2.035261795082115
7.6590870517979415   2.996729428769416   4.151657522371817
8.955529667747726   7.886191553821569   1.1916046489210088
12.03537111115721   11.42673094177889   1.3964086268700475
4.699022191387326   13.350101795529541   1.8543240677979704
2.5939199087302174   0.06720498561025653   4.352255909680968
12.71943765520061   9.41922042220534   0.5879609928614812
3.503076033982284   13.840136188451764   0.6695678209837603
7.829094791451016   4.605836522141348   0.2724511835577147
2.4819944094749697   2.414508483601347   2.7827771238685974
2.4498790544316797   13.305456908206112   5.5360683727091935
5.776521028978219   2.7020998738248596   0.7215771490000485
7.100750866933245   8.411755948637781   1.3792985526648236
3.273770220322986   7.586873448671986   0.24215529472572245
5.52363808208696   7.481873023565882   5.870069493839324
3.3213175248395266   4.27702550084947   5.1804816700401775
0.737165576950642   11.423479172706758   1.356939525039014
9.646195254495835   3.039670951358838   3.48147792020675
14.281019112235565   5.9276639316828135   2.779111055262409
10.256419734326032   9.00083311233806   1.6638479122760457
9.960788958469726   4.155158040021211   1.3905096067793528
4.221206446206047   10.75061893472604   3.6267523931339425
14.276722141318038   7.604203700368446   1.4230524992846294
10.405995218080953   11.517259506474282   4.774786076603917
0.975633104822702   14.158744346802923   5.424701820104759
7.856042614260447   13.983701962548828   6.235096303941487
9.002471693923665   5.4679700658194745   0.7535872270830826
1.7605965580738219   7.308286722405392   5.262376231663508
2.3326175578230792   6.08517753892374   1.3436977585842729
12.825110310101184   5.114438131237595   2.673914829777841
12.125652493491957   0.16422349456882573   1.436770872936554
1.1664331329653796   1.3539233036167397   4.693268345374717
0.38515465383350267   9.646368222624575   1.6584010107668883
12.83578784791394   12.587575374608164   6.249187087158521
