11.57637551512533   0.39244481437156264   1.409694148237002
7.322575240632252   13.366599156013095   4.004578027559485
12.262679780995212   9.57516396598127   5.9818585917791225
1.8596750003606586   14.370535679940746   4.770136635631167
13.284649625816824   11.914181341751739   1.548248213621796
3.715867552991962   13.507095583524631   2.799193053633267
7.926067952323449   1.8293087623852735   4.591241232161859
5.93369616290542   7.815814448131221   2.0449672357653594
3.877891018890366   4.41510817463495   1.0970293591155345
9.677581596421765   8.370623492996405   5.8339019973412265
7.394402110857528   5.085286438641049   3.2298613541982975
9.436834920377985   9.627993786110137   3.283097735424659
0.9982684027383959   13.599216921638579   4.227047165565771
11.878274506939325   3.9054344082198025   5.818736629464945
5.480862036892595   10.466779946989664   5.598316144218063
13.40102649214874   5.231228652970408   2.307867782569151
0.10520690128040633   7.982485044088284   4.987394128554504
7.358467215525269   3.491225145137954   2.3251524674788993
5.2409696744908025   13.722945401028266   3.636419403380953
4.3799007628957325   11.491149177085367   2.726165681533199
10.355661717408267   7.552378840852669   0.051159613786972424
10.139829001065916   4.058426007499367   4.626465074316895
2.0697536650061163   7.414954576889094   4.328473185249008
13.725041181086185   6.698971071264412   4.007423799531454
3.78026746953484   10.56336649071871   4.253892819724789
14.124294764305192   3.6110250655183704   5.6272206916748795
3.080921160177394   5.420021992442221   4.928464308937713
13.461765679717315   1.7431301762849585   4.8566099556895175
2.1850488930758547   13.198332587812887   6.180726551317775
1.0435624107413037   6.367009613738318   4.503361747370464
10.605651455304843   12.135885880752909   0.8409997559213302
8.92985325158249   2.955297361865784   5.4589678565962405
6.959497320694839   6.397762060972537   0.6059779330190874
11.078360657124847   9.54852453925298   5.044746862876156
10.267236391807753   13.967163274671815   1.2701998957089118
2.6625448460293772   8.93662063018482   2.986405567380215
11.813672907109092   11.720297755023518   3.806474296914113
8.437701667917823   0.4797765370524874   0.8695071544931426
3.410994067643834   0.19452966304616243   5.468146228222655
1.8337854885791056   10.357747556588631   0.4459945514828668
2.678429636510649   1.7577400552917526   2.89638726847749
11.748438356388435   6.174635708907324   4.204209115215642
4.7206755765411925   7.059506809311172   1.8052558001156445
9.040670722273527   13.158563441622546   2.411572024029302
6.553523385111749   8.734093717964786   4.4140428906213245
9.728610082835758   0.9687715971849529   1.865488889768154
1.3140388234375768   3.4252881868854304   0.14218809742598057
11.977605410027591   2.5104644206863442   2.874952383195405
5.33931754769195   4.729007786023698   4.8457158799190845
1.0469532611177637   8.327798280733475   4.527066410153442
4.665747426949715   3.4206942960183797   0.9016113615193678
12.837817945864705   0.13560873600076173   2.6443415725688135
10.196317977735184   10.674248518094458   2.3495446657139287
8.143122389437869   12.170783147663123   5.194502357675089
11.58128383767928   13.659388708104563   3.651437911751013
0.48294070296795616   10.628011616270665   0.4824197700824421
5.36526285129173   2.2501860432278407   2.9557594082936083
8.776262032702697   4.565258864837397   5.806338873795448
2.3278788566534985   3.047104708453264   0.6956410232148815
1.6119500866889727   5.146413733124627   6.1332128926260125
10.024361010127071   2.0170735776454554   4.4087707526655935
13.741519281472007   12.924058643688014   4.766662593002636
7.780755134557726   8.392281448400352   5.118495303739344
13.27057422795167   10.624137465377595   2.536148687342342
