0.8875744381363737   3.9461456793431187   5.5841855362941395
6.36027779265191   5.923920601160079   0.7969978647724523
2.532201752347011   1.2802805318722665   4.3744204918072365
1.0610026297146282   6.977631410580893   4.815022699482789
9.240632351786706   4.3081072573927965   3.431444670345911
1.8531840537088207   3.6656090217670663   0.8214906309279157
5.49393835908196   1.3532501014075307   1.506307052606284
0.11168981442123099   1.3292050733801535   4.322910081393466
5.182307194702559   7.498678996114855   5.224571229364673
4.111838495753695   8.735771287711934   2.370908564553438
3.5429832349555244   7.499092201225781   5.285320323200293
1.683799311256581   6.2721894335992685   1.2984127575828588
5.993488956001874   3.211027278142266   1.852118240263112
5.044573163229901   0.28122146144828297   5.6223399773606815
3.872577293086807   5.370859113565369   2.8050138430629157
6.520186067869036   0.2992892590477094   0.13107594375183174
8.283534623385057   5.549991344591574   6.1626228271232035
3.881167717927344   9.589867801305186   4.322106011327863
2.2211172009370728   7.249306050521146   2.5932065933725963
4.8102808010163205   3.330518856460663   0.34585250190207006
0.5374621038381389   9.549333071542707   5.889933672991962
6.42331411947526   8.494374572099057   0.18889925550298436
8.17038241308873   2.44696148070616   3.683608054656741
5.631259518126997   6.790830966608659   1.8734302945165586
7.136326482931675   2.2781621403672596   2.600881815340282
4.472184074009162   2.1480356284189845   0.09877372690698041
6.944407269837131   4.034400799111423   2.620499751603954
3.9050139924902405   4.319668750197897   0.1772283578717502
5.05606130768745   9.301000977129767   1.6263696956239437
9.672352087165333   6.044489751142112   2.04862289345857
7.328155220177082   1.1256152397323   5.112801615192407
6.332197701262784   1.997837747520375   6.155800699693008
1.692621409504703   1.4318616433474796   3.456224543982194
2.737662754667771   3.422603088974499   1.7138386817204205
6.010516112837589   7.767618875065134   1.248752924845926
8.28392711260262   9.377297033318305   3.3742258962270526
1.5883942849228438   4.796107325023216   3.4310626667966178
7.3123224839189245   5.38994095929326   4.996142806750528
7.506640652536707   8.525781918488901   1.0499463832379368
5.085162481324556   4.36793447472131   1.7050814201763163
8.233131359269835   7.200934552975349   2.582352681795505
2.7638156755480425   4.925508243369979   0.32190973037942217
6.764277196326233   7.533821460192976   5.282572837345414
0.1050889490204393   7.531253478479457   1.426476519817734
8.864202551320536   8.131358527660367   0.3862676680321837
7.251837358331652   6.860316846260897   3.346019433387029
3.9423638253889686   2.6878561012465276   0.3030110656179418
1.1251156579263737   0.606604739540933   3.6265754331287967
1.5898103417888414   9.265537272635747   0.38502058501786285
8.71702184471973   3.405154513610382   2.2283045447122416
4.683605907178596   6.073614611714639   5.792889127630032
2.757668049844305   8.22075944939087   3.242673629537489
0.43199496317724706   2.9236755431601584   2.0563169690283813
2.9288376178332114   2.4730491830555588   2.938964150421073
9.158474708500378   6.666616563005719   5.132057406354715
8.70414805505982   1.627283392617679   5.226134373097764
3.7377857913345656   6.595772650858909   1.3459938768070303
8.974545895492867   0.6999615922110863   6.115649960357163
5.33673100647884   2.350050069279541   2.963438100551441
6.428028543017389   1.1839274460723739   1.5891620088943375
7.6228230197053675   4.601137898862705   1.9812659329243911
1.709397232386134   2.2562654870038092   2.8493798749889896
9.572004325704256   2.225336716520852   2.990986398931558
2.8646712230643994   6.649055205021772   1.7415370561554626
