3.3145404759098267   2.946693948937165   4.848044098524477
9.169278160720946   3.8700021938746394   2.2505791114483857
5.666685694967891   2.5901648645656756   0.7615160694405585
0.22483846049267267   4.430248410568286   0.009587594929720389
3.4550147773123903   7.909666840509255   5.592319526768821
0.4043371060921833   0.3121433198746355   1.3995639061211
8.719000988499127   1.999245142671322   1.2150380886601306
6.615949483148756   1.6713866262710912   0.9181222403594989
3.8214557153024913   6.947372190939003   2.268414047160283
4.598171442809279   1.017138358686664   0.9024908488451528
4.096003859492099   6.116603354542219   3.869818058141069
2.884301015552426   5.567055354512673   2.664769896264334
5.485723236916949   1.5906051559819   1.619969145092163
1.17334846440403   3.7159302797517584   1.6342328682061953
1.1182790591004137   8.265886905969861   3.795321422194086
2.1885733323086707   6.9297097302998285   4.946977876615298
1.725711678014497   6.011869065342845   2.81382071327626
8.312758233496085   5.416235256473758   1.7759718379924168
1.376977810044763   0.7761790219944551   3.926533315833624
8.398872202880437   0.8736068642633751   0.10685883403606503
0.12409932621802516   3.281556016280791   2.5623941731516897
9.51264850215288   5.840451312213494   1.7163733080723218
8.265561971307434   3.728700043538498   4.427044875759176
5.1248630231874985   8.402009873048074   4.848521568487037
7.818764754477641   1.9042750892900238   4.396762250599228
9.779604917773984   6.921715314069252   3.402342079811401
3.05716868100833   6.381482013316294   6.064840851746977
0.21612972330377334   8.176242747654694   4.635561176785283
2.098497089678919   5.169710123443304   2.951672881650842
3.5092937040788454   0.2627785545735294   3.2741965835130737
2.419476806273093   2.6087990706783986   5.073140910230895
4.552337795662111   5.064117121629659   4.9372781133123995
6.245485151929978   8.634340287739496   1.1318706142773518
4.699593229195493   9.276775058455508   0.9741917901168421
8.380444104843901   9.624280988983074   0.5731534099259699
6.5564526067946405   5.48623178734071   0.8800766762291362
1.0536074027320403   1.5302970176181456   1.8273065011144412
8.304398940842347   7.688919565528362   4.379603568636904
6.829198681965297   9.797449470009836   1.4656884543154305
0.8748990785750962   5.208059066175676   1.0846986132828378
2.7237340612766046   8.830053275744255   2.756220096716288
3.7029661324770613   5.025375482554851   1.7850570764712947
2.169165128651412   9.738052207328378   0.8925565114245917
4.848826553628948   2.3326734202362083   1.9824161533412872
2.26765109766578   1.483532566119092   5.680487874218684
1.2553706711938564   9.18690819022281   2.0065809762548037
3.398935810548367   2.1702327354491433   0.5999874353119246
6.9803307594413635   6.552010970399322   4.371882289366185
6.149065720802629   3.249110260775453   5.196654133360305
8.977916774967259   8.24512908986164   6.017282069633008
5.615585001924459   0.49852966476939603   0.21581561059892282
4.3678378481180875   8.180023551766388   2.6012128120582068
0.18592080062628646   2.338157310836155   2.1549980052277737
3.5226741965179897   3.8147373505856303   1.4051894854507772
7.7769280886618715   6.784626441090995   4.607254013487051
5.690283542339628   5.028293644193081   1.5744641996117148
4.689242714804576   7.168589474195998   5.600757706739111
3.6096972104950944   1.336785742002299   4.863601534296887
4.289185034279051   3.886478241159175   4.505183549112646
3.897814924221051   9.306099502177517   4.892040943489544
7.385547730103805   0.9033997762997811   1.448564092245535
7.063465870313892   3.5655568784916727   1.1269086769070438
7.42213169768758   8.096612794993629   3.4103320503040195
5.546397342176419   9.322753190417425   6.143696296026991
