0.6712075427415748   5.727343430952452   5.649189219492683
7.878654668579337   4.375366950446022   6.028114211970592
2.2067668691093183   2.23712225760506   4.933211143501225
1.621658216019668   6.675406256261333   0.15292665918417464
0.3906274395590562   2.5048545368931716   3.4609496699655833
4.038244022983347   4.2405446511589915   0.9912847977541693
5.5488870420991425   0.7766962176328002   1.8001383408753573
0.7324029845889832   1.0915023673679904   4.727975227348123
5.673967235948803   7.222524898815578   5.5557229801693815
5.217892634122553   8.616649182055141   2.2932041644794023
2.8583717373159128   7.843688527292521   4.401390031311619
2.5302602118104254   5.917799771846615   1.914093278686809
4.380281423451558   3.5260453026038996   0.7627175814494026
6.920641990238401   0.9236236504226732   5.901571930953053
5.392344165076983   6.147542764566929   1.6925348700078044
7.611230414104012   8.653133181408037   0.38361751489176255
8.05361636640523   7.63240033831984   5.053808929766686
1.1956954028840083   1.8731665161905025   2.4523414304055375
2.078461484702588   0.7264950233275164   1.2104919979873854
5.512124660860002   3.7799740776714263   0.006980343060241645
9.680977189064365   8.62745500272345   4.843919359211824
7.138766542615299   7.890853170389284   5.942937562469457
8.015621745752007   1.4364062094734804   4.159388115025003
4.500738155457061   6.045129464426629   1.2627755744129778
6.45624673738204   2.1188633567280384   2.631051892600405
3.8412142623209125   0.6032361444587453   5.259604829326974
6.4595997385079365   3.821277945445364   2.0476095129101597
3.378753324060153   5.610579078215315   5.863173371808332
6.5444572452347005   9.053910087056906   1.6087516001309472
9.153705855421062   6.798847252630765   2.3266812899223397
8.893569603442435   0.7020681523155197   5.893203385577286
5.50179312576991   2.686438886445193   0.064845809877767
2.6409700825077853   1.547101450701553   3.151917665574284
1.0728089269051146   4.043466356286851   0.9848339334680022
6.312273521898025   7.917700226722466   0.9576285163232727
7.250502059458165   9.56788511501455   3.1767356359373498
2.0075567991631766   5.053109916351218   4.182368726382365
6.639432809474319   2.9619008430913616   4.05003188693311
8.186427024363809   9.372343956979035   1.2705204328762694
6.000016854285932   5.639024284149492   2.3074100602478462
2.633089229544182   9.199741214585526   1.371594755903866
2.769283705336286   4.718998806279223   6.217713365097168
6.4137807266481675   6.871363226933699   5.02398683988981
8.979872634789752   8.131964887132053   1.521486966417696
8.09645642220373   0.41613227454077856   1.276182414410466
7.613596476264741   6.483807467359824   3.5413472786274856
3.0274731777595147   3.8822605560328323   1.8353716200973458
1.1568554410366403   8.84217379385665   3.670168114512495
9.584509646765719   0.1749536498585904   1.0786514220249415
7.091579960301136   5.781196973226226   2.4571278908656478
6.333170458188741   4.857286185319958   0.5873408953651332
3.7626819769999647   8.953559704854356   3.12892718020094
1.3606086193948697   2.7516410272941987   2.1390988062042857
3.5007101145928203   2.9728536813638833   3.147139171624694
8.977113054224812   9.492580256661315   5.628367140737131
7.800327448342882   2.32611547936758   4.616556208679566
0.2566705515471794   7.141242208460808   0.8796137122324402
9.07015827842368   1.5532948848408095   5.566569909907786
4.600505756698135   1.5714543680717308   2.730214320854294
5.203379606069288   9.485510525193142   2.547941497869952
9.349814824464472   5.103661295648477   1.1906093621814868
9.316967474518862   2.948893921338617   3.018475514135657
8.211942297881393   3.5987814302915284   4.142777588720351
2.4149850918919253   6.95894360201352   2.222054779802271
