0.5358939639316518   4.927235198187876   5.679002307054614
6.254473173250229   4.938681399646288   0.20185215135215737
2.994740013103207   2.4158619858036903   5.159075206710675
0.7762576584737505   6.281004189694791   5.54383035489354
0.8305345123483828   3.979476657623173   3.138911638272284
3.2628157602620043   4.283547876087574   0.5523549402875412
5.173772317039314   0.6192690209532044   1.7460462398534171
0.6688546060782021   1.5053100846206107   4.745503818968091
5.701405975661561   7.769411361940083   5.613228313994193
4.2628003485519095   0.012947625361100279   2.6215290399101696
4.371878562057269   8.826533319083548   4.533621833194196
2.0358499140229176   6.24040646584909   1.53218028163746
5.351196864633514   3.016316624753863   1.0690616452550572
5.556004183919697   1.5975182215586547   6.145478288885687
4.3707887354397155   5.771671245893643   2.162803245049846
7.322311364318284   9.116972109422901   0.3629987718982144
7.725765275398288   7.081186935014626   5.434819477113923
1.4797406742777675   1.0990102045649301   3.201281433879723
3.3013921929905647   0.46178001508804517   1.6985369590579342
4.482015631996789   3.986459835046193   5.996794212227594
0.038087077048228224   9.080474221938486   4.792837436188657
7.417887410709095   7.927986502082066   6.018585210321803
7.1469129147709625   2.663065325979142   4.355090696826198
3.5252864615723225   6.40642809872911   1.1500696785836582
7.081976742863221   1.5766761437689842   2.6120759371092346
4.4509580354908325   1.4035660880076648   5.517996741153287
6.320715649358579   3.441985913335393   1.7212779920607182
3.381647298300031   5.446659408684119   0.15285856057840785
5.112790769897498   8.63063605331615   1.5099027609099978
9.412836452052522   5.719004679555874   1.615258855548345
7.624230112597351   0.4862648796983086   5.67530058892202
6.198915499336681   2.2400980606930627   0.055726627510836124
3.6347921883997873   1.7255179908158034   3.4227883432667894
1.70526339420013   3.75340769255389   1.6640838686738133
6.613706652868132   8.224684032968826   0.5879402489183688
6.66957882276223   0.25482307726156994   3.145176654115094
1.3681010080969656   4.5580969631699295   4.193485470372834
7.31082156043703   3.513866123022594   5.034806298194428
8.157314670741728   8.171210721363888   0.40549248952314315
5.757131026988741   4.062199527903825   1.4830968448359516
1.7075359419966158   8.700071029977138   1.697703626297903
2.5213104623056095   5.008554078682512   5.943148667363518
6.395453880224669   6.83039200064248   4.881800413450189
0.4540844246607101   8.49482308885389   1.6484884188554891
8.179272211710744   9.129881285630411   1.3046151371722265
9.36285483838868   6.930946320536559   3.129789727241566
2.6643983498604933   3.588833467165272   1.6179553418012609
1.767375838198438   9.638070208406306   3.4307197716183064
0.7838738926301452   0.5433179436938932   0.8662053842905627
7.146063518079094   5.614218421906012   2.172612151898007
5.997939166914697   6.0311237433293865   0.29299377714845715
3.268191427077007   9.115020393355591   3.0920667701702733
0.6456919537533584   2.6588618844716803   2.309394883243937
4.46694728723787   3.0226357565288944   3.442438492991332
9.497253860112181   8.177881552494975   5.887923523748878
7.939457998185394   1.9681846753456829   4.68150416661037
2.2858556620514334   7.321097283230103   1.0807627456168298
8.946151696089359   1.8646240438136439   5.638689407526199
4.245058255969255   2.2807837146514003   2.5171795958170446
5.532226087426329   9.4811790163431   2.9820914072788542
8.072033699658052   4.488233707021079   1.4292942262935229
8.605463488302373   3.031690493036886   3.025260170584792
9.310287235066795   3.8907876516166637   3.601193887760167
2.4850623594706565   8.11262017522864   2.078971331610492
