8.128451881592282   8.735488724971672   4.125048870152227
1.6089324436749044   5.243222864241151   3.624002067439908
8.151717266412621   1.936010591198408   5.258032138506122
7.6346584693369435   6.270827919756509   5.748981241301731
1.365499336142883   9.497764896845055   4.561113027134532
3.9396409984722798   4.436875159684583   1.1482649547633972
4.752652266561213   3.3250292762670366   4.009051980285749
1.0282065971915797   4.553978935925907   5.334159899238293
5.0491518200521535   9.66995263325459   0.6002645838793409
2.8702005843049427   4.6357748644002506   1.1638049455464825
3.9676154253207345   8.260593349313618   4.019091499526232
0.14562849602310024   6.398618513424173   2.7454596654322376
6.503341735733834   3.106811367091889   1.3714743417477577
0.9885297773622034   6.965314358600994   6.282320121671777
7.379332309287119   7.135087449319995   1.5464943763829277
8.30345846352161   0.06682224897069666   5.188149795059889
9.116746577969966   5.368178679862421   5.225917438208141
0.7857369519837886   3.5811831970776957   1.1885817246735109
6.498660888504589   1.8422657548953696   1.5282006928015341
7.872697986316097   3.5465653789647495   0.07393865447871217
8.081450510050532   7.645572305074413   0.18937566680546894
6.3924207512671725   6.952735649367887   2.372634764057766
8.293261958424138   0.8636249695605112   4.607052247454261
3.458456037911782   7.318020678994513   2.4981100323851426
8.187943932550947   5.630758092426418   2.842854969623427
4.965736666538804   6.471738521455381   5.802730341842996
0.26631863652145243   5.547943308051429   3.9019724298179614
1.7693237595997273   7.137006458511012   6.043495835295678
0.5619688296899005   9.23382512081411   2.8667150347919512
0.7842596250659648   8.500367145782405   2.636221892729386
9.61014487113003   3.068053959695195   5.377187055744643
3.654627407303802   9.190811615878147   1.5978773954922416
3.0019310441490057   2.6240574594870463   0.451848923601777
8.724546732835362   3.775092428444988   2.330318930499466
7.262214393693543   2.1212462206181604   0.06146508668192219
4.5852421248097635   1.1003360789869736   0.42608149328982947
1.598166278648036   8.09836051786049   5.130050111763582
5.7494460926307545   0.8350518971254951   3.5946545588866297
7.356470567160596   1.143255735668112   2.9882802295784727
9.299246512007832   7.300288789554769   2.2415589313031066
5.4125911473568715   8.031293490798822   4.086844315076552
3.813247451051795   5.5531310591867475   0.5796985460094785
6.533567626674346   0.21669559053354348   0.7467819398367299
7.448050324589212   9.192402050009756   1.6720796123848034
9.206360291444172   9.552574528907494   2.983586525495084
6.421980893295387   8.018869091955814   3.604547051483725
2.105868259547246   4.428828507044384   0.18587558095978354
3.8036418580138216   1.046031848986836   4.2710898309561935
1.3902100558551822   1.0747269576488927   0.5865554577500732
7.375019476571813   0.28973210479904765   0.9560063604192712
4.6762394639183125   4.811920465256583   2.6681743888700944
3.9034534307359685   3.212366846198533   0.43462568413939917
1.9951950282922515   3.179033361714195   1.7099238429977326
4.958578224253883   4.1367130792453315   5.494957828808915
8.867852756436715   8.069452264006216   6.10704467698343
6.276194730372151   5.237369130398507   3.6189514621230137
8.379387308402935   6.581977055458131   5.995072043086284
2.645279249248847   9.602343131900986   4.307537317947689
6.190548819428738   4.223075405431102   5.864449437734421
2.398262980800556   6.394251905229375   3.8510101750876458
8.02253089840822   4.313317971788547   2.0644654088572962
8.851954984846754   2.695044512961348   1.3363880054412294
9.2288337776263   1.3056951996874588   5.018048666861241
3.1328660133611024   8.176233981451773   4.498667333368537
