7.962459984122596   7.807560585272041   3.864066310450601
1.673388702364361   5.010345692996165   2.7963185982649503
6.198259497763844   2.9662606697956164   5.9802382285622
6.542305738675869   5.585642432498919   5.43875869951813
1.136853701027738   1.1076133198267755   4.143664707330613
3.454751061387502   4.3981941095734545   1.1677228767104828
5.424059821290685   2.4485868670247886   4.123979344123617
1.1752648232816196   3.941614362153661   6.047328662145414
3.654148312525338   0.07494211167635795   0.9002418948403038
2.7265361972673965   6.360187986145121   0.7703479660526766
4.65208570083003   7.857686005249869   3.4145709133321858
0.3796968820414666   6.424410945467569   2.922605221433366
5.988013476832143   3.656589935648345   1.0919665989609004
2.088085170189615   6.995831408243471   0.15385777399841238
7.137738920466091   6.426196669057649   1.2584491699604203
8.284119379713808   0.23469922246090036   4.584557764546061
8.954014884896763   6.042586625158561   5.337132084055744
1.5914829355064632   2.4717418238781073   1.212517081364586
6.463963710824698   1.0054882540110244   2.8156593642719767
8.348261689414016   4.0085603814262765   0.35049694547137766
9.28027412161469   7.34285823536388   0.7210998306125379
5.991705906394016   7.138704043210124   3.195775327114034
9.08640708838317   1.419405374247176   4.972244529873972
4.320230623916184   6.10367428473168   2.754971104321669
8.734866793216195   5.167187641436632   3.407173557699619
4.788031920011511   6.976034933975488   5.26948316068525
1.302638897126923   6.037435055595428   3.9150245528470156
1.6740929659478336   8.185739890222274   5.759351965385395
0.26939224632606845   0.5346349826788844   2.9112655889555663
0.7654905392747314   8.886059553862983   2.878685812787089
9.227548625622116   3.692640282468976   5.0087014220439565
3.8540435855610777   8.24775179932202   1.8007429287687908
3.734689116303634   2.740823905291623   0.35915272369232176
0.09849327667158175   5.122725576399901   2.4595491382749985
5.9752226333470535   1.823781949899573   5.796132204704843
4.3763624857977454   2.1873411511815983   0.09107345770417563
2.6150991614725276   8.962327328343601   5.036751405193455
4.360942222129628   9.230294288167018   3.749000995075621
7.515433764473398   1.993511558298771   3.310032254805372
1.2012776636495688   7.311640431681311   1.886349330308962
5.13234106678482   8.573766041242632   3.9654856939377665
4.519332215935491   4.295659207200503   0.9201626289539411
6.17476715774078   9.526751125889053   0.981649286502905
7.157521633315024   9.051521609992836   1.8983333744841955
9.19422131484917   8.475106829806816   2.9881004305292707
6.575078950372783   7.839595897850687   4.049034442324977
3.0069102357335225   3.427058156533614   6.223252240800887
3.4122581575770363   0.9812512691352485   4.24783018575933
0.9309655341086308   1.9815004143236683   0.2170537092061748
7.466910749777349   0.9417270232917048   1.1320542098950102
5.04874629206414   5.437353499701399   2.1084763393907746
3.8230933596096683   3.6859716761393755   0.38524679228534775
2.594913415726505   1.631331206311689   1.8249578385863892
5.35644520960796   4.110267585670435   5.641189038773987
9.216855426536638   9.536813440828166   0.8971336590855293
5.678563273510702   6.187698076465622   3.215129447365053
8.329403922998823   7.186018990601233   5.886979608788642
2.6759152273591926   0.23596462564429516   4.983422839112814
6.693130436221708   4.644008051762592   5.631813905620869
3.5437331104299816   6.546591613707299   4.344672761585866
7.041460204973411   3.9213510604144095   2.444512163449151
7.844052652362128   2.913758851661895   1.1103074804880217
9.310571339275134   2.1661858372098908   4.144290176205301
3.149888186603407   7.61367355319048   3.994052220589044
