0.03497633303954836   2.8913678300863714   4.275836661113852
4.256436138012982   6.906309337233617   5.941473288973687
5.626093331531168   5.665821076731492   1.2640545232938536
0.29298308241446624   9.671852830050755   1.7212811185987775
6.828876110794395   0.8518051765408399   2.198163768868651
5.6434673139145435   9.133089267273355   2.3688787248345284
8.994696740113309   8.620793421540093   3.264361170147429
7.107358018620563   4.619852777795165   5.806760005401463
2.6212754830800926   5.051630064856692   4.163673641821099
9.732330216910901   4.915119268576993   4.721255879042847
8.993674408047399   7.574745279519449   1.6847236840961255
7.283916546933202   3.5717235431761716   1.9907967012946617
1.1485541821339607   0.37003878238573457   3.251488360669357
5.8534829191425715   6.68048469606112   5.6030428321709325
4.638677674308606   0.5043317518109114   3.5009478978363187
9.077337405581751   0.849052458092345   2.7834451034036007
6.2191527897936485   2.80780773754325   4.4496078185856005
3.5958542164691956   3.887207609129974   4.457495291088945
6.12459290452798   7.647181242699033   5.85794689827464
2.9565448846749676   8.463268082214203   3.9803088555974537
1.371223578974517   9.261967343213843   3.1870839167236142
7.888047895740888   5.348574639513311   2.9997694858881023
6.1195059753803065   4.832446707686879   0.2717451661128853
8.012643858530792   6.744255950074308   6.048754523669642
7.0556323044368545   7.4181762993377   4.514825875404025
0.11541424676496714   0.7819157503337651   5.749169016878979
6.866208387762082   5.516624538128177   0.19970560205078255
4.07364422346367   5.248892450308483   5.0386645768225975
3.6241866333971213   1.0891575399446674   1.17745703350103
7.769537818467383   0.02978535962705564   1.739363377561153
0.831989533220627   4.444570733630003   0.6456690040011765
6.931876444617612   9.39314549802536   2.6929374989571966
7.147128426108257   8.536280995249308   5.879840775665512
9.27915183246247   9.71642114834283   3.184653060941028
2.7655953498929815   3.85731682750269   5.428427934447481
4.873910363767969   3.7770600649106196   1.6072671322673033
5.092954261551917   7.31118721754868   2.193419554714593
2.6725506658842355   1.6103698645781588   4.254691017154772
8.018908096130831   7.592370326114034   2.4419376420869385
8.016774289794663   8.654885709238558   5.134465394522213
3.6062226880317536   9.768309823303133   1.2993957524186939
5.649187513235902   1.3450082714563218   6.280736298055432
7.945314824901806   1.366947309681691   3.5759431031018076
2.569365300109824   0.5111167111111963   2.07278821498833
5.544144971023625   0.437433267492087   5.277371418522995
4.40934410061614   1.7026632980878822   6.2789879342407655
0.7080862026047849   5.757271053313058   6.159810163568813
1.2750522201838164   1.3445113407080456   3.1286683521708176
1.541212991904301   3.8878132467316653   3.09399724240599
7.207559403484997   2.2665841505214477   3.3419221003271193
8.99316200441994   5.461658256044551   3.6594461278105737
1.6655887623307646   4.73001548379158   4.599544413752566
2.3961842626623993   7.479855934458819   4.920604308512889
5.101611801863679   8.275360676138716   3.1610691619647513
1.5056856031948207   2.9465340682356866   0.31355360008634126
3.7871113570835906   2.719693999115736   1.4180428732431645
8.793176088777466   2.777585549604046   2.286174324660317
8.833788734414949   6.66474590702469   0.2290737347514771
3.515647964103879   6.292559857107273   0.7063067868021476
0.0728933528021441   7.622533535299   1.675787588301354
0.8257538544658507   2.0830651414084294   4.577348976421654
4.900291958379312   2.856339896841937   5.751081288699734
0.9972705593482503   8.181459388872126   1.40509117722405
9.755240163146684   1.9843061144999607   1.8169492911833232
