7.6196802212006425   5.8052624882354715   4.964261705593034
3.782941801687771   7.729983823244855   0.5557544350028409
9.31188118283043   0.07303209249475728   0.6270327681114687
7.843214565034996   3.5712908500689737   4.560391542027132
6.729818463268917   8.533628724590502   5.4841825776234545
8.724747093249107   7.369087791863917   0.9975256685798076
6.8440626657851045   1.7724710396821513   2.9413674714033795
0.6995512326815202   5.4388128108912035   0.5427048817623755
2.5907733120946643   4.798246177084117   6.245294752003828
8.569863315495   5.187832928356107   3.675164933534113
9.422226717914905   5.347720982428016   4.423682428017432
7.243802390901239   9.593244230457223   1.7970672559574343
7.649761362045096   1.065262462252955   3.346698130852543
4.653617984018632   0.32485988430328894   2.871304339306364
8.3748304397576   1.5082853319883518   0.03643976762311674
1.1851826553611784   4.036838216628286   5.924437790401312
5.318612154782415   8.87914784850483   3.567176336747838
5.702427272228846   3.578876933491451   5.271201359328446
6.801780637557465   7.498809151262448   1.9359674267600915
3.127630558329873   1.6420634658834188   2.6208876003782486
0.9961907767802857   3.148839978244387   3.1666311952577977
5.200371573270829   7.969160326017139   2.1364623710067696
6.206353767654797   9.518087648898186   4.284411923762952
1.5009319080850743   8.756839494236436   6.21568655620809
2.989153924539936   3.218158580835457   4.075473950051978
0.12447107437708027   7.54414434525118   2.2327350381170534
7.6617164841978855   4.880800002473917   5.349881108489404
3.9911686205004138   4.042229591783202   3.200979636416027
3.494639562402128   0.8549991486262187   2.037832629890335
3.6812263597764687   6.758414021451149   1.4605665028541954
6.752704372422571   6.3723565144156105   4.326003243367019
2.7384188793415922   8.800230341538308   4.245555751055632
2.6504316295592845   7.189955578006709   5.559788955915155
7.887213668435682   9.026215292854683   3.0188711675723057
5.247725432821309   4.808901506385948   0.6316697877191071
8.668385614141355   3.2319470396779306   3.9525028992142244
3.6264813720938847   9.10009839344699   3.0667094174804985
2.331039470257686   0.33187681083133763   4.5142145657684996
1.2292417776315467   7.542410695574634   5.663350807830736
5.162860049109539   2.544007635492598   3.0012625278785134
2.2108907647389504   2.226015854986237   0.6250910001431849
2.9413106465541836   5.785940856086536   4.80935858622963
7.614467305553061   7.795544999787548   5.5923754975851825
0.16890177970065956   0.879361483785797   2.389980120537929
5.540198857762747   1.162292181588998   0.25877693273216434
4.191411334024696   2.652741648467826   2.3312176591991207
2.101587484185778   3.605053451891096   4.686889619136708
4.940235010988627   5.648086985651947   0.2694498216044946
4.279129689093504   1.453369623752729   4.744271809594401
0.13838176940337377   3.2514619412743624   4.817213551700055
9.257720196867574   1.713589115491177   5.563249766279318
6.730498248512133   4.282003500478203   1.6995817437709426
0.7096739445314717   6.706030337126514   2.217852542036479
5.894394988913051   5.954087221002277   4.444037158558731
6.987313188664084   2.7879682165023825   5.258557028743003
1.978519520136237   5.9168941336204135   0.08023820158105516
0.8795189382234545   0.03542496705310327   0.4354370739403053
1.7369825789778   6.817902857134437   4.437427586351731
4.495209935882248   8.977563803397455   5.146853666144586
9.454341218247057   6.473414179821081   2.67319475473621
7.907160162990437   2.4810478682417236   4.022420675533734
4.869426992687105   3.4108455696925253   3.9255397882877974
0.6631393512967326   1.6372263408939691   2.5942829082246748
9.662699894295534   4.3616555673919555   5.980076325939257
