1.2515087612669187   8.389679364567362   3.0664643754912353
5.1073724564151375   7.304111221339368   0.494235436162301
0.8276586528292287   6.925130096509154   1.0908067358112168
8.866349659326106   5.700826583117584   4.737154099735115
7.002818323742609   6.810707413563591   5.032409481801327
8.915145837615452   7.505889553805842   2.210984421527208
5.854142477222653   0.3477297869002849   4.207697450197318
5.6207923937760915   4.777649863662199   0.11441589677804731
5.076661640317937   2.764033281788887   4.764916291228609
7.229767917013519   5.726028725560781   3.1745663912213953
1.6035270999739892   6.123789844868021   5.853952438563397
6.130130561388215   1.2338640618507608   1.1959534672943641
7.5538081983492305   0.09538573090376401   2.5518697024241104
5.935670347932412   7.420402176753865   5.156637526524267
5.145847838772447   9.071366676174534   3.0235942570279732
1.0641080757496455   1.349165426789072   5.426314148125327
5.783117094812819   8.493958026566956   4.375358433132686
9.569360882255037   0.7829077913024569   5.02586548439867
5.531381296103537   6.300744960561636   0.7899184520493245
3.716362128757731   0.33554900960530126   3.695485798306284
9.183193316925356   1.6992977768633106   2.8308040205187184
6.8421938609374005   4.883573990236041   3.1534686165116455
5.607144726225069   2.063383954784858   3.820196025631812
1.2167489778676739   4.9445279745933135   1.005391910300117
6.176012677886158   5.59897377655092   0.36303858429076785
1.7946421580706782   1.8244793950248563   0.931960424880987
6.900858498479188   3.742213507011507   5.548443010806636
3.6321188168431426   5.080901015210492   3.1703522623915674
2.1361312873055405   9.378234974077413   4.326053042172674
0.9953071553365596   4.0565375917771   0.21357747548455847
0.006300239080990977   6.814431862499163   3.2881562489212945
3.119483347458016   7.865969259472442   0.18938143259540244
0.48137871085796446   0.22191144040142555   4.370962053223028
7.833498692614378   8.444402975900042   3.958389429216564
4.582281604507152   4.85312856768948   0.2164080606059327
6.25534279776592   2.933617154496111   0.6937295528533598
4.292731534541873   5.8356383160194865   2.4962913810388985
4.176852440475264   1.1481839056833396   6.096750717020084
6.737406310438512   9.118614255494746   3.3762975703875204
7.817998730057422   4.9438346201314385   3.2924855827914237
4.68052706956727   3.5736562361343203   0.5960640385816667
1.4699036994098926   3.075132416122194   5.954744397431726
7.315517757476999   1.1963938224935844   5.217598579521365
2.999133725421984   2.6538774253188024   2.378798487707445
5.0267482227100135   0.8552635374685154   5.413611288214126
3.4443385669345683   3.469809458104632   1.2180545939703964
1.91815426069636   3.95259755584959   6.021356443770864
2.6274245731600807   5.906858718883209   6.084783966076093
4.326715774252379   2.273398711623331   4.72421609011254
8.178008538127365   2.615659958023589   4.55304172639844
8.685667282650371   3.4058806383138753   4.238659644363321
8.199967538273917   1.6664901966536727   2.123956519332582
2.273155762308607   7.216424108692342   2.848138198977774
7.070342309034884   8.007071582025503   5.370722473623434
0.03296783634777789   4.563312863921727   5.681128679193955
3.1174877807336983   6.667698504739565   1.9615348244306183
0.25020494204159677   7.904532426877431   0.9383495567912449
8.623486973031653   9.804040547673702   4.897837921682294
2.84925848699116   8.791783123532737   0.610701048110865
0.3689509692245996   9.096161118953374   2.6463229552751293
9.682663716902491   5.4260958962035275   3.4136664317325933
5.673856571406948   3.6665252459274256   5.214927909252919
2.765719241292329   1.109511106091845   2.7369373687192513
0.6300262799120159   2.560233117821518   0.7160412888590175
