0.1448273188313426   7.186839374430219   3.7433837826398255
4.708224298962317   6.984423544210438   0.21111891822499126
9.417717325292221   9.060770229010286   0.5479896644746787
8.636022008771235   6.298755677831505   4.813147237693011
7.4235613069485265   9.115259804026895   4.311377217840383
9.592044479406345   6.172385611764541   1.580436654492006
6.840002171408711   1.509586240534321   3.9442745592114643
2.205237435313527   5.191395201408855   0.47854613796662615
2.9129473845177376   2.5235247316731697   5.329491438527969
7.347409811467997   5.294176099094491   4.152805376826997
1.4611650700971839   6.297686283830808   0.03782288602410411
6.220501261807844   8.984869705625078   0.7568309418209429
7.353151551857455   0.5330965504300771   2.2297693319645386
4.113052445848506   0.7181996817436318   4.236940407141735
7.955973194248902   1.730714819567334   2.8629925105685206
9.056723157474407   2.250424950858738   0.5696414676845647
3.8392161135619505   9.105106985488023   4.640184281291541
8.652688046030706   0.9819143289546693   5.024879702700429
6.2353063403062094   6.767335874798062   2.6878134215304827
5.665430130792236   1.5268085382449774   3.921379499108515
1.8272081617430318   2.811253388312395   2.1651332791814277
5.195145921173975   8.12415600953381   2.1064661200199137
4.384372524279402   1.6300547804949415   3.239524105016994
1.9046592565186717   4.1814007149720025   0.028445909599210673
4.813151117818809   4.9654681138165735   4.812946485385184
0.31665468873031233   0.10084159170236867   2.0583551508278353
9.019011639879057   4.732348637899881   5.298937114800241
4.430829671459668   5.9634600818878605   3.262596025624194
1.7480840866969252   0.13341457137825458   4.990641368794753
3.5450794868271998   5.652274764048332   0.6096085398565005
7.382764894900555   7.248228960428631   4.534496752426781
3.5989520354882387   7.841280777812989   5.632754680473316
1.279591219645806   7.279043930683895   4.53864677400536
8.608899008237291   8.745651875189711   2.7855592282248196
2.933418573052543   4.305014474343643   5.909852680579304
6.654130468064646   4.419172725744578   5.26065307791762
5.306275464774846   9.23993698670337   1.7438107188140155
2.7054541222195003   9.507888927995637   5.617924543728432
6.3693047497331845   7.815773622580343   4.306916316254383
6.50060135524466   2.435804226971937   4.241295098059906
4.195834340311645   2.5661897878496984   0.29386122691124666
2.5731640795613875   3.4666054999929146   5.258312056041252
8.209139186543586   9.539237758469255   4.956287620758642
1.0890332900630213   2.124320366978565   1.9849900830780012
5.881002563031154   0.4974907363867199   5.904319887730216
5.110675913053102   3.6681449292242347   2.278308537911576
0.4425524190164106   5.412975096018017   5.3882443914151565
4.137539546536839   3.6375803346004134   0.7671501854394531
3.1846196923598455   0.8030168890525136   5.221382334242956
7.918876820813395   2.8816885118091506   3.720129520711359
9.682712409352243   1.289074833580953   5.248762967833369
5.9773441067342645   3.818552011318899   1.9888787130766195
2.3470818004022385   6.0558467293864915   2.258164066158255
5.360924376044078   6.393773994003836   5.656959137620958
7.709571972210964   3.900742276736037   5.130172323419875
2.1096884493021837   7.802510494681451   1.6553937609608733
8.738794502519253   7.85407344716735   0.17411812210097047
0.8166152023678763   8.406167858809471   3.998161922898868
2.9379760854903454   8.570965901409004   6.066419533368107
1.8508849546932018   8.978657556323784   3.7560837368093267
6.2045175098608265   5.375865829844215   3.2393771104634395
5.337990929433831   2.66643608774208   4.87170154964244
0.8845872327546199   0.8101300974570464   4.027378999940701
0.9807766904199698   4.103533763121794   1.7717085550574436
