4.2273872418439336   7.3924394720922235   3.676432605334611
0.7837842900106964   11.163089230597233   3.7635853446113257
9.21203164936943   13.10068600150795   1.1398309248499001
11.290877871792437   6.626230605405989   4.457942641279166
10.408848142912511   10.48021535486009   2.5911214416251833
14.093416864202277   10.799984649106731   5.575753502039272
13.420399113166997   8.848607769176933   5.041708143806735
1.4308509534696565   0.9812698309951219   3.3346461525139284
12.639701010412276   0.4408530583263067   3.467999039945109
7.058287550125643   2.873906409377255   2.690088240218864
13.366360577394525   5.9956310077450325   4.975229429886624
6.514865937251294   7.464920536207863   5.927527735825389
9.722130626491143   2.354133442637667   4.449390029065015
11.040758696190307   4.198786844184018   4.417944779919559
2.0184758877538695   1.8890085930783682   3.7525597923107012
10.836075074114243   14.149526032305353   2.0535499100128303
13.384842907961042   11.738791794669861   4.435235529632898
4.951047291170015   12.392814296196178   1.2380650402567515
3.3209000484975304   2.5316019676475956   4.2021352499505085
13.650643448998656   12.856725566992877   2.5945767117271257
12.568402955835458   1.948267550590483   0.9664419475566303
5.98859089560049   1.7244223356203598   0.8033809818031684
11.227540605345597   8.249649015959339   4.945849305258827
2.843211194859544   14.314552859909291   0.14285322481871554
4.9318621554187825   5.042562023708883   5.2276529846502795
6.002382516436335   6.459865248723331   1.8565999610701507
5.659842418891362   13.605657783266892   5.461278652349559
9.18695932118982   0.17827168540965488   4.492313371866495
6.089984476994306   4.6596814532789805   0.7713263997558997
0.9524917271708321   3.618499050077547   3.8044382564999504
4.596087052620812   14.123413994760234   2.9738778797059036
1.5914671820756179   7.266116248194033   5.680872814940302
10.650494207725917   12.68336940943395   3.1415084479178694
0.4107178194828499   14.367861935366612   6.2231535688944515
5.877181949129104   9.001720637581434   2.669241406473173
11.752409952251012   13.224048661719376   0.83165183768155
11.749350302547079   10.269134542102881   4.620856025705228
5.301623893827673   2.7104784105887587   2.848774496890879
0.4675621309576592   6.023183451255835   1.1466294286288454
0.9223059016688558   13.396410934084276   5.44370838777535
7.397139754039213   11.628688746975602   2.9205629750756743
7.4245217603422455   3.881905188592561   1.4285399797389318
7.331222432622545   9.88393468053023   0.8541269825983079
7.589143114109124   5.71816264785827   2.4197163112292346
13.086001691542727   7.015640021504906   6.171293158341097
3.246595732730608   6.024716691460656   2.7594991012291676
6.643225574687316   14.09444341719578   3.0439705894474063
1.3494959235902237   8.672242725102446   4.325198766752198
4.580743631082492   11.13549606479298   1.8276515300898155
13.843206964554808   3.943070659519179   0.14963614171858725
8.198200892480532   13.389097861354898   1.12551652023169
2.645574416552014   9.639218010215613   4.97509110087246
6.257438842124551   10.729245761492088   6.166819833530505
7.8094767711763575   2.163793434471253   2.9403149195800036
9.425639724018176   11.035689676624763   4.774149386521712
8.777553981118352   10.084614550618925   2.592600933105758
7.921273435850549   0.2832879403960761   2.1598305611755952
2.8550048231400167   4.779924439359672   2.9777374520518096
8.57643184560677   3.752688286950767   4.313010198399566
2.6367662869141926   7.9780130184496985   5.731667460880172
3.4150192124696126   10.676342104865794   0.5609370024347179
7.747466505441771   8.775753998747946   1.4557915607407395
4.0921830171511475   0.6607614796915399   0.6954303502817635
10.798731116877063   2.5410777950728627   5.234103177111569
