5.685743662072879   12.745221704390204   1.8792842721474983
8.36630273266919   10.652869109806865   2.0575045066796123
2.337787496450243   6.338531355405694   4.587929551523401
1.0387486758306408   5.456525257060832   5.981803326837126
9.938167586137073   5.292819279857444   1.6495370538889957
11.572943859977809   6.5964888879668075   5.253643464188059
12.104828988730029   3.519920009372038   1.0500189587371846
10.036447149918276   11.16933488911393   3.068478340818521
12.45891538168065   1.4161904038084403   0.2797248918813615
11.896750871544858   5.475358839532884   3.3271303872739786
0.4043648406151454   0.5072692709880211   5.4857558205693815
12.809159437580309   10.592587485124088   5.65090277968633
6.12459027944279   11.35628084724439   3.7064209453190156
4.335705342321081   4.28543361119257   3.1587045669778435
4.397042611672516   10.526042862454595   0.3750965635013636
10.818699215197995   12.67116132209855   5.148817080332063
14.11258935833941   10.656458488399608   1.0445184408782344
9.66117859366989   0.6522972855340357   2.133794649517225
12.662732880564405   13.401466313727067   5.918516418362387
7.109404728040107   5.311535934680932   0.9376508772006484
9.330999719959108   12.300451000978555   4.08501159393265
11.548299019737515   0.545113905750781   2.832345110061916
3.521811725919184   0.7047005763627855   0.8525331764116709
1.4819582973762258   11.938074219843289   4.774195917508026
1.6610158296927526   14.250925146327162   1.6377831365125708
8.595754439535245   5.9576617388077215   4.541487169964885
9.36066087302807   6.943443973742625   5.783111137883685
5.453966275338632   10.144586912843137   0.5036120173513607
7.464533759624695   0.9365530721907275   1.0584869144147464
10.523941747918295   1.3042910345749443   5.567745286417659
9.79218594173445   3.0673177016572546   1.122756007115955
3.0820697026982407   2.398111111533515   4.444600691311148
11.105930588225544   8.598807341148513   4.4439282181303925
0.9789724110307862   10.630341347161703   2.8332355822634163
12.762443728464472   6.190954211149313   5.469332011450044
1.530296744708885   1.5903075527667045   2.4955735473780334
6.1444028352757085   6.107380650939028   1.0464467900675123
8.298700948728799   7.232816741693993   3.1680751975533035
7.3278323099512885   9.531255475102451   4.454612340509667
3.405510947501524   11.511117841801687   0.77394629075942
14.384792295912941   8.112943666545979   0.5310602043682623
11.5117107031378   13.658475348971592   1.220687532258335
3.710306501445357   8.813826598638832   5.655695023171238
3.97235545418981   6.228662732781321   2.776277849689392
4.457917141156074   14.2370462776063   0.9992895169442533
10.65875817719379   14.273893902072802   3.975991816681502
6.503728992148855   0.12434425336495156   1.9619416661753886
2.211734414074607   9.301422023229515   2.77275739340083
4.032632873475017   12.568354214344417   4.424254805210534
10.41507711195754   6.78229113316485   1.4778419157373668
11.520214375885692   10.872354123341472   1.887396995811202
5.447503986320695   3.004712763137958   5.807005021197601
1.8128207878503835   12.913985396374532   1.2467256987680466
9.019464987851077   3.9945285161996464   5.246893009950128
12.01139340341317   9.743448056396492   3.3155925853336825
5.390431555528884   0.9126570115486083   6.239154850717443
7.488409614567907   3.503160052330494   3.128448451820685
10.923066305402369   2.748864965509655   5.62513753046039
3.082873029955289   4.920758370392621   4.476245837128616
2.85551258364355   8.103445629570352   4.272784948606044
8.332141989500272   13.163832963336484   0.7640795581773292
13.305720659460222   8.827381100799958   5.499154186676294
0.7899241740559725   8.805139549476806   2.1432657212909465
9.134829202662639   2.255102161896816   2.3159726721343077
