4.232910974081849   7.716067719261625   3.4449531348743307
13.546728263027028   14.147402267070815   4.3329893868137415
1.5298308170109824   10.911691066644913   2.4693602846493254
1.0339088750060013   6.908215474163556   5.91595659135532
7.623965343350293   12.433418491001472   2.334574425132474
13.729709527906701   6.705001770453679   3.9418271253265176
11.693622368759389   8.223765196806623   5.768205524930793
10.591634806996284   12.061854933502268   0.05340638293543504
1.0669115229205755   12.245794644486557   2.2424359410857067
4.937255562113275   5.864008098787981   3.5310136009706525
10.92661599791366   9.995074364893474   3.0689829235200405
8.037551136888084   8.361917966248017   3.847341337087542
5.1691477132434365   14.074146073954132   4.945258655668276
14.075948833876046   0.7048760502866975   4.137509670287703
5.3709979659075255   7.5784706205347865   4.476238228827764
14.045185831429109   12.200389964454326   0.8168680835283761
9.706964600348192   3.8404438350137315   4.794794378097679
9.32344702818423   13.383796113352863   2.357279974169275
5.568855944019   10.707461762150443   4.023587719070347
8.334345943857352   1.2007418146776183   2.3412322502034555
12.76571247061439   0.46964060866416685   5.392112262210971
7.269197465154007   0.37533251184976757   1.449419629794211
8.422520287344968   3.846866747901514   1.504195895652154
12.50698118590289   9.212566005877534   1.0955353583654008
13.54670578217835   4.946535849540149   1.2314082626401883
3.1199251548360314   7.222139116653003   0.961883372752643
6.472058690811585   8.074673749711728   0.243656122781586
2.921581070571576   0.41894526670751275   5.823714545323293
3.758150624590287   13.451187279701822   3.6386753469532302
9.785032491851412   5.5918226787457606   1.626485688669691
3.2428418179972676   2.3337900684145048   6.126478691916036
2.0609153781369014   2.1880398996523986   4.175464083649712
12.581943975171972   10.514550752629926   4.4597151730483
13.672727783571357   10.860348134609783   5.319855069105324
3.5102292320410986   11.956264316147383   5.6107761943109
13.848972055623689   1.8964407294977499   6.044298954167789
9.226771154164595   9.992615044854368   0.2769541746758195
1.3677861380514242   9.215004904358862   6.185352288494223
11.640915024389782   3.2493263157784718   0.17999204688140055
11.718029944433646   11.846396999834191   0.3268923134931554
6.921005441318413   10.607084457787153   2.8480107035223585
7.1254196431873895   4.146210464889743   1.9935915491049867
4.8480912396102305   11.983455261637273   6.040650818695676
2.049782591651427   4.275904659936107   2.7779542622380897
4.590675417437742   2.5083476271104033   5.215995018386567
11.06801512866295   6.190082921695732   2.74533708784494
9.941595354539599   0.7767191043831978   5.382628334371971
3.272975661844842   5.7974050722447705   1.9354557261092087
11.549010160946377   1.5403121024075042   5.712488772339495
12.451416294951255   5.6973960220430895   2.686814018379946
12.947583112365873   13.274910751758576   5.3531642397712575
0.454958210150056   10.298134088685513   4.921541991328178
5.159104869817238   9.52579093960333   0.01628070943408666
9.078492808476842   4.731024290793104   1.5267055772559908
10.11008827470879   7.012134401438574   5.502281077476707
8.366445070699633   11.132260583384262   0.6673405264413436
6.851578920815801   5.854315036139914   1.7051292221030678
7.89959327317554   6.431027168889165   3.869763834996219
9.04657084699677   2.9701042302470966   5.511493825954543
2.96147651913772   8.501315525963838   2.9431931427236293
0.827854016658488   3.3665165363105305   0.7733600348422406
10.928725752136602   5.146460030666747   2.400928948896406
1.5900949854615198   0.10335486188607618   1.9893854892981397
13.671778642541108   3.4193223371109474   3.3654947781108597
