3.348464918337611   9.421149768610379   3.642821804096612
12.501951319571635   12.960040617478755   3.999960223838704
6.449403551805514   13.78121881986254   1.7963920241300517
9.59716987705176   7.745058664659937   4.242818040235954
10.504560295057416   10.428524866730104   2.849546583525195
11.745702662537083   9.363101632512251   4.900988043390941
0.8517943904099906   10.50267163612557   5.885818561132542
0.7543496203891163   0.6988420909912241   4.121957226552163
0.32337290242242744   2.6000080343841443   3.3655408462378458
7.062083177405957   2.722938900345655   3.1839584580886915
12.06315647390032   5.451019135310577   4.9022580806433425
7.308878044683541   5.7824341441352844   4.102185287845457
8.324404505791719   1.7394906103808296   4.910158909100465
11.111865903578273   5.954583878374865   3.634043070236706
2.5908865903213254   3.553176333988278   3.3441741754663896
9.694521140697281   1.1477995991899559   2.836852373220071
13.663439552338794   10.939368528264039   3.1669038537309535
6.611927012871847   11.828673133890021   2.392778511579646
1.2444077980446573   13.301261087139814   5.178936132895182
13.824125762181982   14.319539266042531   2.841592393949047
14.058111095257816   1.2344181914858179   4.616345522888915
3.7361333197031117   3.3083472833244363   0.8728251411789797
9.508510560265925   9.303310332233973   4.911021095680526
4.190974422153164   12.61170064891232   6.158381619246913
4.795621158514491   6.071709012426642   5.484080764465565
3.677254898704941   7.536702265160115   0.6978219548374812
7.86068244575284   12.355648026182788   5.282915131519632
7.275096131929469   0.9762522108905016   4.252489357559876
5.789009079064105   2.698079543106534   1.1028900515355662
13.296395825260998   5.644783937289598   3.7787800045133584
2.3399808852136643   13.04803841461593   2.2703617594384387
2.154731585048284   9.244481651361758   5.966794260172751
10.98599221640948   12.762989381838276   2.3505718661262973
12.582389780247007   14.041465435998697   0.8807603514130937
7.565725381279254   6.875868193523015   1.4230931248703207
11.655162487950836   11.919243625773143   0.687681942626243
11.43577002181732   7.6763641360306485   5.143117715583578
5.237549913013315   4.837698351042806   2.1736460379953777
2.134068543334278   4.722682016099114   1.5231820623816859
0.4516911961999914   11.473446302773795   3.61551151552242
5.719272591975568   10.589955789654587   3.9634084475766045
8.363850727958036   4.36847733318042   1.9583809909172767
7.929524935923403   9.392795864282743   5.956858219589863
7.084974268392389   3.945798965067022   3.447193260509984
13.066730149060726   6.787437397649934   6.067162427403469
1.4863830954425736   5.599745368826215   2.8315137992894504
5.103225812706855   14.316042658652831   2.5504024332410333
0.6178386704770817   7.436775611300463   3.6057826749270796
4.918913400636422   7.292280392984746   2.860485009746769
0.29332148269575564   3.6631594796040403   0.19283543980094406
9.618168769749683   14.372879558069904   2.067374803104288
14.02394424540343   8.204339985751686   4.747467855235894
6.277443547324425   7.551494524061699   5.566477622967372
9.110629494424835   2.816005891940932   2.832850279000629
8.826963066229428   13.13941582605657   4.8885485383272
7.279397540281761   10.769178803957255   1.3784069339135843
5.7665947932008805   1.5604552863805752   1.8539553198089926
3.229912289444464   4.647595111805933   3.309244885896
12.291634601517273   2.600168180094843   3.9705585152945746
1.538139170092019   6.817035356565827   0.04954712903535137
3.642358012039269   10.879074937736446   0.0537303168149148
8.871156711958161   6.920268162743481   2.456017088272389
2.267303863067305   1.9079700504350707   0.9216882777568596
11.169262829199969   2.2465745408362947   3.371819416564203
