4.351287011809749   7.71098098446715   3.9544360795026927
0.01061351692386836   11.523320304309907   5.220009773448288
2.873871737737046   12.342684939186343   1.9395058909941305
0.639036829308487   7.622657997804953   4.419847575916248
8.618702730852258   10.778483646091614   2.2303739896736894
11.677908439391413   6.436359602076945   4.135593478477771
12.808586102489063   7.035624316774239   4.8755430822801715
10.634841802246301   11.529188636457068   5.969664997378459
1.3989040147695482   12.598503665571808   3.1742358393890426
6.535836245731055   2.6456793508962164   2.915119472348674
12.399852974691548   9.001908514307312   4.508322976751872
10.298465380647151   8.326664140846974   3.683329005023607
7.557183063839448   1.1111184827826142   3.570175962614209
0.11470630465365311   13.601411844901637   4.293442902061634
1.9276275039788997   7.508737766491933   6.005717764571556
12.90614449290557   0.6658218025193453   2.075687594377945
10.811023699825853   5.889371796831261   4.989531251615856
7.081647501541665   13.862965880335384   2.751557315095183
5.7575456567355205   11.060335871284094   6.085637392651729
10.15127871268937   1.5019144344153434   2.2978417697653977
12.17443634597798   14.014194115898796   5.289268245861197
6.123121113654297   1.5865604848386847   0.940398424910487
9.87596401076545   4.964333263340683   1.2762961874500662
13.773532569115824   8.825597772390783   1.2486472285508117
0.016363837390444474   3.112970630814618   0.21602928340133967
13.865926814979003   7.034181387417685   0.9935970288959192
6.614732169458415   7.752821987795491   0.2983218818003429
4.516025620562703   14.17068892238045   6.236038202936244
3.3372659050703275   13.77132550655346   1.6681243541879838
12.279595217278995   4.526975297944628   2.2064267726506337
3.648795706288655   0.4197226438749688   0.38257463933424085
1.2884827815126298   5.615551029765512   5.172476764506904
12.649179618094774   11.884863663842816   4.51246177500234
13.553698713204174   14.249149963913103   6.0369818248098674
5.158661429825538   13.292201153319391   0.43208719598244255
10.934969727214765   0.6579878617771009   5.911261796453419
7.92105121685972   9.192810732611655   5.087616111059448
2.7704847960395282   8.52667677235987   1.069560772712641
13.828079517248787   1.8986921624885156   0.543642869426705
13.68415085801692   12.660473237232265   5.952285556935479
6.368951000610045   13.067464037754382   2.3140284991918127
8.531817059950622   0.6844350008808759   3.0085777381589165
2.6208905685651342   11.197999480289038   6.028032717572899
4.301420151107825   3.236740930411404   6.045478309552988
7.65528869817227   4.586811743992754   5.272243515750565
11.681903348090266   7.990529387482477   3.9168184115420455
12.420844186327315   2.113541524291026   5.635223632489696
3.3045920895318353   6.332015486421582   2.2562373501432056
9.606751020806271   3.947958286877965   4.924876882182863
0.03676054501233672   5.788771610451527   3.488769336499318
8.85912855099407   13.875020209919247   5.284974047543867
13.091895566539373   10.334030497584669   5.054084589914603
6.973177289115709   11.395502975416395   5.067321673951823
9.552110756036106   6.518179765183543   0.5356093845194709
9.423178918107206   9.734107995778137   5.893601071851321
6.795953946383473   10.053443008970506   1.240557858952377
4.386738432853602   4.593068049664316   2.877027038857101
5.775910704963661   3.9498478830154546   3.4186323733165045
8.724032446793062   1.982862452611912   4.271102603951987
1.1308025353585782   9.798123009301056   2.1645748375758234
0.6921888692870279   0.769395385540546   6.104564701724501
12.335936769257746   3.206232861281248   1.2908898912825093
1.294656414593887   2.2060066648981698   6.088449753679678
13.580799619669286   4.217176362274216   3.135712554676472
